0 0.170463 0.675164 0.123943 0.0594549 0.905531
0 0.721769 0.375992 0.131007 0.0592589 0.86683
0 0.206679 0.370068 0.125389 0.0552614 0.631641
0 0.669907 0.623562 0.103089 0.0380457 0.519253
0 0.782989 0.667891 0.0529257 0.0191084 0.358381
0 0.165723 0.66696 0.289467 0.264014 0.326279
0 0.481894 0.678661 0.0551827 0.0236549 0.293575
0 0.567114 0.677764 0.0706909 0.0285866 0.221723
0 0.232959 0.617721 0.0718039 0.0401399 0.157544
0 0.591957 0.591995 0.0516471 0.0296654 0.14172
0 0.455851 0.675226 0.107927 0.0323415 0.130809
0 0.925879 0.619029 0.0414314 0.021023 0.109069
0 0.203776 0.367778 0.121638 0.0618635 0.797586
0 0.721647 0.373992 0.138917 0.0630981 0.724635
0 0.170104 0.67343 0.125667 0.060243 0.591938
0 0.671402 0.619366 0.113849 0.0535579 0.536471
0 0.786636 0.671554 0.0588987 0.0261736 0.183399
0 0.851067 0.614992 0.0916451 0.031073 0.178051
0 0.869376 0.671626 0.0544151 0.0261725 0.176254
0 0.459697 0.677427 0.117779 0.0395845 0.174385
0 0.711349 0.677292 0.0725917 0.0275803 0.145062
0 0.926259 0.617789 0.0462396 0.0257503 0.132613
0 0.564948 0.678175 0.0684895 0.0389827 0.122854
0 0.735 0.312744 0.0464381 0.0301019 0.106681
0 0.20391 0.369164 0.126345 0.0650463 0.764831
0 0.723942 0.375613 0.140491 0.0645268 0.670019
0 0.168991 0.674341 0.139684 0.0687528 0.536756
0 0.673815 0.620858 0.125327 0.0557337 0.215968
0 0.209223 0.682634 0.275794 0.228312 0.142681
0 0.19929 0.368893 0.120154 0.0550998 0.742035
0 0.667396 0.619613 0.109745 0.0518654 0.736792
0 0.166464 0.674335 0.133784 0.069878 0.593858
0 0.721156 0.373784 0.127081 0.0619545 0.58597
0 0.691488 0.676986 0.0634029 0.0258757 0.309652
0 0.714842 0.676521 0.0577802 0.0237976 0.275279
0 0.865215 0.671483 0.047432 0.0255933 0.22918
0 0.490071 0.680149 0.0446157 0.0241249 0.210251
0 0.923786 0.671248 0.0427634 0.0273147 0.121346
0 0.556685 0.679997 0.0439072 0.0288477 0.106925
0 0.667922 0.620126 0.114034 0.0517638 0.975994
0 0.721262 0.376266 0.137051 0.0595096 0.917147
0 0.198213 0.367002 0.114078 0.0600007 0.911437
0 0.165348 0.673077 0.1432 0.0738437 0.867357
0 0.667281 0.975179 0.111901 0.0496429 0.225667
0 0.705158 0.677257 0.0948245 0.0300425 0.198433
0 0.489505 0.678741 0.0519783 0.0288383 0.169994
0 0.794533 0.373163 0.110853 0.0485862 0.11831
0 0.892629 0.616337 0.109991 0.0358854 0.100292
0 0.665973 0.620628 0.106117 0.0510538 0.930102
0 0.199958 0.36794 0.111423 0.0583257 0.888833
0 0.722526 0.377394 0.138317 0.0605751 0.867187
0 0.162007 0.673606 0.157894 0.0766945 0.859926
0 0.705413 0.676824 0.0752907 0.0281654 0.119915
0 0.165801 0.672862 0.148713 0.0759649 0.676584
0 0.665913 0.618172 0.106775 0.0558982 0.654958
0 0.7189 0.369714 0.142219 0.0680675 0.635853
0 0.200465 0.365956 0.108315 0.0586163 0.543051
0 0.165868 0.673269 0.152843 0.074881 0.990052
0 0.198998 0.366563 0.111969 0.0574747 0.984532
0 0.665252 0.619168 0.108195 0.0531874 0.981382
0 0.719086 0.37121 0.147516 0.0657345 0.976828
0 0.494567 0.679158 0.0507037 0.0253082 0.165412
0 0.564097 0.364244 0.064919 0.0248488 0.142703
0 0.664624 0.618683 0.10336 0.0515238 0.905941
0 0.167145 0.671686 0.155692 0.0800909 0.902976
0 0.198585 0.365061 0.109232 0.0566372 0.892771
0 0.720416 0.373215 0.140891 0.0649312 0.845287
0 0.492582 0.678851 0.0458991 0.0251296 0.121566
0 0.199273 0.366489 0.108034 0.0535003 0.800947
0 0.665095 0.618799 0.0997433 0.0489038 0.76855
0 0.725555 0.37659 0.128533 0.0590321 0.630811
0 0.165041 0.672075 0.143616 0.0745292 0.507842
0 0.491393 0.678151 0.0441653 0.0256111 0.242578
0 0.929609 0.671026 0.0554918 0.0268661 0.241274
0 0.482166 0.620308 0.0388556 0.0245688 0.209527
0 0.435147 0.510818 0.0556337 0.0231174 0.201737
0 0.711733 0.676277 0.0562041 0.0219688 0.179889
0 0.758784 0.428532 0.0441129 0.0199603 0.115897
0 0.665531 0.619261 0.106681 0.0500361 0.967829
0 0.197169 0.365857 0.117291 0.0578317 0.934546
0 0.165073 0.672537 0.154103 0.0776553 0.933018
0 0.723633 0.375221 0.139083 0.0613546 0.91607
0 0.215296 0.686219 0.135698 0.0888231 0.201565
0 0.489029 0.678993 0.047174 0.0274151 0.160198
0 0.666332 0.618002 0.097542 0.0468491 0.869493
0 0.20254 0.364302 0.104045 0.0509251 0.838949
0 0.166226 0.671991 0.14538 0.0717705 0.807236
0 0.726823 0.375615 0.128319 0.0534831 0.723852
0 0.488453 0.678258 0.0485394 0.025544 0.152635
0 0.664053 0.618689 0.102094 0.0527649 0.651384
0 0.722168 0.372496 0.141575 0.0651481 0.61011
0 0.165335 0.672974 0.149901 0.0764328 0.560201
0 0.931647 0.672551 0.063643 0.0277667 0.542862
0 0.198579 0.366127 0.108966 0.0598557 0.526413
0 0.483421 0.621282 0.0448919 0.0242395 0.304597
0 0.760521 0.429704 0.0511273 0.0220532 0.278105
0 0.489434 0.679638 0.0535415 0.0310113 0.163152
0 0.830682 0.616569 0.0667695 0.0354769 0.141306
0 0.42901 0.513302 0.0745108 0.0288349 0.106968
0 0.570693 0.434631 0.0597377 0.0238332 0.102951
0 0.663599 0.619082 0.100896 0.0519844 0.910551
0 0.7243 0.374463 0.133389 0.0614778 0.901751
0 0.163936 0.67388 0.145704 0.0701804 0.897833
0 0.201922 0.365953 0.104791 0.0554853 0.829976
0 0.931276 0.672459 0.0575833 0.0266985 0.163407
0 0.488886 0.680324 0.0532811 0.0301099 0.157752
0 0.673 0.624919 0.103235 0.0441636 0.758168
0 0.204334 0.370001 0.118235 0.0617589 0.660437
0 0.169966 0.675732 0.130626 0.0608172 0.652676
0 0.720534 0.374451 0.130075 0.0605726 0.610907
0 0.746237 0.38094 0.0725031 0.0340026 0.176598
0 0.182278 0.392343 0.094987 0.0489759 0.159312
0 0.811545 0.370511 0.0595606 0.0338438 0.106263
0 0.169375 0.674727 0.130337 0.0612411 0.929653
0 0.203928 0.367167 0.118131 0.061559 0.814574
0 0.717353 0.373875 0.133205 0.0633198 0.76712
0 0.673376 0.619289 0.118719 0.0546986 0.553289
0 0.162758 0.664257 0.291698 0.265269 0.447032
0 0.58497 0.364306 0.402851 0.161399 0.337302
0 0.808021 0.371655 0.0880839 0.046624 0.114192
0 0.20478 0.368301 0.118412 0.0614446 0.672574
0 0.171369 0.675921 0.135444 0.065123 0.616608
0 0.722134 0.375436 0.135306 0.0619412 0.532509
0 0.671165 0.619767 0.112188 0.0534293 0.240249
0 0.195471 0.367312 0.125145 0.0664448 0.737423
0 0.169319 0.675491 0.141423 0.0725111 0.734313
0 0.670927 0.619669 0.12746 0.0562002 0.695479
0 0.718205 0.373408 0.141057 0.0629855 0.58594
0 0.216127 0.273968 0.279309 0.121787 0.254133
0 0.174581 0.72392 0.299055 0.16435 0.177013
0 0.812162 0.370719 0.0777054 0.04534 0.109817
0 0.67505 0.973939 0.176048 0.0521219 0.106441
0 0.171933 0.67328 0.140298 0.0676492 0.818381
0 0.198818 0.364106 0.113104 0.057545 0.665136
0 0.722946 0.373869 0.128276 0.053346 0.551281
0 0.670932 0.61891 0.117224 0.0515596 0.404106
0 0.653225 0.974533 0.12048 0.050934 0.167169
0 0.77447 0.370829 0.148281 0.0425309 0.104453
0 0.170792 0.674658 0.149205 0.0730726 0.879036
0 0.196899 0.367227 0.115585 0.0617101 0.717913
0 0.721425 0.376053 0.136234 0.0578965 0.655347
0 0.672174 0.620475 0.123447 0.0543512 0.554374
0 0.672776 0.97435 0.165466 0.0512995 0.343796
0 0.168295 0.672261 0.148439 0.074361 0.72267
0 0.196861 0.365287 0.109833 0.061206 0.69651
0 0.720975 0.375493 0.134539 0.0602005 0.668193
0 0.664989 0.619961 0.10919 0.0556861 0.34743
0 0.166559 0.67329 0.151585 0.0756372 0.779204
0 0.196297 0.36573 0.113847 0.0591857 0.7754
0 0.724946 0.375937 0.139415 0.0582384 0.748046
0 0.667042 0.61983 0.114979 0.0540687 0.435377
0 0.677412 0.974436 0.170705 0.0511286 0.21084
0 0.194237 0.364248 0.117885 0.0595196 0.860922
0 0.7233 0.373935 0.139932 0.0620044 0.830691
0 0.168195 0.673791 0.155204 0.0754516 0.786182
0 0.189626 0.657243 0.102169 0.0473698 0.199432
0 0.671428 0.973465 0.17631 0.0530701 0.15796
0 0.165955 0.590786 0.30221 0.137292 0.151038
0 0.664895 0.617933 0.105695 0.0531611 0.136219
0 0.630773 0.612579 0.18693 0.0694321 0.100373
0 0.195843 0.364191 0.113504 0.0618315 0.800948
0 0.724302 0.374195 0.135581 0.0620032 0.735938
0 0.169379 0.674149 0.155585 0.077161 0.588459
0 0.66517 0.618271 0.106458 0.053978 0.444795
0 0.659765 0.973776 0.122423 0.0524475 0.135848
0 0.196598 0.364943 0.116015 0.0580315 0.906356
0 0.166903 0.67288 0.147689 0.0734752 0.906207
0 0.72071 0.376332 0.131324 0.0559469 0.893774
0 0.66574 0.619188 0.105888 0.052257 0.888434
0 0.189741 0.655803 0.102393 0.046463 0.359439
0 0.655959 0.975101 0.107472 0.0497974 0.329311
0 0.170571 0.383226 0.0812786 0.075164 0.24782
0 0.79476 0.372576 0.122141 0.0473821 0.164075
0 0.167013 0.672986 0.149975 0.0744637 0.644255
0 0.721012 0.376386 0.137797 0.0560643 0.595322
0 0.200837 0.366065 0.117385 0.0558919 0.572816
0 0.664706 0.619346 0.105894 0.0531748 0.483455
0 0.189782 0.655751 0.106445 0.045032 0.182289
0 0.673071 0.974364 0.15 0.0512717 0.164088
0 0.173722 0.383395 0.091472 0.0751825 0.118282
0 0.724354 0.376727 0.131967 0.0561064 0.824972
0 0.198839 0.365022 0.108803 0.0568215 0.81435
0 0.168231 0.673326 0.145188 0.0729823 0.756365
0 0.664433 0.618646 0.101902 0.0524672 0.636082
0 0.188612 0.657081 0.104608 0.0468926 0.308704
0 0.723648 0.377682 0.127226 0.0538624 0.84519
0 0.198242 0.365134 0.11118 0.0571394 0.843033
0 0.166302 0.676258 0.144581 0.0694956 0.820861
0 0.664848 0.619526 0.105998 0.0522798 0.718937
0 0.18688 0.660161 0.107428 0.0519387 0.172184
0 0.661717 0.973649 0.101803 0.0527012 0.104576
0 0.168855 0.6718 0.146161 0.0767984 0.868711
0 0.724938 0.375306 0.129392 0.0586922 0.850223
0 0.197735 0.364215 0.117497 0.0591565 0.844749
0 0.670419 0.973167 0.122881 0.0536662 0.448507
0 0.665002 0.619555 0.10366 0.0523462 0.329455
0 0.214637 0.273691 0.288442 0.127116 0.134322
0 0.168701 0.672922 0.146711 0.0767915 0.759493
0 0.196223 0.365355 0.115943 0.0591054 0.737818
0 0.723933 0.376056 0.131505 0.0589361 0.708095
0 0.664916 0.619892 0.104942 0.0530409 0.413538
0 0.674218 0.973617 0.126865 0.0527652 0.263391
0 0.212619 0.272428 0.289543 0.124979 0.171125
0 0.928084 0.672583 0.0611902 0.0293617 0.150307
0 0.723175 0.375861 0.133679 0.0557821 0.916521
0 0.167601 0.672679 0.144246 0.0731738 0.900128
0 0.19864 0.36504 0.106525 0.0546699 0.883704
0 0.664432 0.619119 0.102312 0.0521879 0.600296
0 0.927692 0.670748 0.063008 0.0291142 0.106358
0 0.723223 0.377747 0.129389 0.0560068 0.844223
0 0.19904 0.366948 0.107362 0.0555317 0.836462
0 0.6653 0.620649 0.101985 0.0521798 0.833039
0 0.167047 0.677904 0.141272 0.0652828 0.708938
0 0.927818 0.67225 0.062438 0.0317147 0.22555
0 0.188177 0.66046 0.107469 0.0511984 0.171124
0 0.722696 0.376 0.128388 0.0539183 0.840639
0 0.667534 0.62008 0.102356 0.052137 0.838468
0 0.201183 0.365591 0.106703 0.0554902 0.806687
0 0.167759 0.674265 0.14054 0.066167 0.732859
0 0.927382 0.671691 0.0591465 0.0286513 0.459225
0 0.187501 0.659517 0.106896 0.0486701 0.261912
0 0.4375 0.509714 0.0524789 0.0234169 0.184763
0 0.491385 0.677392 0.0529884 0.0293462 0.160713
0 0.43423 0.56785 0.07934 0.0454462 0.116727
0 0.715438 0.676916 0.0618619 0.0275843 0.11504
0 0.718111 0.374196 0.138294 0.0602111 0.903162
0 0.198976 0.365655 0.115908 0.0569635 0.862491
0 0.166733 0.673957 0.142827 0.070415 0.850933
0 0.664736 0.620264 0.110864 0.0539238 0.840935
0 0.166375 0.674817 0.139686 0.0672632 0.836813
0 0.724458 0.376427 0.123703 0.05513 0.792457
0 0.666142 0.619842 0.102389 0.0535116 0.760492
0 0.199918 0.365257 0.10463 0.0546932 0.758159
0 0.215515 0.272344 0.288413 0.131054 0.312819
0 0.166285 0.675704 0.13856 0.067885 0.907101
0 0.72333 0.377162 0.12725 0.0548656 0.867992
0 0.194863 0.366134 0.110432 0.0571054 0.847737
0 0.664017 0.620177 0.105149 0.0539756 0.832099
0 0.213383 0.273692 0.293286 0.131782 0.423239
0 0.167442 0.675642 0.142034 0.0691838 0.87886
0 0.724822 0.376413 0.126987 0.0553923 0.868559
0 0.66298 0.619962 0.103273 0.0532651 0.801567
0 0.196267 0.367436 0.106482 0.054048 0.781918
0 0.721449 0.377473 0.13117 0.0548897 0.89453
0 0.166682 0.675915 0.145509 0.0725763 0.873262
0 0.663612 0.620134 0.105427 0.0537803 0.795775
0 0.198177 0.367175 0.106857 0.0543834 0.783856
0 0.164921 0.676194 0.139923 0.0706772 0.858354
0 0.720403 0.376632 0.125416 0.0526802 0.855703
0 0.198304 0.367099 0.104108 0.0536212 0.835847
0 0.664677 0.61982 0.103019 0.0521426 0.827699
0 0.166463 0.676681 0.138515 0.070883 0.839401
0 0.722865 0.376791 0.126016 0.0534137 0.794463
0 0.200739 0.36698 0.104199 0.0545473 0.781062
0 0.666207 0.61953 0.104945 0.0527117 0.778797
0 0.166373 0.67615 0.13605 0.069145 0.893531
0 0.723426 0.376653 0.123345 0.0524411 0.882938
0 0.198678 0.365493 0.10214 0.0555013 0.856927
0 0.664021 0.618315 0.100262 0.0517693 0.855443
0 0.723442 0.377365 0.127767 0.053751 0.878454
0 0.166444 0.675579 0.144155 0.0705166 0.872381
0 0.664859 0.618896 0.103723 0.052865 0.869204
0 0.198748 0.365594 0.105123 0.0558028 0.860373
0 0.165599 0.675645 0.142067 0.0723056 0.876639
0 0.7226 0.376992 0.125924 0.0556929 0.866808
0 0.665176 0.618863 0.10558 0.0518808 0.859878
0 0.199542 0.365427 0.107591 0.0549774 0.847741
0 0.166188 0.674183 0.142183 0.0740151 0.835589
0 0.665888 0.619959 0.104815 0.0527948 0.821942
0 0.199275 0.36539 0.108015 0.0535643 0.796217
0 0.722653 0.376729 0.12481 0.0526834 0.777726
0 0.665537 0.620452 0.103729 0.0519961 0.835593
0 0.200521 0.365212 0.105358 0.0530149 0.830237
0 0.723962 0.3758 0.128224 0.0519359 0.827207
0 0.168406 0.675389 0.138057 0.0698566 0.822564
0 0.723394 0.375955 0.126945 0.0519732 0.801127
0 0.664261 0.619655 0.101875 0.0519366 0.795569
0 0.166513 0.675819 0.13565 0.0683281 0.790211
0 0.199397 0.365052 0.103916 0.0536668 0.775971
0 0.167576 0.675399 0.139128 0.0676025 0.851808
0 0.200197 0.365962 0.10437 0.0525729 0.844717
0 0.724429 0.376193 0.12968 0.0541144 0.844715
0 0.665906 0.619997 0.103997 0.0500025 0.837655
0 0.664064 0.620171 0.103248 0.0500749 0.84335
0 0.198613 0.366013 0.105264 0.0529661 0.834749
0 0.165714 0.675991 0.13831 0.0649473 0.822652
0 0.72198 0.376614 0.129354 0.054337 0.816919
0 0.724392 0.376353 0.124749 0.0536715 0.843415
0 0.664174 0.619357 0.10098 0.052376 0.83591
0 0.168687 0.675908 0.135073 0.0631657 0.823818
0 0.2001 0.36547 0.106046 0.0539008 0.797846
0 0.469736 0.681207 0.106761 0.0387636 0.141553
0 0.724837 0.37666 0.127209 0.0537195 0.847995
0 0.167687 0.676344 0.138581 0.0633678 0.833086
0 0.197055 0.365079 0.10746 0.0563153 0.803607
0 0.664247 0.619105 0.101466 0.0529432 0.799649
0 0.72368 0.37608 0.126145 0.0547619 0.891783
0 0.168968 0.675032 0.134666 0.0659277 0.843165
0 0.664002 0.618445 0.0967752 0.0506119 0.83826
0 0.19967 0.36462 0.100582 0.0539051 0.834284
0 0.723192 0.376496 0.129617 0.0566137 0.845296
0 0.200295 0.364781 0.101947 0.0545087 0.791752
0 0.167151 0.676772 0.136562 0.0657286 0.783855
0 0.664823 0.618511 0.0989954 0.0510889 0.776492
0 0.200262 0.365085 0.104634 0.0529345 0.889063
0 0.167981 0.675868 0.138774 0.0644203 0.8839
0 0.72399 0.37635 0.128645 0.0531917 0.867409
0 0.665554 0.618681 0.0988902 0.0497856 0.865055
0 0.165936 0.676654 0.143382 0.0647917 0.815406
0 0.197656 0.366009 0.106811 0.0532893 0.806603
0 0.665078 0.619547 0.100568 0.0512985 0.799694
0 0.722751 0.377494 0.129641 0.0538506 0.795411
0 0.167141 0.674851 0.141955 0.0677063 0.88336
0 0.723232 0.376154 0.129815 0.0547726 0.88051
0 0.200712 0.365206 0.108627 0.0537896 0.849506
0 0.665742 0.618327 0.100555 0.0484284 0.824274
0 0.723262 0.376845 0.128242 0.0536864 0.865601
0 0.167574 0.676698 0.139272 0.0630702 0.84099
0 0.200485 0.366941 0.105803 0.0512356 0.840424
0 0.6649 0.618691 0.0976212 0.047488 0.799134
0 0.723475 0.376206 0.129633 0.0560488 0.870555
0 0.199016 0.365469 0.109074 0.0557134 0.822189
0 0.66488 0.618345 0.0977834 0.0494835 0.81517
0 0.169523 0.674026 0.137028 0.0676506 0.798912
0 0.199716 0.36732 0.102158 0.0508136 0.867382
0 0.723898 0.376814 0.126765 0.0530774 0.865168
0 0.16976 0.675007 0.133552 0.0643541 0.82198
0 0.664877 0.61916 0.0959469 0.0479891 0.742599
0 0.662438 0.618636 0.103533 0.049983 0.866028
0 0.723616 0.376227 0.132918 0.0545245 0.851315
0 0.199576 0.366658 0.10929 0.0539413 0.843056
0 0.169294 0.673942 0.13896 0.0689176 0.809378
0 0.663621 0.618746 0.0950488 0.0479323 0.838435
0 0.723399 0.376637 0.127879 0.0524686 0.835443
0 0.200968 0.366579 0.104593 0.052303 0.821561
0 0.166925 0.676821 0.137001 0.0640901 0.800651
0 0.724361 0.376146 0.127974 0.0532143 0.843456
0 0.166159 0.675849 0.144008 0.0651251 0.837612
0 0.665954 0.617814 0.0966589 0.0484011 0.835128
0 0.20406 0.365763 0.105614 0.0531745 0.823962
0 0.722987 0.377464 0.125909 0.0518003 0.829966
0 0.164297 0.67805 0.143883 0.0649961 0.815573
0 0.20229 0.366103 0.107462 0.0543236 0.813689
0 0.663584 0.617727 0.0956428 0.0481623 0.76978
0 0.66384 0.617863 0.0985327 0.0487673 0.873404
0 0.723697 0.376997 0.126937 0.0528501 0.836821
0 0.201662 0.36587 0.106077 0.0538452 0.831798
0 0.164874 0.677102 0.139132 0.0660461 0.800401
0 0.66267 0.617766 0.0980999 0.0489572 0.851116
0 0.199796 0.365046 0.105935 0.0545454 0.816085
0 0.721461 0.376414 0.128468 0.054213 0.806918
0 0.163916 0.676455 0.138309 0.0675566 0.775022
0 0.664366 0.617672 0.0951055 0.0485302 0.894557
0 0.16719 0.675564 0.136563 0.0677972 0.882844
0 0.723819 0.375079 0.125183 0.0535046 0.873571
0 0.200921 0.364982 0.105009 0.0531985 0.862101
0 0.167051 0.675774 0.139798 0.0685329 0.849026
0 0.663297 0.617734 0.0998631 0.049798 0.841897
0 0.723051 0.375624 0.129483 0.0544881 0.827485
0 0.200638 0.3657 0.111165 0.0536478 0.816841
0 0.721834 0.375798 0.12793 0.0522441 0.883863
0 0.166215 0.676444 0.136187 0.0634667 0.877367
0 0.199294 0.365264 0.109603 0.0534725 0.877109
0 0.662696 0.617806 0.0982363 0.0492396 0.866243
0 0.723529 0.375668 0.128293 0.0526071 0.84807
0 0.166668 0.676169 0.135486 0.0630066 0.830279
0 0.66447 0.618527 0.0975959 0.0490076 0.830244
0 0.199865 0.365469 0.109566 0.0528356 0.82685
0 0.165893 0.676316 0.133818 0.06327 0.909319
0 0.200632 0.365195 0.103116 0.0536174 0.861151
0 0.723242 0.37567 0.129064 0.0540501 0.859657
0 0.66372 0.617698 0.095167 0.0494294 0.84151
0 0.165991 0.676327 0.134159 0.0633207 0.887719
0 0.725471 0.375902 0.127396 0.0540711 0.845929
0 0.200416 0.365483 0.104405 0.053603 0.844981
0 0.664125 0.61793 0.0957417 0.0483274 0.816581
0 0.436162 0.510401 0.0572295 0.0205431 0.164987
0 0.166184 0.676057 0.133644 0.0650114 0.892573
0 0.724172 0.376203 0.12775 0.0553416 0.858851
0 0.200275 0.366168 0.107637 0.0550968 0.856654
0 0.66215 0.618484 0.0997254 0.0508453 0.838522
0 0.166342 0.674933 0.132139 0.0651175 0.866084
0 0.663037 0.618048 0.0978034 0.0496523 0.84847
0 0.724254 0.375804 0.12434 0.053115 0.840355
0 0.198941 0.36548 0.101859 0.0533838 0.838493
0 0.662476 0.618855 0.0989405 0.0489324 0.877355
0 0.166516 0.675599 0.13718 0.0666273 0.863776
0 0.197791 0.365838 0.106321 0.0534672 0.86143
0 0.724019 0.375767 0.129302 0.0549566 0.850059
0 0.662868 0.61887 0.0982844 0.0486218 0.839946
0 0.166325 0.676408 0.135983 0.0645319 0.83199
0 0.200071 0.365261 0.107557 0.0550561 0.822724
0 0.722225 0.375513 0.127299 0.0545205 0.815928
0 0.201268 0.365806 0.107118 0.0550985 0.879177
0 0.165444 0.676584 0.139461 0.0633078 0.878631
0 0.721411 0.376153 0.126075 0.052443 0.877945
0 0.663541 0.618268 0.0976274 0.0489107 0.866629
0 0.722449 0.377168 0.127336 0.053427 0.859395
0 0.201346 0.366522 0.108414 0.0552692 0.850017
0 0.663164 0.618824 0.0984136 0.0498202 0.846652
0 0.166522 0.677096 0.138679 0.063875 0.846273
0 0.165509 0.674961 0.142586 0.0686555 0.882931
0 0.662488 0.618163 0.0967103 0.0504505 0.881164
0 0.721495 0.3759 0.125315 0.0524835 0.879504
0 0.199168 0.36627 0.107301 0.055698 0.878707
0 0.661288 0.618536 0.09683 0.0494276 0.892472
0 0.723367 0.376444 0.123073 0.0512349 0.881264
0 0.167423 0.676789 0.136147 0.0642658 0.86639
0 0.198901 0.366394 0.107757 0.0537298 0.856737
0 0.661067 0.6183 0.0968803 0.0492944 0.906164
0 0.723368 0.375636 0.128937 0.0538576 0.905334
0 0.167293 0.675115 0.14093 0.067636 0.86979
0 0.19814 0.365443 0.107935 0.0533502 0.86477
0 0.431061 0.583492 0.0602673 0.0293109 0.137987
0 0.662233 0.618614 0.0943074 0.0487779 0.874815
0 0.723452 0.375972 0.126154 0.054196 0.873911
0 0.199234 0.365871 0.1039 0.052236 0.836375
0 0.16707 0.675521 0.139707 0.0679998 0.828387
0 0.431305 0.585245 0.0590773 0.0273615 0.327654
0 0.483869 0.680905 0.0594551 0.0315962 0.265757
0 0.7213 0.375527 0.130819 0.0545343 0.884089
0 0.165429 0.673711 0.14609 0.0686415 0.856718
0 0.662932 0.617868 0.0997014 0.0484184 0.855788
0 0.199295 0.366064 0.109944 0.0535492 0.854426
0 0.723522 0.376255 0.124231 0.0537075 0.893904
0 0.166952 0.674767 0.141547 0.0659007 0.880315
0 0.663785 0.618152 0.099381 0.0499455 0.87109
0 0.200464 0.366418 0.107082 0.0544783 0.866554
0 0.722991 0.37658 0.126687 0.0551085 0.832379
0 0.661961 0.618282 0.0998254 0.0506257 0.816566
0 0.197861 0.365838 0.10689 0.0536851 0.815542
0 0.165404 0.675175 0.14213 0.0652575 0.804099
0 0.723449 0.376062 0.125447 0.0543303 0.890003
0 0.165707 0.675645 0.141125 0.0638378 0.889361
0 0.662811 0.618258 0.0982233 0.0490099 0.889347
0 0.199439 0.366169 0.103213 0.0521506 0.886108
0 0.72394 0.375544 0.123415 0.0554111 0.885325
0 0.197717 0.365094 0.105337 0.0540688 0.884762
0 0.661479 0.618202 0.0990216 0.0497175 0.878797
0 0.166698 0.675121 0.138276 0.0650301 0.860562
0 0.724304 0.376231 0.123548 0.0532618 0.890573
0 0.1982 0.365615 0.107731 0.0531754 0.882467
0 0.165944 0.675075 0.140658 0.0640335 0.871002
0 0.661439 0.618649 0.101199 0.0499449 0.866616
0 0.488536 0.678034 0.0611659 0.030777 0.256339
0 0.722929 0.376661 0.123182 0.0527486 0.861333
0 0.199302 0.366688 0.106756 0.0530787 0.848719
0 0.165377 0.675676 0.138781 0.0633194 0.848379
0 0.662799 0.618615 0.0990283 0.0492866 0.820538
0 0.491003 0.678542 0.0532667 0.0268845 0.382101
0 0.722622 0.375619 0.125908 0.0568872 0.894374
0 0.165741 0.674993 0.140791 0.0667472 0.888539
0 0.199542 0.366877 0.109025 0.055076 0.866345
0 0.662978 0.618779 0.0990993 0.0508741 0.857764
0 0.490746 0.678522 0.0552877 0.0285661 0.340615
0 0.724054 0.3771 0.120062 0.053805 0.880288
0 0.165699 0.675885 0.139703 0.0647866 0.852195
0 0.663013 0.618572 0.0957141 0.0486631 0.841942
0 0.199929 0.366818 0.100367 0.0530376 0.840246
0 0.491038 0.678906 0.0513659 0.026538 0.313069
0 0.72298 0.376935 0.121148 0.0541979 0.883088
0 0.165379 0.675959 0.142265 0.0658918 0.868974
0 0.661891 0.618494 0.100162 0.0500722 0.863735
0 0.197919 0.365703 0.106109 0.0551717 0.855362
0 0.490458 0.678639 0.052708 0.0276642 0.19672
0 0.723606 0.377428 0.121595 0.0532695 0.855844
0 0.662095 0.61807 0.0997309 0.049451 0.85248
0 0.167578 0.6756 0.139405 0.0665652 0.843893
0 0.199582 0.366135 0.106168 0.0536423 0.838896
0 0.724474 0.377982 0.119658 0.0523579 0.892768
0 0.166673 0.676587 0.147535 0.0657294 0.884537
0 0.663114 0.618423 0.0989793 0.0496384 0.879836
0 0.200096 0.366932 0.103489 0.053185 0.866896
0 0.434618 0.582235 0.0534031 0.0246447 0.147668
0 0.490689 0.678785 0.047124 0.0255117 0.116712
0 0.724316 0.376848 0.120796 0.0540218 0.89539
0 0.662738 0.618159 0.101941 0.0493363 0.883246
0 0.166695 0.676005 0.149028 0.0697219 0.864913
0 0.200009 0.366661 0.102529 0.0546043 0.864036
0 0.491099 0.677945 0.0517534 0.0266984 0.166698
0 0.723129 0.376803 0.117987 0.0529034 0.888645
0 0.662658 0.61834 0.0988979 0.0488992 0.885384
0 0.166117 0.675356 0.142857 0.0674431 0.880182
0 0.199424 0.366529 0.101752 0.0539141 0.864826
0 0.49204 0.678639 0.0516909 0.0262596 0.347534
0 0.438942 0.5816 0.0594986 0.027422 0.145166
0 0.74197 0.316412 0.0578712 0.0265586 0.130618
0 0.661363 0.618677 0.0999667 0.0500714 0.868076
0 0.166189 0.67562 0.142997 0.0667505 0.864734
0 0.721388 0.376496 0.126703 0.0554239 0.860034
0 0.19703 0.366396 0.109936 0.054967 0.824853
0 0.4901 0.677589 0.0577943 0.0295683 0.16002
0 0.166994 0.675822 0.141339 0.065103 0.882265
0 0.723154 0.37686 0.124822 0.0553336 0.869671
0 0.661466 0.618825 0.0976428 0.0500052 0.868439
0 0.198708 0.366552 0.107148 0.0540984 0.83539
0 0.486785 0.677462 0.0544268 0.0288591 0.241567
0 0.166415 0.673547 0.143496 0.0692194 0.876155
0 0.661353 0.619255 0.0967906 0.0508572 0.867733
0 0.724307 0.376922 0.127164 0.0569337 0.862359
0 0.198063 0.366772 0.10514 0.054456 0.86092
0 0.166647 0.673732 0.142794 0.0688602 0.867372
0 0.660232 0.619128 0.0976067 0.0495281 0.845079
0 0.724358 0.376527 0.127544 0.0564691 0.843022
0 0.198614 0.366673 0.107074 0.0522431 0.838473
0 0.216331 0.279736 0.303814 0.144948 0.115676
0 0.168528 0.675323 0.137635 0.0669756 0.922709
0 0.724896 0.376525 0.124962 0.055514 0.903059
0 0.201168 0.366976 0.103649 0.0528928 0.897562
0 0.660773 0.619259 0.0972893 0.0501665 0.891041
0 0.723389 0.375848 0.129765 0.0567831 0.867903
0 0.167684 0.674753 0.140315 0.0698328 0.858493
0 0.201253 0.366171 0.105865 0.054694 0.855771
0 0.66056 0.618795 0.100285 0.0509887 0.855258
0 0.724573 0.376297 0.124617 0.0549456 0.888011
0 0.661306 0.618052 0.0974409 0.0485213 0.866416
0 0.201728 0.366273 0.0990556 0.0522221 0.858583
0 0.166726 0.676703 0.142289 0.0640557 0.856605
0 0.723406 0.376467 0.123053 0.055156 0.913511
0 0.660723 0.617868 0.0962547 0.0487227 0.900905
0 0.166171 0.676492 0.1437 0.0638061 0.89611
0 0.2006 0.366195 0.099365 0.0518534 0.887019
0 0.724316 0.376751 0.125335 0.0548918 0.869307
0 0.660395 0.617777 0.0970805 0.0488515 0.854582
0 0.166456 0.676016 0.144515 0.063557 0.842238
0 0.200366 0.366787 0.105961 0.0520677 0.834103
0 0.166874 0.676667 0.144029 0.0634014 0.884554
0 0.725471 0.37706 0.124889 0.0544457 0.880838
0 0.661276 0.618011 0.0979201 0.0499206 0.863095
0 0.201358 0.366858 0.10608 0.0524403 0.862096
0 0.724327 0.376825 0.125018 0.0542792 0.897702
0 0.165458 0.676826 0.146401 0.0649529 0.887656
0 0.199054 0.366597 0.104642 0.0529205 0.872237
0 0.661522 0.617439 0.0997711 0.0499678 0.871494
0 0.72489 0.37758 0.124266 0.0530975 0.909907
0 0.66251 0.618327 0.0975422 0.0495108 0.88446
0 0.167121 0.677617 0.141058 0.0626382 0.883952
0 0.200438 0.367074 0.101009 0.052213 0.873492
0 0.723632 0.376516 0.126266 0.0552002 0.90774
0 0.66185 0.618098 0.0986072 0.0499882 0.899353
0 0.199758 0.365991 0.105784 0.0532071 0.881717
0 0.167872 0.675158 0.141439 0.0683245 0.872801
0 0.662187 0.618486 0.0974703 0.0500055 0.876892
0 0.723105 0.376405 0.126695 0.0559705 0.871237
0 0.167121 0.675933 0.143354 0.0642639 0.843948
0 0.200521 0.366387 0.106938 0.0531433 0.837345
0 0.72335 0.376633 0.124491 0.0535712 0.900869
0 0.662781 0.618649 0.100199 0.0490102 0.892621
0 0.166646 0.676012 0.142297 0.0625998 0.886732
0 0.202076 0.36613 0.107503 0.0513248 0.882847
0 0.722189 0.376574 0.12279 0.055409 0.880253
0 0.19913 0.366055 0.106438 0.0530358 0.868418
0 0.661306 0.618507 0.0994782 0.0503677 0.866728
0 0.164562 0.67604 0.141343 0.0639621 0.853565
0 0.724521 0.376766 0.124759 0.0550085 0.856823
0 0.20083 0.366319 0.102169 0.0519459 0.847497
0 0.66253 0.618507 0.0962445 0.0493538 0.84484
0 0.166713 0.675891 0.141711 0.0660895 0.842027
0 0.724042 0.376685 0.127224 0.0547353 0.894445
0 0.199514 0.366364 0.106681 0.0524164 0.879602
0 0.167034 0.67594 0.143556 0.0676028 0.878836
0 0.662194 0.618126 0.0986195 0.0494909 0.878595
0 0.722722 0.376738 0.123726 0.0539573 0.86467
0 0.199039 0.366102 0.10572 0.0522784 0.848099
0 0.661492 0.617796 0.0980251 0.0487196 0.845956
0 0.166342 0.676115 0.140075 0.0666387 0.840592
0 0.724571 0.376398 0.12624 0.0557186 0.887609
0 0.662302 0.618044 0.0988443 0.0502195 0.874398
0 0.166663 0.676626 0.143453 0.0678112 0.873846
0 0.201716 0.36615 0.108849 0.0528625 0.873597
0 0.723121 0.376632 0.122909 0.0546585 0.878318
0 0.6606 0.61771 0.0960206 0.0480894 0.876315
0 0.164527 0.67671 0.142082 0.0658277 0.874551
0 0.198832 0.365724 0.104654 0.0525088 0.867271
0 0.724808 0.376812 0.123233 0.0553415 0.872556
0 0.166174 0.676281 0.140659 0.0667967 0.869512
0 0.660854 0.617942 0.0970397 0.0495736 0.865353
0 0.200517 0.366197 0.104728 0.0538861 0.857731
0 0.723833 0.376813 0.120559 0.0534623 0.890347
0 0.166032 0.67608 0.139333 0.0670261 0.879307
0 0.661118 0.617746 0.0963096 0.0486231 0.875786
0 0.198321 0.365762 0.106278 0.0534386 0.868634
0 0.723674 0.377158 0.123631 0.0535351 0.895818
0 0.66101 0.618095 0.0966397 0.0490004 0.880136
0 0.166948 0.676144 0.139607 0.0674982 0.879842
0 0.198708 0.366481 0.106024 0.0533595 0.877904
