0 0.652173 0.346846 0.098987 0.0456871 0.729892
0 0.174561 0.335496 0.113728 0.046418 0.67298
0 0.616773 0.604853 0.105407 0.0467478 0.192905
0 0.651316 0.34762 0.109342 0.0496481 0.956269
0 0.177055 0.335963 0.115947 0.0496864 0.882918
0 0.618164 0.605055 0.10752 0.0500805 0.867739
0 0.652078 0.347917 0.11007 0.0508359 0.810509
0 0.176239 0.336296 0.120096 0.051119 0.801735
0 0.616074 0.60566 0.109913 0.0504244 0.636793
0 0.615788 0.605418 0.107136 0.0490248 0.832029
0 0.653255 0.346451 0.106501 0.0496904 0.761079
0 0.1724 0.335222 0.120605 0.0485223 0.754807
0 0.614931 0.606342 0.109452 0.0494006 0.984727
0 0.176626 0.335575 0.122077 0.0520511 0.977784
0 0.652603 0.346655 0.108998 0.0492511 0.974874
0 0.613771 0.605302 0.10344 0.046184 0.96108
0 0.652615 0.347852 0.106588 0.0479123 0.955352
0 0.175475 0.33694 0.112521 0.0508794 0.95394
0 0.177567 0.336416 0.114826 0.0517593 0.802482
0 0.653176 0.346979 0.108732 0.0523205 0.783684
0 0.613307 0.603627 0.104655 0.0487316 0.765265
0 0.176539 0.336236 0.117083 0.0503654 0.992857
0 0.611686 0.604712 0.108662 0.0481632 0.99074
0 0.653601 0.347782 0.106373 0.0516643 0.973847
0 0.175903 0.33489 0.114976 0.0505684 0.914023
0 0.653453 0.346643 0.10104 0.049262 0.910913
0 0.61449 0.604627 0.106213 0.0485323 0.903175
0 0.17636 0.334883 0.112007 0.0493244 0.770332
0 0.612116 0.605222 0.101261 0.0473208 0.762031
0 0.65382 0.346029 0.0994644 0.0467701 0.732614
0 0.612664 0.605567 0.108293 0.0479864 0.963393
0 0.652442 0.346165 0.108414 0.0483528 0.947397
0 0.179033 0.335442 0.115168 0.0508154 0.926782
0 0.614864 0.60421 0.0997942 0.0448114 0.858404
0 0.655156 0.345781 0.10155 0.045555 0.76782
0 0.178175 0.335393 0.108957 0.0478233 0.707423
0 0.652922 0.347416 0.106465 0.0520981 0.668813
0 0.611715 0.604401 0.104515 0.0471943 0.636891
0 0.177997 0.336375 0.117763 0.0516388 0.627419
0 0.177379 0.335989 0.117578 0.0537217 0.899132
0 0.655086 0.347047 0.10038 0.0516973 0.838716
0 0.61366 0.604321 0.104997 0.0467462 0.80757
0 0.182812 0.337482 0.105612 0.0513705 0.445879
0 0.616079 0.607197 0.103057 0.0510474 0.400588
0 0.601238 0.598075 0.0629991 0.0312322 0.35474
0 0.652273 0.348531 0.109207 0.0548602 0.312843
0 0.178406 0.335244 0.10909 0.0528759 0.813553
0 0.652329 0.347563 0.110899 0.0551202 0.792127
0 0.614584 0.605031 0.114696 0.0493609 0.636291
0 0.579091 0.609979 0.526189 0.134565 0.18962
0 0.183559 0.336265 0.115736 0.0522669 0.604216
0 0.615228 0.605867 0.109964 0.0519618 0.577209
0 0.654614 0.347445 0.111398 0.0518835 0.407254
0 0.615562 0.606242 0.121345 0.0538829 0.8917
0 0.179034 0.334967 0.122464 0.0536861 0.877425
0 0.65415 0.345493 0.107132 0.0510292 0.860917
0 0.63121 0.610489 0.380067 0.150105 0.24611
0 0.178558 0.334681 0.117719 0.0487307 0.912362
0 0.655063 0.345414 0.104236 0.0472585 0.786683
0 0.616454 0.604274 0.109774 0.0455658 0.656741
0 0.177751 0.335997 0.121327 0.0512133 0.937825
0 0.612954 0.607012 0.115668 0.0476741 0.877681
0 0.654269 0.346859 0.107483 0.0493753 0.816678
0 0.177964 0.336154 0.115074 0.0524135 0.823772
0 0.613582 0.604861 0.104579 0.0493287 0.668706
0 0.651993 0.346713 0.10685 0.0496003 0.630104
0 0.179464 0.33632 0.118703 0.0515996 0.919634
0 0.61483 0.605123 0.112712 0.0493593 0.857584
0 0.652998 0.347538 0.110472 0.0494184 0.800614
0 0.178621 0.33501 0.114569 0.0499289 0.965292
0 0.65163 0.345102 0.1063 0.0492794 0.917498
0 0.610923 0.604615 0.104408 0.0500762 0.877105
0 0.177687 0.334092 0.114753 0.0521529 0.911991
0 0.651897 0.344638 0.100234 0.0513419 0.831853
0 0.610351 0.604712 0.111509 0.0516655 0.814117
0 0.177873 0.334828 0.114842 0.0504497 0.944244
0 0.649937 0.34585 0.102966 0.0489878 0.927547
0 0.609916 0.605082 0.114778 0.0489548 0.905567
0 0.651982 0.346526 0.110243 0.0476597 0.693586
0 0.179526 0.335646 0.112161 0.0495307 0.637083
0 0.611459 0.605011 0.11208 0.0484983 0.616134
0 0.652358 0.345984 0.106282 0.0499311 0.815664
0 0.178767 0.335486 0.111167 0.0515541 0.813059
0 0.612511 0.604588 0.107374 0.0473631 0.806897
0 0.177546 0.335452 0.113917 0.0524102 0.860843
0 0.651071 0.345448 0.103459 0.0501181 0.818983
0 0.611402 0.604759 0.112048 0.046574 0.818275
0 0.653132 0.345598 0.105019 0.0510841 0.867637
0 0.611983 0.6046 0.114199 0.0489937 0.84353
0 0.177832 0.335063 0.116388 0.0512928 0.841987
0 0.652468 0.346779 0.104475 0.0510488 0.779498
0 0.612262 0.60502 0.109511 0.0497599 0.765993
0 0.178548 0.335561 0.115013 0.0497371 0.733758
0 0.178422 0.335207 0.115387 0.0489501 0.917794
0 0.651652 0.346823 0.104755 0.0493282 0.908568
0 0.612665 0.603768 0.103953 0.0475637 0.897518
0 0.611766 0.605569 0.106269 0.047901 0.876049
0 0.178059 0.335754 0.117336 0.0485194 0.843542
0 0.650554 0.347009 0.106012 0.0492712 0.810194
0 0.613945 0.604278 0.103966 0.0468722 0.860453
0 0.651862 0.346033 0.103902 0.0472491 0.830384
0 0.178544 0.335421 0.115971 0.0489549 0.821343
0 0.651218 0.347119 0.107403 0.0503105 0.917877
0 0.175845 0.336193 0.117968 0.0510737 0.911496
0 0.61231 0.604915 0.110827 0.0485313 0.874233
0 0.177974 0.335009 0.112404 0.0497325 0.829837
0 0.651538 0.347836 0.105084 0.050576 0.811607
0 0.613687 0.604888 0.104315 0.0491523 0.7419
0 0.176659 0.335192 0.115965 0.0501961 0.905271
0 0.650546 0.347017 0.107373 0.0502894 0.870462
0 0.612079 0.604942 0.105852 0.0490631 0.861285
0 0.180131 0.335088 0.112817 0.0489894 0.86113
0 0.653169 0.34659 0.106301 0.0484816 0.821724
0 0.612902 0.604749 0.102344 0.0473122 0.80984
0 0.179148 0.33598 0.113619 0.0486878 0.895584
0 0.651625 0.346889 0.107396 0.0478034 0.877135
0 0.61411 0.605317 0.10414 0.0485778 0.862976
0 0.17655 0.335912 0.114385 0.0485044 0.898052
0 0.650346 0.346679 0.108093 0.0475232 0.884669
0 0.613314 0.604923 0.105875 0.0476055 0.845719
0 0.178828 0.335589 0.117426 0.0494494 0.847368
0 0.653327 0.346427 0.11192 0.0509538 0.809772
0 0.615062 0.604921 0.10623 0.0493265 0.793125
0 0.179253 0.334809 0.116233 0.0472654 0.900893
0 0.652817 0.344751 0.109621 0.0498456 0.882944
0 0.612987 0.604305 0.103539 0.0489026 0.868645
0 0.18006 0.336079 0.118433 0.0482359 0.886714
0 0.653708 0.346139 0.112282 0.0502373 0.866592
0 0.614003 0.604737 0.10885 0.0498297 0.850079
0 0.179138 0.335667 0.10785 0.0496295 0.892923
0 0.651886 0.346406 0.104296 0.0503053 0.875502
0 0.61158 0.604967 0.106917 0.0494386 0.836764
0 0.179747 0.335968 0.109548 0.0483544 0.828114
0 0.613153 0.604519 0.106778 0.0480877 0.798105
0 0.652308 0.346875 0.104834 0.0497535 0.794256
0 0.17922 0.335799 0.115445 0.0498057 0.854417
0 0.6166 0.604499 0.108551 0.0461811 0.847523
0 0.653866 0.347304 0.108491 0.0496254 0.818008
0 0.177551 0.335328 0.116028 0.0499069 0.81342
0 0.652822 0.347338 0.109825 0.0508763 0.76943
0 0.612625 0.604554 0.106813 0.0474995 0.764953
0 0.178872 0.335322 0.11644 0.0486591 0.836472
0 0.654531 0.347199 0.110828 0.0483013 0.807634
0 0.614745 0.604595 0.109462 0.0467388 0.796046
0 0.178474 0.335327 0.11499 0.0478458 0.859168
0 0.65205 0.347525 0.106562 0.0478757 0.809858
0 0.613928 0.605027 0.10821 0.0482324 0.806213
0 0.179673 0.335062 0.115859 0.0494321 0.892989
0 0.652582 0.346969 0.106072 0.0509492 0.890705
0 0.615814 0.60439 0.108067 0.0487282 0.832229
0 0.651901 0.34706 0.108111 0.0512493 0.896551
0 0.179507 0.335435 0.117499 0.049363 0.894237
0 0.615004 0.604308 0.109414 0.047777 0.832067
0 0.179639 0.335314 0.107443 0.0473955 0.895745
0 0.651626 0.347275 0.103463 0.0484691 0.861932
0 0.61356 0.604418 0.103197 0.0474604 0.858058
0 0.179347 0.335534 0.111164 0.0482071 0.88484
0 0.651769 0.347462 0.104543 0.0486846 0.850121
0 0.613872 0.604705 0.104532 0.0483959 0.826668
0 0.179883 0.33565 0.112613 0.0466453 0.926808
0 0.652028 0.347126 0.10646 0.0476274 0.898225
0 0.612759 0.60481 0.106555 0.0481821 0.895216
0 0.179328 0.33609 0.113093 0.0478725 0.850518
0 0.651384 0.347587 0.107716 0.0488775 0.8196
0 0.610861 0.6054 0.106928 0.0487009 0.811701
0 0.179285 0.335246 0.115447 0.049245 0.88115
0 0.612498 0.605008 0.106145 0.0471252 0.86055
0 0.65325 0.34611 0.106214 0.0484773 0.848417
0 0.179416 0.335204 0.114719 0.0482205 0.890449
0 0.613011 0.605559 0.103419 0.0473278 0.861478
0 0.653295 0.346507 0.104591 0.0469332 0.807397
0 0.177899 0.334475 0.117466 0.0499453 0.871536
0 0.612592 0.605374 0.105402 0.0500016 0.837647
0 0.651869 0.345708 0.109223 0.0495244 0.827901
0 0.178504 0.336005 0.112563 0.0472944 0.890577
0 0.613737 0.60538 0.101674 0.0479698 0.836837
0 0.651425 0.346919 0.103384 0.0473973 0.800949
0 0.177875 0.33536 0.120841 0.0498658 0.868425
0 0.611517 0.605054 0.109319 0.0487301 0.829532
0 0.65213 0.346924 0.107904 0.0492787 0.802688
0 0.179875 0.334848 0.113591 0.0484553 0.857193
0 0.614991 0.604748 0.102626 0.0472508 0.824581
0 0.651847 0.346778 0.101824 0.048259 0.788692
0 0.181549 0.334777 0.113284 0.0480221 0.885692
0 0.616496 0.6042 0.107616 0.0478508 0.844359
0 0.653998 0.346584 0.103812 0.0482052 0.834472
0 0.179883 0.335699 0.113322 0.0468378 0.879808
0 0.652563 0.34624 0.104012 0.0494568 0.825516
0 0.614314 0.604833 0.105865 0.0481243 0.823404
0 0.178712 0.335105 0.112621 0.0467559 0.891451
0 0.615056 0.604409 0.107055 0.0482401 0.844263
0 0.652499 0.345938 0.105027 0.0494265 0.8405
0 0.17815 0.334816 0.112601 0.0482124 0.885216
0 0.650727 0.345697 0.107369 0.049499 0.843461
0 0.613416 0.603622 0.104947 0.0492161 0.83223
0 0.181483 0.334995 0.111998 0.047799 0.933176
0 0.652695 0.346067 0.107861 0.0481383 0.896579
0 0.613748 0.603465 0.102675 0.0481336 0.880911
0 0.181342 0.335651 0.116014 0.0483715 0.89127
0 0.652982 0.346565 0.109076 0.047555 0.846153
0 0.613658 0.604113 0.107102 0.0494072 0.837603
0 0.178446 0.335618 0.113047 0.0473571 0.895379
0 0.613642 0.604483 0.105384 0.0477941 0.892243
0 0.652351 0.346898 0.109105 0.0485398 0.879114
0 0.614807 0.604514 0.104143 0.0474266 0.860785
0 0.179771 0.336091 0.114115 0.0475975 0.841906
0 0.653181 0.347048 0.11166 0.0481459 0.825819
0 0.653393 0.346918 0.107994 0.048447 0.90302
0 0.612711 0.60425 0.101181 0.0470448 0.893006
0 0.180379 0.33548 0.114499 0.0484219 0.865332
0 0.654277 0.346664 0.106761 0.0474999 0.882854
0 0.612691 0.604388 0.103167 0.0466977 0.879864
0 0.180314 0.335343 0.114776 0.0469859 0.84504
0 0.653444 0.346669 0.109464 0.050125 0.902839
0 0.613161 0.605084 0.10592 0.0489411 0.88947
0 0.179091 0.336018 0.116455 0.0470903 0.87474
0 0.179593 0.335559 0.114219 0.0467759 0.873053
0 0.612975 0.604548 0.101997 0.0473008 0.869828
0 0.653958 0.34601 0.107391 0.0479419 0.85648
0 0.179264 0.335665 0.11717 0.0489869 0.892398
0 0.612276 0.605196 0.104413 0.0463268 0.883418
0 0.651906 0.346871 0.107005 0.0492513 0.87118
0 0.178588 0.335259 0.114276 0.0491429 0.857256
0 0.612939 0.605339 0.104383 0.0463853 0.847782
0 0.651776 0.346287 0.105016 0.0493338 0.836807
0 0.614225 0.605279 0.104391 0.0478855 0.894934
0 0.17811 0.335002 0.11405 0.0484066 0.889042
0 0.650603 0.346 0.10406 0.0478916 0.878104
0 0.614879 0.605454 0.105821 0.0487225 0.869454
0 0.178856 0.33558 0.116159 0.0492278 0.858029
0 0.651364 0.346457 0.105363 0.0483726 0.853319
0 0.178683 0.336182 0.115526 0.0482617 0.900545
0 0.651816 0.346571 0.104217 0.0503496 0.896598
0 0.612324 0.604803 0.103515 0.0488497 0.892081
0 0.179851 0.336342 0.115709 0.0473201 0.912562
0 0.652443 0.346833 0.104246 0.0477059 0.904373
0 0.612834 0.604965 0.104964 0.0481846 0.877823
0 0.17966 0.335661 0.118185 0.048884 0.941706
0 0.652546 0.346165 0.105655 0.0486678 0.935435
0 0.613693 0.604639 0.108109 0.0484943 0.891831
0 0.180692 0.33588 0.113729 0.0486296 0.920189
0 0.652994 0.346466 0.102037 0.0482303 0.909793
0 0.614468 0.604745 0.10415 0.0478851 0.862299
0 0.179935 0.335474 0.115842 0.0470533 0.898975
0 0.653021 0.346047 0.106404 0.0472189 0.868985
0 0.614491 0.604515 0.107707 0.0474683 0.847218
0 0.181471 0.336154 0.112995 0.0470181 0.895896
0 0.654047 0.346378 0.106302 0.0476413 0.888415
0 0.615715 0.604744 0.103813 0.0476511 0.87754
0 0.653823 0.346325 0.105913 0.0474216 0.840381
0 0.181597 0.335952 0.113943 0.0477873 0.839284
0 0.614318 0.60446 0.104954 0.0479353 0.831541
0 0.654405 0.346146 0.103961 0.0460515 0.913459
0 0.18127 0.335038 0.112549 0.0476141 0.908037
0 0.615152 0.604413 0.105063 0.0471399 0.905868
0 0.653989 0.346135 0.103758 0.0472362 0.903401
0 0.18166 0.335475 0.110493 0.0479372 0.898617
0 0.614193 0.60495 0.105356 0.0475767 0.879754
0 0.180793 0.335575 0.112038 0.0474932 0.896406
0 0.654147 0.346407 0.105107 0.0477776 0.887252
0 0.613324 0.605357 0.105743 0.0468681 0.879805
0 0.180952 0.335531 0.110821 0.0453518 0.864457
0 0.613761 0.605441 0.107493 0.0474454 0.840466
0 0.654512 0.346646 0.104525 0.0476855 0.833458
0 0.180491 0.33592 0.118218 0.0499939 0.883108
0 0.654521 0.346764 0.106532 0.049022 0.875807
0 0.613667 0.605256 0.107534 0.0495273 0.860582
0 0.182824 0.335573 0.108666 0.0474753 0.887319
0 0.613199 0.6057 0.103696 0.0482229 0.862624
0 0.654521 0.346697 0.101219 0.0467678 0.843635
0 0.180398 0.335209 0.111127 0.0475413 0.900559
0 0.612167 0.605202 0.106132 0.0491453 0.88548
0 0.652952 0.346216 0.102303 0.0476383 0.875457
0 0.180932 0.33585 0.110395 0.0470746 0.897509
0 0.651517 0.34681 0.10384 0.0479206 0.870303
0 0.612406 0.604688 0.107441 0.0484946 0.863099
0 0.181409 0.33606 0.112234 0.0470632 0.910242
0 0.652849 0.3469 0.10303 0.0478747 0.895019
0 0.61311 0.604734 0.105431 0.0482628 0.886153
0 0.181467 0.335087 0.115836 0.0482678 0.899759
0 0.653116 0.346231 0.105232 0.0489567 0.8989
0 0.613197 0.605415 0.104978 0.0494751 0.867625
0 0.180989 0.335138 0.111181 0.0470024 0.903794
0 0.652579 0.346259 0.101901 0.047659 0.898631
0 0.612768 0.605227 0.104448 0.0492428 0.874153
0 0.17961 0.335632 0.118352 0.0488063 0.895713
0 0.652463 0.346844 0.105969 0.0480329 0.877975
0 0.611983 0.605437 0.109557 0.0490248 0.87031
0 0.180394 0.336235 0.116664 0.0483539 0.906232
0 0.653197 0.347268 0.103766 0.0477155 0.882514
0 0.612615 0.605264 0.106474 0.0472337 0.86198
0 0.180908 0.336217 0.115041 0.0479847 0.902988
0 0.652762 0.347133 0.105898 0.0487697 0.887994
0 0.611676 0.604982 0.102622 0.0476784 0.87254
0 0.653283 0.346884 0.106507 0.0468507 0.860954
0 0.180946 0.335444 0.114112 0.047109 0.858106
0 0.610452 0.604664 0.103782 0.0466112 0.841143
0 0.65455 0.347161 0.10236 0.0479746 0.907846
0 0.181709 0.335217 0.109527 0.0474627 0.903458
0 0.611883 0.605218 0.107031 0.0475085 0.895613
0 0.180994 0.335913 0.11352 0.0489442 0.870433
0 0.655077 0.347264 0.106877 0.0500829 0.86098
0 0.611837 0.604918 0.112054 0.0502029 0.857659
0 0.653894 0.347 0.101298 0.0484825 0.884019
0 0.182221 0.336043 0.108239 0.0478723 0.878195
0 0.612197 0.604689 0.105207 0.0486109 0.844606
0 0.65286 0.346685 0.102823 0.0487875 0.908774
0 0.1805 0.335912 0.111121 0.0485437 0.90261
0 0.611467 0.604612 0.103694 0.0484592 0.872808
0 0.180086 0.336056 0.114086 0.0474262 0.871521
0 0.652369 0.346298 0.106009 0.0484617 0.859221
0 0.612744 0.605143 0.107645 0.0485958 0.843426
0 0.180938 0.335908 0.114228 0.0475883 0.893096
0 0.612859 0.605073 0.107625 0.0489925 0.875382
0 0.654291 0.346883 0.10596 0.047996 0.872358
0 0.612313 0.604697 0.106821 0.049052 0.889135
0 0.180252 0.335061 0.115066 0.0478439 0.887077
0 0.653323 0.345854 0.104159 0.0487624 0.887026
0 0.613025 0.604812 0.102611 0.0478889 0.898888
0 0.180904 0.335767 0.111786 0.0462149 0.896357
0 0.653932 0.347027 0.101622 0.0471772 0.892919
0 0.181131 0.335463 0.109947 0.0476278 0.906165
0 0.652706 0.346426 0.102961 0.0499207 0.901407
0 0.612967 0.604106 0.104099 0.0485082 0.893546
0 0.181547 0.335944 0.112157 0.047725 0.871089
0 0.653816 0.346558 0.104952 0.0501481 0.867676
0 0.613602 0.604733 0.106228 0.0484743 0.857662
0 0.654244 0.346991 0.107509 0.0469594 0.910522
0 0.614319 0.604936 0.1081 0.046817 0.899641
0 0.182184 0.335657 0.11222 0.0473704 0.892006
0 0.652659 0.346324 0.107114 0.048815 0.886659
0 0.612443 0.604949 0.10733 0.0482425 0.883817
0 0.180719 0.33537 0.112997 0.0488636 0.867499
0 0.65283 0.346056 0.106418 0.0476372 0.868417
0 0.180877 0.334805 0.112549 0.0479926 0.864707
0 0.615048 0.604936 0.107038 0.0477705 0.855686
0 0.653096 0.346369 0.108771 0.0477056 0.895992
0 0.180674 0.335198 0.116333 0.0478011 0.894873
0 0.614214 0.604816 0.110232 0.0479967 0.886598
0 0.179256 0.335505 0.113993 0.048116 0.879124
0 0.652572 0.346135 0.105038 0.048802 0.870172
0 0.612451 0.604687 0.107419 0.0481641 0.859849
0 0.283395 0.329473 0.097669 0.0165395 0.101916
0 0.181195 0.335454 0.116441 0.0494507 0.896923
0 0.654665 0.347153 0.105924 0.0483163 0.885492
0 0.614336 0.604823 0.111436 0.049447 0.882525
0 0.284323 0.329989 0.0999039 0.0176144 0.105967
0 0.179615 0.335394 0.115719 0.0493531 0.904395
0 0.652445 0.34706 0.102476 0.0474413 0.8919
0 0.612298 0.604465 0.110161 0.0487685 0.879632
0 0.180612 0.335321 0.115754 0.0490092 0.896409
0 0.653161 0.346922 0.103161 0.0478734 0.881143
0 0.613248 0.604368 0.109726 0.0493576 0.869651
0 0.180305 0.335238 0.1146 0.0479803 0.898364
0 0.652197 0.346816 0.100542 0.0471402 0.889311
0 0.613311 0.604331 0.106109 0.0480309 0.885167
0 0.613295 0.604679 0.106889 0.0484659 0.894719
0 0.180514 0.335406 0.115377 0.0485291 0.89094
0 0.65336 0.347158 0.102772 0.0470703 0.885889
