0 0.330061 0.481354 0.0813754 0.156892 0.333043
0 0.468696 0.649495 0.0215429 0.0515555 0.220353
0 0.450481 0.287595 0.0269092 0.0522656 0.189398
0 0.737125 0.575104 0.0633744 0.146849 0.158881
0 0.742299 0.573165 0.0720077 0.152865 0.852526
0 0.330182 0.477898 0.081323 0.155563 0.766076
0 0.449202 0.28821 0.0258696 0.0552212 0.536334
0 0.468247 0.650457 0.0213771 0.0566709 0.319406
0 0.568083 0.07647 0.032164 0.0722342 0.240993
0 0.955611 0.127138 0.0363204 0.0614572 0.160983
0 0.550074 0.561982 0.0252874 0.0497762 0.155011
0 0.96299 0.209529 0.023505 0.0451729 0.138458
0 0.207584 0.808481 0.0290283 0.0459237 0.133582
0 0.217205 0.810521 0.0356093 0.0514501 0.124578
0 0.331525 0.484314 0.0865034 0.175467 0.909253
0 0.741932 0.574229 0.0722923 0.156004 0.793444
0 0.44708 0.286635 0.0268219 0.0467896 0.26303
0 0.326699 0.479159 0.0816999 0.180471 0.870963
0 0.445597 0.291987 0.0244122 0.057457 0.699925
0 0.213457 0.643765 0.0191478 0.0604353 0.608582
0 0.740196 0.572699 0.0682062 0.143886 0.579333
0 0.221063 0.480564 0.0245688 0.0595164 0.56352
0 0.466143 0.6533 0.0193482 0.0594155 0.533358
0 0.441463 0.657814 0.023012 0.0617162 0.375023
0 0.959662 0.116857 0.0473847 0.0877208 0.286152
0 0.58729 0.777518 0.0182928 0.0473801 0.282023
0 0.456893 0.656025 0.021841 0.0649293 0.244541
0 0.207005 0.81026 0.0237388 0.0435589 0.223873
0 0.569724 0.0895208 0.0391108 0.0968643 0.221077
0 0.548628 0.567747 0.0215827 0.0534983 0.217367
0 0.222018 0.810653 0.0197903 0.0449191 0.214227
0 0.300206 0.638381 0.0275782 0.0682841 0.212874
0 0.476407 0.296303 0.0186256 0.063401 0.203081
0 0.611851 0.438308 0.0203743 0.0540199 0.200615
0 0.473624 0.653323 0.0233278 0.0620221 0.162656
0 0.355501 0.321232 0.0399999 0.0863725 0.141433
0 0.794414 0.124011 0.0203712 0.0526196 0.13875
0 0.353234 0.673232 0.0210789 0.0524708 0.133349
0 0.580361 0.775418 0.0236409 0.0500448 0.108324
0 0.223942 0.654463 0.0233741 0.0737664 0.104502
0 0.454864 0.462299 0.0224086 0.0589725 0.100859
0 0.740426 0.572786 0.0704908 0.15327 0.914549
0 0.323334 0.478202 0.071573 0.149242 0.858775
0 0.960218 0.114195 0.0480528 0.0912982 0.771808
0 0.961999 0.0925556 0.0631636 0.143674 0.411782
0 0.219897 0.479285 0.0259648 0.0628109 0.305656
0 0.40248 0.166116 0.0716026 0.153299 0.300928
0 0.191529 0.65617 0.0745823 0.106364 0.277947
0 0.569618 0.0896728 0.0440254 0.107568 0.21143
0 0.213796 0.642138 0.0222359 0.0679598 0.206389
0 0.466661 0.652597 0.0230958 0.0636386 0.188933
0 0.440746 0.65647 0.0236994 0.0603285 0.174638
0 0.608368 0.086917 0.039719 0.0795532 0.146816
0 0.445777 0.292789 0.0276643 0.0708115 0.146557
0 0.451299 0.655218 0.0353399 0.0711028 0.134187
0 0.457107 0.3003 0.0540147 0.0848909 0.11327
0 0.221655 0.809212 0.0249813 0.0461835 0.102265
0 0.740581 0.574763 0.0713099 0.154426 0.929794
0 0.333784 0.479906 0.0950694 0.156656 0.877538
0 0.959445 0.128312 0.0450097 0.0656685 0.485877
0 0.219924 0.479782 0.0238005 0.0593097 0.166202
0 0.445614 0.28904 0.0252717 0.0590662 0.161623
0 0.440602 0.658147 0.0226248 0.0592169 0.137206
0 0.211732 0.641758 0.0277987 0.0641527 0.110564
0 0.958961 0.108014 0.0602329 0.120606 0.104337
0 0.32326 0.472058 0.0706025 0.164153 0.744836
0 0.740139 0.571276 0.07266 0.15208 0.717309
0 0.959138 0.11801 0.0466541 0.097621 0.225305
0 0.191228 0.648495 0.0746662 0.122446 0.159639
0 0.740293 0.572884 0.0741966 0.151544 0.98671
0 0.322839 0.47725 0.0720191 0.16503 0.976146
0 0.958957 0.118486 0.0479497 0.0961529 0.857122
0 0.190853 0.659889 0.0759111 0.109149 0.533316
0 0.447228 0.294291 0.0279122 0.0624842 0.224954
0 0.221543 0.482247 0.0282884 0.0563679 0.193313
0 0.40268 0.16427 0.0733318 0.152782 0.170409
0 0.443326 0.661287 0.0274603 0.0604823 0.137035
0 0.584581 0.0839479 0.0639756 0.0894279 0.113745
0 0.60204 0.0851975 0.0353487 0.0806242 0.105957
0 0.322744 0.482873 0.0732302 0.177318 0.904253
0 0.741982 0.573923 0.0732485 0.15456 0.904035
0 0.959137 0.11547 0.0463703 0.0932441 0.624981
0 0.190501 0.656546 0.0738188 0.101977 0.254643
0 0.568823 0.0754687 0.0345235 0.0688145 0.107356
0 0.321933 0.482563 0.0688515 0.163818 0.696082
0 0.740853 0.57431 0.0688359 0.155655 0.619098
0 0.960085 0.123202 0.0445905 0.0770315 0.449862
0 0.219976 0.48039 0.0236602 0.0535149 0.22438
0 0.165212 0.124252 0.0257911 0.0556735 0.190976
0 0.567946 0.0736231 0.0286721 0.0653195 0.17143
0 0.190436 0.654893 0.0716949 0.0975442 0.132608
0 0.445344 0.28602 0.0222115 0.0479156 0.107535
0 0.961358 0.21268 0.0177209 0.039511 0.101534
0 0.321511 0.483644 0.0727515 0.170498 0.95028
0 0.740341 0.571078 0.072266 0.156427 0.944315
0 0.960465 0.118206 0.0466028 0.0922003 0.470471
0 0.322178 0.474021 0.0683589 0.154723 0.828418
0 0.74059 0.572033 0.0680666 0.148067 0.828106
0 0.960899 0.118359 0.0463804 0.0843765 0.129177
0 0.740607 0.574285 0.0719043 0.154299 0.722284
0 0.321575 0.48146 0.0705356 0.169497 0.684124
0 0.960077 0.114659 0.0506424 0.100434 0.590126
0 0.220031 0.48389 0.0281534 0.0664307 0.442083
0 0.959368 0.0835478 0.0613026 0.167096 0.339597
0 0.444814 0.656149 0.0262677 0.0645848 0.205625
0 0.445372 0.293398 0.0242165 0.0668068 0.19045
0 0.213825 0.651094 0.0257448 0.0819909 0.160863
0 0.570371 0.0873541 0.0403893 0.0968638 0.160477
0 0.164558 0.128247 0.0312161 0.0694972 0.140966
0 0.452775 0.649006 0.033863 0.0716458 0.140555
0 0.189895 0.6575 0.0731698 0.108038 0.134283
0 0.222706 0.806844 0.0227283 0.0496007 0.105481
0 0.740559 0.576494 0.0703581 0.149837 0.94304
0 0.32149 0.480181 0.0692938 0.161527 0.92669
0 0.961113 0.11623 0.0491562 0.0968827 0.631446
0 0.957587 0.0836717 0.0633116 0.167343 0.341873
0 0.333862 0.486034 0.0877009 0.173389 0.630448
0 0.741221 0.574238 0.0732787 0.156792 0.56263
0 0.192563 0.644814 0.0341577 0.040692 0.419642
0 0.310497 0.506122 0.0342765 0.0850485 0.40738
0 0.202981 0.650125 0.0510984 0.0530795 0.226244
0 0.83423 0.624429 0.0439995 0.0869651 0.168153
0 0.739304 0.447082 0.0467815 0.0639826 0.127101
0 0.740243 0.572825 0.0696623 0.157078 0.987023
0 0.33292 0.481209 0.093787 0.167645 0.930831
0 0.959295 0.122629 0.0461188 0.071055 0.112445
0 0.958194 0.096561 0.045106 0.0416984 0.10218
0 0.741146 0.577799 0.0701599 0.153621 0.920803
0 0.333131 0.478377 0.0870252 0.167541 0.761915
0 0.740622 0.572031 0.0712745 0.159042 0.809505
0 0.95918 0.114282 0.0476712 0.0960312 0.549968
0 0.332196 0.480561 0.0903582 0.169881 0.430243
0 0.953965 0.0831259 0.0625837 0.163744 0.156532
0 0.206748 0.65191 0.0481533 0.0990745 0.138534
0 0.193341 0.651435 0.0826096 0.123813 0.107112
0 0.740729 0.5709 0.0691013 0.14857 0.713195
0 0.334989 0.474719 0.0923747 0.155497 0.520975
0 0.958845 0.120904 0.0440801 0.0761014 0.337942
0 0.191904 0.656802 0.0756861 0.105892 0.174159
0 0.432591 0.449024 0.0979086 0.159444 0.107375
0 0.740963 0.577217 0.0694035 0.148054 0.829158
0 0.334066 0.480936 0.0928151 0.169271 0.739293
0 0.958535 0.12198 0.046337 0.0847509 0.521009
0 0.193832 0.657028 0.0796258 0.118067 0.164541
0 0.963982 0.217087 0.0264201 0.0478094 0.124999
0 0.57121 0.587483 0.092385 0.166728 0.120817
0 0.740024 0.574057 0.0704349 0.155625 0.779418
0 0.331806 0.47867 0.089479 0.174416 0.70982
0 0.959048 0.119002 0.0447955 0.092767 0.32906
0 0.739786 0.576136 0.0685247 0.149006 0.850459
0 0.330539 0.478292 0.0861166 0.166439 0.716467
0 0.959635 0.118727 0.0468716 0.0941404 0.532042
0 0.165784 0.13066 0.0315966 0.0706949 0.124432
0 0.965735 0.218342 0.0292952 0.045982 0.116457
0 0.74192 0.576609 0.0732942 0.152348 0.908976
0 0.322188 0.481149 0.0708387 0.169117 0.737153
0 0.958153 0.120422 0.0435916 0.0872325 0.728988
0 0.165453 0.129509 0.0299381 0.0662715 0.169087
0 0.413905 0.653561 0.178526 0.354248 0.10495
0 0.741806 0.575714 0.0726304 0.154446 0.774471
0 0.957102 0.123675 0.0419737 0.0810743 0.600067
0 0.321374 0.475509 0.0736846 0.16481 0.56324
0 0.164762 0.129183 0.0290756 0.0671528 0.136028
0 0.740469 0.574815 0.0715644 0.150347 0.936749
0 0.322562 0.477292 0.0685216 0.151463 0.891008
0 0.957741 0.122746 0.042776 0.0840866 0.776585
0 0.16635 0.129805 0.0347235 0.0738712 0.206046
0 0.34568 0.473383 0.0664263 0.146501 0.130172
0 0.191549 0.658445 0.0722079 0.102467 0.124069
0 0.739751 0.57685 0.0733929 0.151548 0.805497
0 0.322413 0.476256 0.0685806 0.153217 0.652868
0 0.958143 0.122815 0.0431654 0.083944 0.522878
0 0.166929 0.130147 0.0356063 0.073264 0.144711
0 0.740223 0.578361 0.0714343 0.151252 0.865857
0 0.323934 0.472969 0.0664626 0.155422 0.817752
0 0.958147 0.124646 0.0415578 0.0796344 0.707683
0 0.16599 0.128697 0.0318734 0.0679675 0.498608
0 0.740183 0.576832 0.0711349 0.149069 0.857605
0 0.322674 0.476929 0.0699304 0.155635 0.817231
0 0.957079 0.121762 0.0420447 0.0808122 0.591141
0 0.16408 0.128627 0.0316616 0.0666088 0.451048
0 0.741666 0.57328 0.0702001 0.151112 0.881146
0 0.32321 0.476439 0.0685021 0.154711 0.812688
0 0.958579 0.117084 0.0459841 0.0901369 0.788804
0 0.166571 0.1257 0.0369216 0.0726064 0.458333
0 0.958154 0.0864755 0.0558574 0.159188 0.10695
0 0.74197 0.573138 0.0709667 0.151704 0.83225
0 0.323382 0.47765 0.0679125 0.15565 0.787605
0 0.959024 0.12081 0.0456447 0.0902505 0.711123
0 0.165367 0.128005 0.0325233 0.0673822 0.301643
0 0.740914 0.571843 0.0729575 0.15449 0.941913
0 0.323324 0.474994 0.0686096 0.15248 0.93482
0 0.958354 0.117513 0.0427688 0.0857135 0.697576
0 0.164721 0.126291 0.0290561 0.0648076 0.217046
0 0.740553 0.573798 0.0737448 0.151022 0.857198
0 0.322712 0.475743 0.0699767 0.151641 0.856291
0 0.958455 0.120154 0.0442249 0.0829536 0.58262
0 0.165084 0.127583 0.0296676 0.0644287 0.246376
0 0.740451 0.572284 0.0733691 0.154574 0.908572
0 0.324291 0.473914 0.0663728 0.146665 0.827951
0 0.959141 0.120478 0.0444766 0.0835974 0.614709
0 0.164372 0.127464 0.0318018 0.0710131 0.264
0 0.569908 0.0790113 0.0390053 0.077403 0.128975
0 0.740485 0.573537 0.0732177 0.160258 0.93308
0 0.322897 0.476233 0.069528 0.157353 0.898551
0 0.959583 0.118668 0.0455534 0.0882379 0.471165
0 0.323069 0.474292 0.0689573 0.150859 0.808545
0 0.740372 0.574434 0.0719948 0.150555 0.801536
0 0.95935 0.123663 0.0411112 0.0734313 0.32958
0 0.740216 0.574992 0.0728779 0.149053 0.906613
0 0.323346 0.475606 0.0679526 0.155242 0.857889
0 0.958378 0.121419 0.0427846 0.0820359 0.598194
0 0.740907 0.574847 0.0754473 0.146917 0.89311
0 0.322445 0.474514 0.0693589 0.152895 0.879325
0 0.959002 0.119731 0.042003 0.0823833 0.429035
0 0.323349 0.47449 0.0694559 0.1562 0.8976
0 0.741084 0.575288 0.0764067 0.149952 0.854701
0 0.959587 0.120155 0.0421383 0.0849589 0.679444
0 0.323711 0.474945 0.0641147 0.150834 0.87187
0 0.959977 0.119352 0.0469587 0.0856121 0.839898
0 0.741772 0.573427 0.0724475 0.145193 0.811379
0 0.162023 0.128445 0.0262243 0.0658873 0.16027
0 0.322904 0.476777 0.0653772 0.152431 0.833232
0 0.74201 0.574115 0.0732662 0.144743 0.810036
0 0.960293 0.118779 0.0472062 0.0904724 0.774253
0 0.32306 0.474172 0.0651252 0.150518 0.884952
0 0.741709 0.573464 0.0725918 0.144646 0.86451
0 0.959518 0.119205 0.0441479 0.0873101 0.790193
0 0.569198 0.0793457 0.0387282 0.0783996 0.211679
0 0.742644 0.576455 0.0763123 0.149262 0.889261
0 0.323258 0.475768 0.0680384 0.156863 0.874138
0 0.95979 0.120173 0.0450245 0.0870979 0.71799
0 0.568849 0.0750065 0.0366769 0.0680415 0.20869
0 0.741993 0.574837 0.0745845 0.146888 0.869962
0 0.322605 0.474421 0.0645925 0.147777 0.859676
0 0.959733 0.120368 0.0445557 0.0885677 0.775362
0 0.322737 0.477096 0.0648756 0.148986 0.810867
0 0.741303 0.571218 0.0733265 0.152422 0.807617
0 0.959376 0.120623 0.0439942 0.0868471 0.64365
0 0.741652 0.572993 0.0738006 0.151081 0.841154
0 0.323484 0.476552 0.0654541 0.151209 0.839804
0 0.959596 0.122944 0.0430924 0.0851057 0.553339
0 0.322897 0.476095 0.0655245 0.152031 0.820014
0 0.740692 0.573498 0.0719679 0.150399 0.80779
0 0.959104 0.122528 0.0433564 0.0845407 0.371215
0 0.32562 0.47766 0.0654311 0.14819 0.805964
0 0.742012 0.573225 0.0739199 0.153116 0.723535
0 0.960572 0.120839 0.0474806 0.0844306 0.678259
0 0.324367 0.477011 0.0652724 0.144401 0.849595
0 0.959983 0.120171 0.0464323 0.0847623 0.827488
0 0.741132 0.573768 0.07284 0.151311 0.771711
0 0.960077 0.120006 0.0446459 0.0871408 0.860093
0 0.323347 0.476315 0.0661375 0.149001 0.830808
0 0.741312 0.575298 0.0725154 0.147914 0.818685
0 0.165452 0.12789 0.032357 0.0733544 0.113569
0 0.323216 0.475347 0.0680184 0.152652 0.86406
0 0.741828 0.576939 0.0746979 0.148364 0.8229
0 0.960275 0.121756 0.0440223 0.0846191 0.301656
0 0.322819 0.474433 0.065828 0.150837 0.909826
0 0.740955 0.576438 0.0724103 0.145262 0.878203
0 0.960776 0.12092 0.0439949 0.0821189 0.608879
0 0.322013 0.477108 0.0664432 0.153756 0.841648
0 0.740857 0.577601 0.0733687 0.148869 0.816641
0 0.960385 0.121288 0.0449876 0.0898026 0.255906
0 0.323061 0.474403 0.065114 0.14772 0.917522
0 0.741676 0.574735 0.0710797 0.143695 0.899755
0 0.322654 0.476355 0.0662529 0.151123 0.868111
0 0.741375 0.574598 0.0716426 0.148262 0.836783
0 0.323216 0.474441 0.0653768 0.153487 0.877307
0 0.741482 0.573669 0.0735195 0.151062 0.868745
0 0.741112 0.575527 0.0730885 0.150025 0.860307
0 0.323376 0.476756 0.064615 0.150085 0.846903
0 0.960889 0.137142 0.0379789 0.0631201 0.241812
0 0.323033 0.476303 0.0669033 0.157474 0.83734
0 0.741364 0.574227 0.0740294 0.152939 0.808735
0 0.958503 0.121284 0.0415283 0.0864807 0.326379
0 0.322522 0.477182 0.0653288 0.152583 0.891233
0 0.741219 0.575322 0.0711625 0.146622 0.824732
0 0.958635 0.129044 0.0334615 0.0704244 0.202465
0 0.16499 0.124184 0.0277609 0.0662744 0.165572
0 0.322196 0.478255 0.066818 0.153219 0.872993
0 0.742161 0.574527 0.0738603 0.151232 0.829184
0 0.960068 0.120296 0.0469525 0.0883715 0.711814
0 0.165271 0.127053 0.0325878 0.0752902 0.409125
0 0.322489 0.477743 0.0649018 0.150931 0.842009
0 0.741717 0.574715 0.0734262 0.149333 0.829036
0 0.960368 0.120821 0.0451524 0.0843677 0.76943
0 0.163767 0.127076 0.0316404 0.0683296 0.594484
0 0.3234 0.473733 0.0643461 0.155658 0.856367
0 0.742029 0.572478 0.0765809 0.152237 0.820381
0 0.961691 0.118555 0.0482939 0.0901842 0.613702
0 0.164791 0.127208 0.0341781 0.0732041 0.489005
0 0.322742 0.475385 0.0648519 0.158023 0.839722
0 0.741775 0.574672 0.0750847 0.150177 0.817196
0 0.96099 0.120843 0.0477066 0.0890624 0.244361
0 0.164845 0.127785 0.0337686 0.0731985 0.164892
0 0.323524 0.478463 0.065772 0.148347 0.817113
0 0.742008 0.575534 0.0739134 0.146817 0.81629
0 0.960335 0.117157 0.048764 0.0964458 0.689732
0 0.165123 0.127382 0.0329045 0.0706539 0.443831
0 0.741486 0.575509 0.0741663 0.147664 0.810484
0 0.322567 0.477609 0.0675078 0.149665 0.806754
0 0.959545 0.11679 0.0484421 0.0996477 0.677666
0 0.742235 0.573628 0.0743805 0.147024 0.890528
0 0.323373 0.47395 0.0634985 0.147993 0.883665
0 0.960045 0.116406 0.0470988 0.101088 0.718773
0 0.322741 0.474147 0.0659074 0.152647 0.846771
0 0.742385 0.574393 0.0758773 0.149653 0.833545
0 0.95975 0.119637 0.0497158 0.0996725 0.723344
0 0.741544 0.573599 0.0751724 0.145574 0.881779
0 0.323014 0.474483 0.0659543 0.153269 0.87133
0 0.959742 0.119767 0.0483452 0.0937296 0.737064
0 0.323651 0.475406 0.0659392 0.154983 0.838008
0 0.741894 0.572314 0.0751023 0.14552 0.803908
0 0.959843 0.120048 0.0469759 0.0943132 0.322868
0 0.56595 0.0712064 0.0298761 0.0586586 0.164634
0 0.214432 0.808695 0.0284221 0.0447315 0.10901
0 0.323286 0.474077 0.0654011 0.155093 0.889448
0 0.741772 0.572013 0.0751939 0.149092 0.877831
0 0.564267 0.0700031 0.0270818 0.0560871 0.342003
0 0.95947 0.119581 0.0444633 0.0901855 0.170477
0 0.323855 0.475826 0.0641592 0.152468 0.880683
0 0.742153 0.57303 0.0751253 0.14697 0.83616
0 0.564438 0.0703065 0.0264818 0.0558252 0.395248
0 0.959766 0.119551 0.04462 0.0855257 0.316523
0 0.322665 0.47598 0.065376 0.157903 0.88958
0 0.741824 0.574321 0.0749995 0.150243 0.841007
0 0.95963 0.120083 0.0463235 0.0913354 0.790144
0 0.164915 0.127523 0.0344105 0.0679474 0.128904
0 0.567333 0.0754367 0.0351086 0.0678722 0.114578
0 0.323094 0.473353 0.0642329 0.152205 0.884681
0 0.741676 0.571083 0.0762274 0.150163 0.815555
0 0.959305 0.120128 0.0454577 0.0866798 0.58414
0 0.322736 0.474287 0.0658165 0.151992 0.871273
0 0.741679 0.572272 0.0766265 0.155523 0.813405
0 0.959625 0.12116 0.0477126 0.0868355 0.742786
0 0.322955 0.474693 0.0645469 0.150984 0.860677
0 0.741657 0.57315 0.0733837 0.153264 0.828404
0 0.95949 0.12172 0.0464057 0.0830889 0.630423
0 0.741308 0.573507 0.073842 0.152858 0.921422
0 0.322726 0.474689 0.0651562 0.149758 0.905821
0 0.959193 0.121862 0.0459974 0.0824783 0.463645
0 0.741469 0.57524 0.0737686 0.15119 0.909678
0 0.323118 0.476354 0.065223 0.151823 0.898796
0 0.959485 0.121916 0.0465718 0.0857079 0.570637
0 0.741394 0.574695 0.0725849 0.149714 0.905182
0 0.323074 0.474603 0.0651595 0.154153 0.90154
0 0.959558 0.11951 0.0474311 0.0902869 0.832811
0 0.32334 0.474935 0.0643505 0.151732 0.890844
0 0.741696 0.575046 0.0729163 0.145252 0.859991
0 0.958997 0.120884 0.0457461 0.0828126 0.735908
0 0.323337 0.473257 0.0637712 0.151915 0.917714
0 0.741738 0.572468 0.0739266 0.152079 0.844781
0 0.959191 0.120793 0.0475991 0.0869509 0.561563
0 0.32372 0.474724 0.0632713 0.154098 0.897805
0 0.741919 0.575103 0.0733818 0.15132 0.855493
0 0.95947 0.122026 0.0462786 0.0865906 0.410351
0 0.323448 0.473121 0.0648767 0.150074 0.917318
0 0.741033 0.572819 0.0736203 0.151015 0.895892
0 0.959384 0.120746 0.0468516 0.0859796 0.128653
0 0.323993 0.473489 0.0642644 0.151403 0.924651
0 0.74162 0.574511 0.0711128 0.149136 0.9185
0 0.323407 0.473056 0.0659932 0.152648 0.837746
0 0.740972 0.575181 0.0750407 0.154426 0.830788
0 0.959684 0.122442 0.0463828 0.0884277 0.140966
0 0.740598 0.574391 0.0735411 0.150435 0.899946
0 0.322899 0.473229 0.0659056 0.148328 0.894123
0 0.959957 0.122333 0.04519 0.0855507 0.22675
0 0.741073 0.573156 0.0717875 0.14832 0.880309
0 0.32343 0.473415 0.0651701 0.150551 0.87876
0 0.96016 0.122777 0.0450255 0.0860742 0.204427
0 0.323233 0.473842 0.0660888 0.153282 0.878709
0 0.741398 0.573945 0.0718978 0.145156 0.871193
0 0.323095 0.474724 0.0653462 0.14889 0.855673
0 0.741927 0.573826 0.0710677 0.146794 0.854129
0 0.959654 0.121978 0.045233 0.0813752 0.20274
0 0.56928 0.0693816 0.0303239 0.0625128 0.103603
0 0.741879 0.570024 0.0747811 0.162254 0.894436
0 0.322973 0.475097 0.0648026 0.151547 0.87114
0 0.959591 0.121572 0.0471547 0.0909529 0.633427
0 0.165893 0.126323 0.0368908 0.0701838 0.141846
0 0.741817 0.573394 0.0733595 0.154589 0.866144
0 0.322465 0.473435 0.0651171 0.146326 0.858202
0 0.959515 0.120241 0.0454419 0.0860363 0.661381
0 0.166495 0.126491 0.0360628 0.0681279 0.126643
0 0.741647 0.572828 0.0737513 0.156757 0.8896
0 0.322288 0.472056 0.0669944 0.153348 0.884933
0 0.958873 0.120659 0.0458738 0.0873083 0.527419
0 0.16623 0.126426 0.0371355 0.0701867 0.22699
0 0.322937 0.471469 0.0642303 0.149159 0.896707
0 0.741439 0.573525 0.0727198 0.150308 0.859094
0 0.959949 0.120555 0.0456803 0.089217 0.150062
0 0.322984 0.473276 0.0650025 0.147732 0.908764
0 0.741788 0.573672 0.0732015 0.147189 0.8908
0 0.960013 0.12156 0.0449652 0.0877724 0.273797
0 0.164894 0.127368 0.0351195 0.0700342 0.159613
0 0.323298 0.472772 0.0652519 0.147283 0.908417
0 0.741632 0.570213 0.0750475 0.158884 0.866614
0 0.959837 0.119547 0.0443662 0.0883052 0.32548
0 0.16352 0.127077 0.0310673 0.0677859 0.117839
0 0.323345 0.473714 0.0635063 0.146131 0.911826
0 0.741555 0.57227 0.0729207 0.15278 0.87031
0 0.958875 0.120632 0.0422509 0.0814296 0.509569
0 0.163561 0.127687 0.029269 0.0648176 0.15082
0 0.322594 0.472282 0.06483 0.148455 0.894425
0 0.741176 0.573111 0.0737 0.154003 0.856405
0 0.958775 0.120609 0.0450355 0.0850195 0.291482
0 0.322277 0.474711 0.0653763 0.146013 0.890478
0 0.741194 0.573645 0.0729318 0.151589 0.87791
0 0.960573 0.122097 0.0416868 0.0818233 0.326147
0 0.321476 0.474074 0.0665339 0.153906 0.895845
0 0.740601 0.574382 0.0752425 0.154352 0.863093
0 0.959451 0.120741 0.0452167 0.0907243 0.605942
0 0.32182 0.474601 0.0657608 0.151614 0.882236
0 0.740824 0.573421 0.074709 0.150655 0.833077
0 0.959529 0.120709 0.0459605 0.0889671 0.565247
0 0.322714 0.475266 0.0633543 0.151895 0.917169
0 0.741692 0.574089 0.0715045 0.146443 0.902399
0 0.959098 0.121777 0.0456359 0.0862486 0.724978
0 0.164672 0.127107 0.0306198 0.0704395 0.186728
0 0.322487 0.472968 0.0654054 0.1551 0.882826
0 0.741688 0.574187 0.0746292 0.153607 0.865922
0 0.958707 0.121408 0.048224 0.0889486 0.794067
0 0.163725 0.127241 0.0320328 0.0705334 0.35878
0 0.322661 0.473387 0.0648709 0.151072 0.883438
0 0.742212 0.575653 0.0763893 0.15476 0.878683
0 0.959054 0.121513 0.0451291 0.0833052 0.637936
0 0.321779 0.472477 0.0662475 0.150322 0.915632
0 0.741958 0.576187 0.0762064 0.156003 0.913544
0 0.958888 0.120247 0.0449283 0.0848787 0.715506
0 0.32164 0.47175 0.0666791 0.151648 0.885656
0 0.742345 0.576242 0.0757377 0.151933 0.885532
0 0.959405 0.119287 0.0474669 0.0863111 0.514392
0 0.321981 0.472481 0.0660885 0.1518 0.91292
0 0.742625 0.577859 0.0755724 0.152202 0.906851
0 0.959901 0.119326 0.0471618 0.0855209 0.427617
0 0.322029 0.473422 0.066928 0.153351 0.921277
0 0.741885 0.576666 0.0746983 0.150714 0.907751
0 0.959785 0.11871 0.0466805 0.0855908 0.221478
0 0.322003 0.47526 0.0668838 0.149153 0.907809
0 0.74258 0.578502 0.0756692 0.148809 0.892338
0 0.960252 0.119343 0.0456527 0.0849115 0.337693
0 0.322843 0.473153 0.0654332 0.154843 0.906827
0 0.742129 0.576218 0.0752254 0.155945 0.889562
0 0.959969 0.117992 0.0481719 0.0898633 0.782606
0 0.165849 0.127402 0.0346603 0.0699288 0.310336
0 0.32271 0.473784 0.0653605 0.153846 0.88404
0 0.741854 0.577061 0.0749499 0.154951 0.861986
0 0.95983 0.119291 0.0486858 0.0888928 0.640855
0 0.16578 0.128097 0.0339583 0.0686102 0.137684
0 0.741762 0.576505 0.0741002 0.149501 0.90206
0 0.322223 0.474728 0.0669093 0.150233 0.900237
0 0.960261 0.118452 0.0482644 0.0876529 0.621856
0 0.166814 0.128172 0.0351242 0.0680634 0.182209
0 0.321478 0.475018 0.0665562 0.154032 0.903942
0 0.741374 0.576414 0.0741091 0.153359 0.892013
0 0.959952 0.118346 0.0476933 0.0876079 0.350082
0 0.321727 0.475213 0.0661747 0.151701 0.894911
0 0.741997 0.577022 0.0734702 0.149031 0.880176
0 0.960422 0.118351 0.0464784 0.0872698 0.257117
0 0.321796 0.474849 0.0671202 0.154124 0.91557
0 0.742095 0.57614 0.0743236 0.148989 0.906378
0 0.960414 0.118592 0.048104 0.0873883 0.264981
0 0.322297 0.473511 0.0647597 0.153239 0.896577
0 0.741601 0.576577 0.071733 0.149247 0.880945
0 0.959515 0.118816 0.0457022 0.0844071 0.533668
0 0.323026 0.473208 0.0651599 0.155527 0.922141
0 0.742557 0.575524 0.0736024 0.151815 0.90579
0 0.960165 0.11511 0.0512503 0.0971923 0.578816
0 0.322578 0.473193 0.0641153 0.152596 0.917812
0 0.741994 0.575188 0.0726117 0.151002 0.907844
0 0.959169 0.118308 0.0473015 0.0860976 0.751446
0 0.323077 0.472438 0.0641471 0.153554 0.900091
0 0.742569 0.574551 0.0729669 0.152635 0.885909
0 0.959365 0.116201 0.0486085 0.0932371 0.740263
0 0.322082 0.472271 0.0655304 0.154968 0.902081
0 0.742363 0.573904 0.073656 0.150455 0.886418
0 0.959322 0.115236 0.0487289 0.0950906 0.608005
0 0.321967 0.473075 0.0658667 0.154965 0.906613
0 0.742268 0.573005 0.074806 0.150565 0.885861
0 0.959524 0.116165 0.0479771 0.0919625 0.760815
