0 0.480778 0.544629 0.0460322 0.104568 0.754582
0 0.486687 0.559076 0.0318889 0.0668781 0.5576
0 0.703679 0.149904 0.0427604 0.110471 0.35793
0 0.702555 0.320307 0.034018 0.0507886 0.302124
0 0.703728 0.478656 0.03372 0.048303 0.27496
0 0.619109 0.0647103 0.0434245 0.0564098 0.209947
0 0.626754 0.480819 0.0396462 0.0560896 0.205701
0 0.70294 0.816258 0.0328784 0.0512022 0.192709
0 0.62366 0.327474 0.0353237 0.0463168 0.184421
0 0.480835 0.54145 0.0500418 0.11143 0.908375
0 0.705686 0.152382 0.0529855 0.116851 0.777776
0 0.69977 0.702643 0.0544268 0.111825 0.768497
0 0.626357 0.733283 0.0388123 0.0655216 0.456053
0 0.618264 0.0660599 0.0437539 0.0662616 0.389222
0 0.622839 0.326708 0.0376747 0.0565697 0.372398
0 0.702944 0.480612 0.0317091 0.0555468 0.287121
0 0.622883 0.480689 0.0356069 0.0591523 0.266128
0 0.626615 0.817255 0.0363252 0.0591675 0.263488
0 0.700384 0.319709 0.0367108 0.0612547 0.190994
0 0.700554 0.81718 0.0347032 0.0579385 0.162713
0 0.699032 0.0575346 0.0410792 0.08171 0.134039
0 0.626908 0.570472 0.0360621 0.0630474 0.132929
0 0.480442 0.544899 0.0500426 0.121342 0.628538
0 0.706153 0.156031 0.0550421 0.124144 0.54793
0 0.700821 0.705048 0.0546898 0.116155 0.272017
0 0.666222 0.118557 0.149344 0.237114 0.107472
0 0.706656 0.151792 0.0506589 0.116974 0.77397
0 0.701235 0.700901 0.0529725 0.110379 0.772024
0 0.48031 0.540319 0.0490957 0.111623 0.727693
0 0.701605 0.482069 0.0278237 0.0528175 0.182618
0 0.413427 0.402685 0.0175453 0.0538805 0.11223
0 0.701739 0.701864 0.05569 0.116938 0.976269
0 0.706947 0.152055 0.0547029 0.122322 0.973134
0 0.480617 0.54071 0.0505016 0.11737 0.956061
0 0.700658 0.322973 0.0412434 0.0606199 0.320561
0 0.699544 0.480829 0.0378842 0.0612293 0.157337
0 0.621528 0.327653 0.041214 0.0537632 0.125538
0 0.627424 0.818449 0.040439 0.0594255 0.108133
0 0.626216 0.735416 0.0406142 0.0639401 0.104653
0 0.702919 0.70196 0.0510499 0.117099 0.959903
0 0.707085 0.14852 0.0529383 0.12135 0.918632
0 0.480731 0.541902 0.0486171 0.118656 0.90213
0 0.626225 0.736551 0.0368476 0.0601065 0.104368
0 0.70269 0.698484 0.0535983 0.112957 0.754104
0 0.705876 0.148054 0.0549606 0.118321 0.729079
0 0.481056 0.535954 0.0499951 0.123662 0.700735
0 0.625018 0.736895 0.0370203 0.0667121 0.134193
0 0.701943 0.699851 0.0552109 0.110709 0.993282
0 0.481749 0.537196 0.0511396 0.1247 0.989107
0 0.706132 0.149385 0.0583329 0.11863 0.988555
0 0.625675 0.738789 0.0365843 0.0687678 0.636066
0 0.626595 0.821136 0.0352566 0.066873 0.493134
0 0.69989 0.325626 0.0366244 0.064364 0.306575
0 0.62462 0.330869 0.0340863 0.0657817 0.302016
0 0.617998 0.0788992 0.0401847 0.0758508 0.296918
0 0.700375 0.0615116 0.0359367 0.0670767 0.172247
0 0.700211 0.819401 0.0344163 0.0644138 0.10494
0 0.626094 0.780705 0.0418071 0.146106 0.102192
0 0.701834 0.699537 0.0543904 0.114688 0.935382
0 0.707092 0.148503 0.057798 0.122681 0.923276
0 0.481922 0.53523 0.0509413 0.126974 0.907834
0 0.625932 0.736945 0.0357668 0.0649849 0.196715
0 0.61788 0.07495 0.0403521 0.0755624 0.172985
0 0.70044 0.0611628 0.035143 0.0658927 0.14988
0 0.625412 0.328989 0.0327371 0.0606372 0.116515
0 0.700898 0.323966 0.0358471 0.0598021 0.106187
0 0.701957 0.700866 0.0523928 0.111185 0.801259
0 0.705802 0.148205 0.0533368 0.12012 0.748873
0 0.480939 0.536526 0.0483207 0.12141 0.643413
0 0.700251 0.0598174 0.0347832 0.0665141 0.422836
0 0.626655 0.32765 0.0305228 0.0534922 0.322097
0 0.618537 0.0693103 0.0419499 0.0724156 0.254908
0 0.700871 0.323967 0.0350351 0.058494 0.252412
0 0.700391 0.816948 0.0305519 0.057664 0.175627
0 0.625129 0.737216 0.0349663 0.062058 0.160126
0 0.699506 0.482091 0.0359305 0.0584886 0.134262
0 0.702411 0.698897 0.0536813 0.116711 0.962613
0 0.705544 0.150303 0.0565253 0.125478 0.954888
0 0.480891 0.53576 0.0537394 0.123102 0.941983
0 0.70328 0.695582 0.0514342 0.108261 0.876951
0 0.705838 0.146345 0.0524599 0.112276 0.868144
0 0.480846 0.534144 0.050584 0.115705 0.815343
0 0.70246 0.69959 0.0530283 0.115667 0.706487
0 0.704537 0.14779 0.0566416 0.116956 0.695278
0 0.479935 0.538108 0.0524752 0.126817 0.58539
0 0.699353 0.325703 0.0339975 0.059341 0.150872
0 0.62486 0.332624 0.0338386 0.0601086 0.127877
0 0.624644 0.738185 0.037042 0.0658965 0.118518
0 0.70274 0.700244 0.0526482 0.114149 0.922754
0 0.480304 0.539041 0.0506527 0.12192 0.87341
0 0.706413 0.149785 0.0535336 0.121102 0.844566
0 0.625002 0.332437 0.0341404 0.0608411 0.204181
0 0.701477 0.325495 0.0355916 0.0596855 0.101567
0 0.700907 0.710299 0.0530165 0.131723 0.695892
0 0.703661 0.162356 0.055769 0.135267 0.636973
0 0.481019 0.541063 0.0458957 0.10506 0.23588
0 0.479979 0.53603 0.0514347 0.117259 0.838998
0 0.704158 0.158466 0.057997 0.132746 0.782953
0 0.700814 0.70283 0.0534049 0.124665 0.642895
0 0.702729 0.703617 0.0540767 0.120579 0.587961
0 0.704646 0.160479 0.0578504 0.128811 0.57094
0 0.479957 0.539875 0.0507254 0.11334 0.473576
0 0.705066 0.157044 0.0566474 0.139151 0.880789
0 0.70182 0.70384 0.0548862 0.129599 0.822359
0 0.480598 0.535884 0.0509773 0.121697 0.808069
0 0.700656 0.0584881 0.03848 0.0727857 0.166156
0 0.669469 0.731895 0.145638 0.288731 0.161741
0 0.707479 0.14726 0.0518077 0.107294 0.859349
0 0.481783 0.539348 0.0489495 0.107657 0.76768
0 0.703 0.695569 0.0502762 0.103608 0.644178
0 0.706446 0.155508 0.0568153 0.121383 0.91539
0 0.481913 0.54372 0.0520836 0.115092 0.830949
0 0.70206 0.70026 0.0569567 0.115131 0.613825
0 0.699947 0.0598654 0.035908 0.0684026 0.147401
0 0.623859 0.33116 0.0378139 0.0612775 0.116065
0 0.705482 0.150167 0.0542392 0.11531 0.779113
0 0.701876 0.697432 0.0522521 0.11593 0.773608
0 0.480867 0.538357 0.0519153 0.115461 0.607208
0 0.701896 0.698138 0.0546349 0.112111 0.903413
0 0.704544 0.151267 0.0561073 0.113085 0.892519
0 0.480619 0.539888 0.0527427 0.112613 0.794353
0 0.702056 0.698981 0.0561122 0.114109 0.926775
0 0.705096 0.149835 0.0589138 0.117459 0.915475
0 0.480217 0.540377 0.0522678 0.117459 0.833697
0 0.7048 0.148457 0.0584127 0.12102 0.820427
0 0.480859 0.537923 0.0517716 0.123183 0.815582
0 0.701682 0.698702 0.0568878 0.116249 0.815393
0 0.704245 0.145842 0.0567739 0.111748 0.945302
0 0.701602 0.694874 0.0528691 0.109973 0.934523
0 0.480822 0.538559 0.052195 0.11646 0.918557
0 0.701784 0.694863 0.0542814 0.107753 0.754298
0 0.703471 0.147007 0.0565929 0.111045 0.752939
0 0.480086 0.535588 0.0544292 0.121384 0.619061
0 0.702638 0.696136 0.051884 0.106009 0.881731
0 0.704626 0.144916 0.0519947 0.114348 0.861504
0 0.480244 0.537723 0.0518815 0.120106 0.765717
0 0.701638 0.0596823 0.0357398 0.0705208 0.175813
0 0.62435 0.329782 0.0359343 0.061519 0.111453
0 0.70243 0.698144 0.0505603 0.10863 0.883552
0 0.705118 0.14586 0.0571502 0.114158 0.859452
0 0.480598 0.53872 0.052008 0.118394 0.79974
0 0.701888 0.0591408 0.0364484 0.0676753 0.17851
0 0.701911 0.694582 0.0543382 0.114807 0.880329
0 0.705703 0.145757 0.0593327 0.119342 0.878959
0 0.481801 0.535417 0.0537468 0.125236 0.818121
0 0.702307 0.0581835 0.0375202 0.0651187 0.128402
0 0.704953 0.147806 0.0590222 0.119112 0.826326
0 0.701885 0.696312 0.0544799 0.114819 0.807403
0 0.480753 0.536452 0.0517879 0.123387 0.730463
0 0.704363 0.145165 0.0525636 0.109907 0.925933
0 0.702046 0.694266 0.054127 0.11064 0.924819
0 0.479986 0.536068 0.0504813 0.117726 0.909481
0 0.702284 0.696208 0.0522487 0.106587 0.876497
0 0.705258 0.147418 0.0529345 0.108526 0.869709
0 0.480737 0.539832 0.0520626 0.115345 0.823063
0 0.707479 0.144868 0.0501733 0.106848 0.872487
0 0.703041 0.695226 0.0500203 0.103382 0.868546
0 0.48113 0.535957 0.0508686 0.116377 0.853584
0 0.662428 0.15551 0.0168053 0.0453801 0.312174
0 0.625086 0.329238 0.0354538 0.0579885 0.150374
0 0.628318 0.482952 0.0322821 0.0609849 0.142608
0 0.701832 0.0590384 0.0342572 0.060292 0.136231
0 0.753962 0.317608 0.0164134 0.0346052 0.126399
0 0.701462 0.698009 0.0540978 0.109145 0.911003
0 0.705143 0.14879 0.0546289 0.113417 0.91092
0 0.481337 0.538161 0.0527648 0.116976 0.866156
0 0.702519 0.695507 0.0533245 0.112296 0.854673
0 0.70588 0.145148 0.0524679 0.116091 0.842891
0 0.481464 0.538145 0.0517088 0.116711 0.7621
0 0.705642 0.145347 0.0530645 0.116014 0.896922
0 0.702533 0.697159 0.052937 0.11134 0.89548
0 0.481166 0.538484 0.0521039 0.116689 0.823976
0 0.703306 0.69657 0.0501462 0.105308 0.883841
0 0.705598 0.146263 0.0505161 0.107741 0.854471
0 0.480629 0.536678 0.0509123 0.115596 0.832389
0 0.702615 0.698534 0.0503855 0.106398 0.908822
0 0.705478 0.148358 0.0523494 0.1098 0.870369
0 0.480907 0.537194 0.0523292 0.118639 0.860413
0 0.701663 0.697051 0.0503495 0.103678 0.89383
0 0.705825 0.147922 0.0528641 0.10862 0.84977
0 0.48116 0.536189 0.0521182 0.119412 0.844445
0 0.702254 0.696732 0.0515104 0.105929 0.823323
0 0.706111 0.147941 0.0527049 0.111035 0.798935
0 0.48234 0.537209 0.0541669 0.122319 0.797885
0 0.705699 0.146352 0.0522085 0.109225 0.896469
0 0.481462 0.536558 0.0520976 0.120112 0.881816
0 0.702639 0.695487 0.0519715 0.106501 0.878959
0 0.705669 0.147808 0.0514717 0.110847 0.894763
0 0.702725 0.69735 0.0527654 0.110077 0.890619
0 0.481608 0.537939 0.0530763 0.121351 0.867095
0 0.753765 0.314906 0.0169815 0.0307494 0.348064
0 0.703024 0.696859 0.0492785 0.107632 0.908783
0 0.705464 0.145003 0.0510778 0.112752 0.885484
0 0.481475 0.536809 0.0509622 0.123284 0.854705
0 0.753645 0.315467 0.0156785 0.0307449 0.210106
0 0.70339 0.695901 0.0496554 0.103882 0.831971
0 0.70633 0.14622 0.0499771 0.110694 0.827404
0 0.481312 0.536752 0.0507983 0.12388 0.775313
0 0.753603 0.316945 0.0162981 0.0294495 0.495
0 0.703626 0.695796 0.0506983 0.102493 0.868918
0 0.706638 0.145896 0.050451 0.109591 0.836444
0 0.481264 0.538014 0.0502648 0.119559 0.775138
0 0.753826 0.318568 0.0184871 0.0291663 0.745429
0 0.662162 0.157827 0.016842 0.0393128 0.113695
0 0.702991 0.695788 0.0513661 0.103678 0.826939
0 0.70608 0.144783 0.0508085 0.108977 0.805882
0 0.480556 0.537459 0.0499899 0.121654 0.750928
0 0.753535 0.317246 0.0175765 0.0288761 0.332747
0 0.706993 0.145055 0.0515223 0.109369 0.866679
0 0.703452 0.696661 0.0522497 0.108122 0.850378
0 0.482026 0.536126 0.0527422 0.117766 0.825818
0 0.706034 0.144945 0.0522302 0.109184 0.849753
0 0.480894 0.535792 0.0519171 0.117455 0.840937
0 0.702712 0.696948 0.051523 0.108193 0.83888
0 0.627808 0.733558 0.0390044 0.0649289 0.101605
0 0.703115 0.695382 0.0515887 0.110237 0.840149
0 0.706398 0.144783 0.0507289 0.114355 0.838329
0 0.480248 0.536077 0.0508272 0.116972 0.836162
0 0.706463 0.145632 0.0529419 0.114696 0.867713
0 0.479896 0.536439 0.0514586 0.117413 0.833638
0 0.70277 0.695809 0.0538945 0.110014 0.824434
0 0.702742 0.695899 0.0499022 0.107881 0.914546
0 0.705298 0.144531 0.0511377 0.111815 0.879029
0 0.480129 0.536715 0.0505437 0.115304 0.869594
0 0.702138 0.697396 0.0513665 0.109455 0.866434
0 0.705301 0.145755 0.052403 0.113313 0.818697
0 0.480492 0.537165 0.0510707 0.115928 0.813894
0 0.705625 0.145454 0.0523339 0.10962 0.89742
0 0.702488 0.695892 0.051715 0.1037 0.891846
0 0.480797 0.536903 0.0518607 0.115413 0.873659
0 0.705875 0.147543 0.0534145 0.11369 0.819557
0 0.701636 0.698587 0.0534209 0.108672 0.819295
0 0.480497 0.538027 0.0520149 0.118297 0.788571
0 0.702575 0.695266 0.0514803 0.106042 0.896311
0 0.70587 0.143912 0.0515151 0.111653 0.888233
0 0.480925 0.536106 0.0511488 0.11794 0.868059
0 0.703046 0.696072 0.0502808 0.10563 0.89922
0 0.70598 0.14528 0.0509492 0.111126 0.8786
0 0.480896 0.536608 0.0504327 0.118042 0.861503
0 0.754178 0.319514 0.0172623 0.031367 0.108806
0 0.702165 0.695534 0.0513262 0.108665 0.867297
0 0.705538 0.145066 0.0531653 0.114038 0.863961
0 0.4812 0.535187 0.0528043 0.122767 0.843763
0 0.702247 0.695452 0.0501428 0.105274 0.890976
0 0.706531 0.145286 0.0509564 0.109331 0.868635
0 0.481862 0.537576 0.052441 0.116743 0.844549
0 0.701531 0.695846 0.0536312 0.107732 0.901377
0 0.704654 0.14629 0.0550712 0.112245 0.844766
0 0.481459 0.53655 0.0537012 0.120786 0.80216
0 0.702084 0.69555 0.0512997 0.104111 0.886219
0 0.704672 0.146152 0.0532498 0.107955 0.843909
0 0.480576 0.539557 0.0503704 0.113347 0.810333
0 0.703427 0.327706 0.0314069 0.0560872 0.135652
0 0.702824 0.696131 0.0519152 0.106681 0.869045
0 0.481099 0.537155 0.0508677 0.117643 0.860577
0 0.705625 0.146691 0.053726 0.107173 0.835199
0 0.702309 0.696785 0.0519995 0.108011 0.849508
0 0.480499 0.539186 0.0508407 0.117588 0.846725
0 0.705202 0.148558 0.0541279 0.110839 0.815013
0 0.703025 0.697084 0.051582 0.110693 0.843852
0 0.481044 0.537542 0.0519257 0.117063 0.841839
0 0.706439 0.147028 0.0522224 0.110745 0.813389
0 0.701989 0.695681 0.0552863 0.111324 0.828076
0 0.48047 0.537687 0.0509969 0.116933 0.82258
0 0.705763 0.146204 0.0523427 0.1105 0.79114
0 0.480723 0.536499 0.050141 0.114922 0.895132
0 0.703342 0.695375 0.0515761 0.108517 0.882843
0 0.706726 0.144858 0.0500618 0.110863 0.871443
0 0.703014 0.696465 0.0536094 0.110272 0.85176
0 0.480542 0.537078 0.0512823 0.117417 0.850389
0 0.706381 0.145788 0.0509954 0.111562 0.845279
0 0.702438 0.69555 0.0537869 0.106927 0.898763
0 0.480228 0.536992 0.0520228 0.115547 0.879855
0 0.706252 0.145783 0.0525724 0.109175 0.879419
0 0.702723 0.695697 0.0532475 0.10696 0.865489
0 0.480911 0.536756 0.0522614 0.116401 0.82709
0 0.706646 0.145732 0.0525257 0.109472 0.821796
0 0.481039 0.535995 0.0493459 0.117832 0.897317
0 0.702432 0.696473 0.0526405 0.109236 0.880449
0 0.706301 0.14495 0.050396 0.108779 0.866447
0 0.48125 0.536568 0.0497279 0.117074 0.880062
0 0.703368 0.694813 0.050062 0.109758 0.873465
0 0.706822 0.143965 0.0490755 0.108279 0.838505
0 0.480941 0.53789 0.0513785 0.118773 0.899365
0 0.702918 0.698069 0.052153 0.109241 0.891545
0 0.706239 0.146099 0.0498959 0.110477 0.870193
0 0.703393 0.694803 0.0510598 0.104305 0.871151
0 0.480975 0.536584 0.0512077 0.116971 0.868129
0 0.706475 0.143778 0.0491642 0.107218 0.852394
0 0.703039 0.69706 0.0534672 0.10796 0.87448
0 0.481445 0.537765 0.0530666 0.118224 0.868108
0 0.706433 0.145932 0.0516419 0.112782 0.853418
0 0.703068 0.697056 0.050475 0.111173 0.859494
0 0.481623 0.537234 0.0533049 0.118629 0.830081
0 0.706165 0.146674 0.0510456 0.114309 0.812648
0 0.702619 0.695898 0.050936 0.109175 0.899141
0 0.706378 0.145812 0.0525778 0.112843 0.868069
0 0.481462 0.536363 0.0530637 0.118736 0.856232
0 0.702767 0.695861 0.0521163 0.109712 0.866361
0 0.706409 0.146893 0.053223 0.11337 0.831877
0 0.481248 0.537183 0.0531495 0.119097 0.823774
0 0.702232 0.695417 0.0529505 0.109064 0.893053
0 0.481074 0.536949 0.0512764 0.119533 0.869244
0 0.705887 0.146158 0.0517455 0.113087 0.858567
0 0.702468 0.695147 0.0524645 0.106954 0.876211
0 0.481048 0.536408 0.0506644 0.117134 0.85879
0 0.706431 0.147313 0.0517189 0.111959 0.858747
0 0.702411 0.694939 0.0528099 0.108331 0.894691
0 0.481088 0.536172 0.0507153 0.116958 0.885604
0 0.706138 0.145668 0.0521083 0.111953 0.88343
0 0.706171 0.146003 0.0508463 0.110466 0.864707
0 0.481027 0.537257 0.0509413 0.117172 0.857399
0 0.703181 0.696067 0.0504047 0.109231 0.851823
0 0.702201 0.325862 0.0274978 0.0511644 0.148557
0 0.70198 0.69461 0.0526234 0.10756 0.873438
0 0.481104 0.537178 0.052726 0.117152 0.865496
0 0.706045 0.145302 0.0533459 0.11012 0.840469
0 0.70276 0.694985 0.0515116 0.109241 0.912973
0 0.481081 0.538631 0.0522303 0.11964 0.883797
0 0.706798 0.144964 0.0514808 0.110692 0.876647
0 0.701942 0.696837 0.0533897 0.113512 0.860051
0 0.480358 0.537992 0.0513254 0.118836 0.822803
0 0.705891 0.147025 0.0531023 0.114478 0.805498
0 0.702107 0.695489 0.0526096 0.109276 0.903245
0 0.480619 0.537195 0.0495293 0.115575 0.898564
0 0.706531 0.14503 0.0527751 0.110934 0.878159
0 0.480519 0.536348 0.0500757 0.116878 0.88422
0 0.706546 0.144881 0.0514436 0.113606 0.882639
0 0.702116 0.69542 0.0527183 0.110507 0.875531
0 0.706772 0.145477 0.0518886 0.11134 0.892049
0 0.702432 0.696018 0.0517439 0.10818 0.881809
0 0.480572 0.53774 0.0510506 0.117243 0.880543
0 0.702521 0.696303 0.0518311 0.109044 0.89544
0 0.706598 0.145415 0.0521894 0.108465 0.873748
0 0.480685 0.538021 0.0515943 0.115996 0.840039
0 0.704618 0.326747 0.0249537 0.051311 0.140771
0 0.626396 0.331122 0.0275798 0.0533593 0.125416
0 0.702362 0.696742 0.052669 0.112659 0.92165
0 0.706026 0.146432 0.0529084 0.114913 0.886453
0 0.480942 0.536728 0.0521629 0.124601 0.852584
0 0.626024 0.330578 0.0295492 0.0557185 0.187063
0 0.703795 0.325563 0.0269837 0.0536319 0.174896
0 0.702951 0.695995 0.0487542 0.108649 0.897834
0 0.70621 0.145802 0.0503327 0.111092 0.885438
0 0.481312 0.537177 0.0511068 0.120566 0.83481
0 0.702576 0.325916 0.0271204 0.0523857 0.131818
0 0.706006 0.145264 0.050274 0.111196 0.892009
0 0.702463 0.695203 0.0484339 0.109639 0.881786
0 0.480996 0.53569 0.0525893 0.122444 0.874225
0 0.480906 0.537027 0.0523294 0.118475 0.881137
0 0.702726 0.694997 0.049245 0.105746 0.86659
0 0.706215 0.144989 0.0504181 0.10997 0.856637
0 0.480942 0.538315 0.0522279 0.117573 0.895927
0 0.702924 0.69618 0.050265 0.105689 0.890773
0 0.706304 0.146221 0.050025 0.111126 0.882505
0 0.702689 0.695646 0.0505257 0.109851 0.878741
0 0.706414 0.146281 0.0514295 0.113192 0.875694
0 0.481231 0.537898 0.0521229 0.118677 0.855896
0 0.702666 0.695574 0.0492895 0.109263 0.894597
0 0.706119 0.145932 0.0507702 0.112541 0.887808
0 0.48127 0.537684 0.0510567 0.117438 0.868708
0 0.70451 0.326527 0.0280011 0.0527722 0.175543
0 0.70216 0.695763 0.052524 0.112114 0.88003
0 0.705895 0.145506 0.0533952 0.113782 0.874893
0 0.481737 0.537052 0.0536979 0.120445 0.857113
0 0.702672 0.695367 0.0521322 0.111105 0.886579
0 0.481855 0.537629 0.0526606 0.118331 0.873996
0 0.70629 0.145332 0.0525537 0.112443 0.869851
0 0.703288 0.326972 0.0284141 0.0534802 0.193078
0 0.70243 0.695848 0.0524342 0.108512 0.88235
0 0.480953 0.537676 0.0532956 0.118641 0.878378
0 0.706015 0.145322 0.0524077 0.112438 0.87016
0 0.702301 0.695486 0.0527098 0.105616 0.873785
0 0.480721 0.537473 0.0531834 0.116029 0.856194
0 0.706035 0.145856 0.0516022 0.108326 0.84797
0 0.702711 0.695231 0.0509467 0.103874 0.917355
0 0.481022 0.538142 0.051114 0.11774 0.905007
0 0.706545 0.146256 0.0507505 0.107031 0.882633
0 0.701899 0.327534 0.0284435 0.0498663 0.128057
0 0.754287 0.318993 0.0145003 0.0268606 0.126442
0 0.702095 0.696666 0.0537326 0.110015 0.878232
0 0.481333 0.536426 0.0535628 0.121833 0.866216
0 0.706354 0.146781 0.0526613 0.112815 0.848264
0 0.702914 0.696361 0.0514429 0.108401 0.872545
0 0.480785 0.536612 0.0518581 0.117756 0.857731
0 0.706864 0.146214 0.0503948 0.11073 0.849093
0 0.753916 0.316485 0.0156108 0.0308948 0.131548
0 0.702632 0.695525 0.0518248 0.108029 0.898766
0 0.480478 0.537299 0.0523263 0.117791 0.893345
0 0.706051 0.145282 0.0505382 0.109892 0.884627
0 0.702421 0.695236 0.0526328 0.106877 0.878644
0 0.480931 0.537999 0.0535481 0.118819 0.870444
0 0.706098 0.145042 0.0514839 0.109404 0.839635
0 0.702707 0.696272 0.0521776 0.107269 0.904453
0 0.481293 0.537959 0.0532901 0.119463 0.895371
0 0.706808 0.146393 0.0513823 0.109163 0.872373
0 0.702113 0.325636 0.0305588 0.0535323 0.206549
0 0.626665 0.484635 0.0321227 0.0559956 0.190655
0 0.704189 0.482852 0.0364272 0.0621503 0.102147
0 0.701847 0.694801 0.0516286 0.105798 0.902832
0 0.480976 0.536595 0.0527783 0.119217 0.899239
0 0.706535 0.145157 0.0515183 0.109918 0.885674
0 0.61789 0.0684201 0.0431976 0.0703704 0.27879
0 0.702586 0.324839 0.0309585 0.0538336 0.104811
0 0.481497 0.538214 0.0528704 0.116759 0.903104
0 0.702697 0.695275 0.051679 0.105398 0.899836
0 0.706774 0.146259 0.0509649 0.109637 0.886617
0 0.61753 0.0696367 0.0420131 0.0677976 0.164553
0 0.481944 0.536354 0.0542862 0.122314 0.905639
0 0.702527 0.694802 0.052107 0.108048 0.9056
0 0.706359 0.144725 0.0521024 0.113966 0.8805
0 0.617586 0.0688032 0.0425715 0.0700644 0.104546
0 0.481845 0.536645 0.0543537 0.121819 0.8646
0 0.702442 0.696273 0.0529819 0.110226 0.861587
0 0.706106 0.145764 0.0532049 0.115151 0.846229
0 0.706556 0.144795 0.0526973 0.109572 0.909984
0 0.481959 0.537344 0.0540315 0.118796 0.907264
0 0.703121 0.695255 0.0503753 0.105129 0.901365
0 0.480816 0.537267 0.0521705 0.120368 0.886582
0 0.706219 0.144683 0.0520628 0.113461 0.882727
0 0.702719 0.695471 0.0502391 0.10776 0.8687
0 0.481152 0.538552 0.0511621 0.117394 0.872594
0 0.707276 0.145245 0.0494969 0.109123 0.862992
0 0.70347 0.695053 0.0495234 0.106038 0.854611
0 0.481217 0.538917 0.0524743 0.117481 0.900554
0 0.706752 0.145445 0.0514086 0.109235 0.890796
0 0.703399 0.695173 0.0501643 0.105812 0.886239
0 0.480926 0.539199 0.0518267 0.116305 0.864439
0 0.706249 0.145278 0.0513651 0.110148 0.853486
0 0.702954 0.695161 0.0494058 0.106108 0.847625
0 0.481537 0.538562 0.0527667 0.118437 0.88806
0 0.703648 0.695898 0.0498444 0.108613 0.883373
0 0.706651 0.145529 0.0531387 0.112426 0.880819
0 0.702776 0.695369 0.0495092 0.107747 0.884419
0 0.70542 0.144743 0.0515929 0.112057 0.874413
0 0.480746 0.538356 0.0507682 0.116065 0.871939
0 0.702581 0.694747 0.0513319 0.107754 0.888356
0 0.705901 0.144869 0.052153 0.112569 0.877484
0 0.48178 0.537898 0.0528204 0.117689 0.871159
0 0.702251 0.694233 0.0498481 0.104528 0.899078
0 0.705745 0.144877 0.0520571 0.109401 0.89229
0 0.481424 0.537801 0.0529709 0.117392 0.886073
0 0.702494 0.695974 0.0493326 0.104432 0.904388
0 0.705886 0.146464 0.051243 0.108708 0.893609
0 0.481576 0.538815 0.0532746 0.116846 0.887232
