0 0.395011 0.837302 0.069076 0.14793 0.808459
0 0.607542 0.34111 0.0716233 0.145334 0.490891
0 0.684137 0.339675 0.0313085 0.0748855 0.27336
0 0.263326 0.278296 0.0726989 0.148081 0.253353
0 0.365887 0.537511 0.0298067 0.0675663 0.215015
0 0.678289 0.570887 0.0258065 0.0716756 0.204641
0 0.594652 0.341464 0.043448 0.119244 0.191051
0 0.265026 0.275139 0.0773525 0.155095 0.908216
0 0.609779 0.343064 0.0756397 0.149597 0.780149
0 0.397222 0.838101 0.0750397 0.149213 0.779421
0 0.468912 0.307722 0.0278631 0.0817386 0.124983
0 0.254516 0.305639 0.0494236 0.0869148 0.121055
0 0.266928 0.281377 0.0789603 0.169174 0.933814
0 0.608904 0.346819 0.0742692 0.159803 0.901348
0 0.397857 0.838479 0.0745795 0.155602 0.87282
0 0.263218 0.278612 0.0735167 0.160281 0.767521
0 0.394839 0.838762 0.0755885 0.14844 0.719068
0 0.606996 0.346483 0.0780663 0.156844 0.717057
0 0.471684 0.399412 0.0211065 0.0434257 0.475624
0 0.52533 0.244468 0.0292403 0.0955667 0.116148
0 0.263648 0.41183 0.0201072 0.0331601 0.106499
0 0.60502 0.343567 0.0703912 0.150808 0.926069
0 0.262436 0.278739 0.073445 0.157734 0.892354
0 0.397415 0.8391 0.079168 0.150953 0.851756
0 0.471042 0.397508 0.0261482 0.0508855 0.299108
0 0.681696 0.338924 0.0318889 0.0837027 0.201232
0 0.523887 0.245614 0.0309928 0.097215 0.172796
0 0.675855 0.568272 0.0290928 0.0908625 0.148737
0 0.607635 0.349428 0.0744293 0.159005 0.936524
0 0.264727 0.27822 0.0731228 0.165464 0.932649
0 0.396907 0.840354 0.0784942 0.155271 0.914747
0 0.471436 0.396523 0.0236296 0.04743 0.188026
0 0.682621 0.341626 0.035008 0.0866838 0.152028
0 0.379757 0.147612 0.0250775 0.0465602 0.10723
0 0.262476 0.274642 0.0720215 0.165671 0.847116
0 0.606075 0.341981 0.0715622 0.157355 0.788692
0 0.397307 0.831678 0.0798194 0.163241 0.750593
0 0.511415 0.377089 0.148654 0.469881 0.298803
0 0.380887 0.150215 0.029629 0.0513104 0.128179
0 0.262783 0.280116 0.0745916 0.164294 0.990238
0 0.397568 0.841563 0.0811821 0.149026 0.985864
0 0.607653 0.347264 0.0756104 0.156154 0.984851
0 0.472372 0.396908 0.02742 0.0483448 0.179919
0 0.381171 0.151831 0.03207 0.0509696 0.170833
0 0.252051 0.288979 0.0467105 0.126056 0.126172
0 0.606757 0.347451 0.0703511 0.159823 0.943797
0 0.398287 0.839929 0.0808649 0.159114 0.917715
0 0.264604 0.279566 0.0759833 0.164805 0.915191
0 0.605075 0.347097 0.0674698 0.155779 0.806241
0 0.261834 0.276637 0.0670192 0.158838 0.767755
0 0.395251 0.837422 0.0722683 0.150889 0.641572
0 0.379885 0.147429 0.0223995 0.0427837 0.195053
0 0.472224 0.395449 0.0239988 0.0442763 0.161357
0 0.262546 0.277516 0.0723962 0.164278 0.97338
0 0.604921 0.349614 0.0712261 0.164245 0.970499
0 0.39669 0.837394 0.0774647 0.156259 0.966102
0 0.262901 0.273061 0.0707656 0.159263 0.896831
0 0.605619 0.342689 0.0655643 0.146806 0.879906
0 0.396718 0.833724 0.0743915 0.147415 0.837054
0 0.471324 0.394916 0.0243908 0.0453623 0.111461
0 0.261523 0.277328 0.0712679 0.16508 0.768557
0 0.604807 0.353495 0.0712019 0.16989 0.727923
0 0.395717 0.839175 0.0765964 0.156658 0.667719
0 0.472106 0.397341 0.0241061 0.0511932 0.244208
0 0.262139 0.275292 0.0681749 0.158043 0.957219
0 0.604819 0.35062 0.0686817 0.165053 0.956063
0 0.39344 0.838755 0.0694663 0.152387 0.927633
0 0.396865 0.833041 0.0705233 0.159112 0.641697
0 0.607722 0.351271 0.0713325 0.164113 0.514315
0 0.271259 0.280723 0.0847914 0.161144 0.359399
0 0.677646 0.578344 0.0242355 0.0774625 0.30269
0 0.364784 0.544561 0.027818 0.0856939 0.226678
0 0.594263 0.361592 0.0356026 0.0878082 0.196763
0 0.158662 0.505891 0.039252 0.0928073 0.185867
0 0.372235 0.298893 0.0319456 0.0966651 0.141921
0 0.516768 0.551266 0.0247912 0.0716726 0.13744
0 0.682797 0.350717 0.0313616 0.0838042 0.135044
0 0.470839 0.318878 0.0295536 0.0974404 0.117776
0 0.397049 0.813559 0.0736503 0.193261 0.983337
0 0.607361 0.342174 0.0710002 0.148572 0.949058
0 0.26751 0.274684 0.0824814 0.162149 0.668319
0 0.522047 0.396928 0.20082 0.40317 0.241778
0 0.258156 0.26443 0.121363 0.25237 0.104229
0 0.396318 0.841274 0.0690469 0.143957 0.955502
0 0.607649 0.34469 0.0700572 0.148211 0.868426
0 0.267953 0.279038 0.0768469 0.160764 0.821519
0 0.60462 0.34808 0.0745966 0.166681 0.752011
0 0.394651 0.818967 0.0721566 0.184971 0.735228
0 0.265479 0.276901 0.0780283 0.169824 0.57266
0 0.394962 0.831286 0.0705993 0.151363 0.796399
0 0.604487 0.342104 0.072651 0.153261 0.68223
0 0.267154 0.27378 0.0745971 0.158682 0.50349
0 0.395847 0.836143 0.0745897 0.1579 0.886904
0 0.604003 0.349135 0.0752774 0.167816 0.87458
0 0.264509 0.278658 0.0812989 0.171278 0.718394
0 0.491721 0.516794 0.0981523 0.190568 0.12255
0 0.602921 0.349443 0.0722344 0.165711 0.847749
0 0.394772 0.836591 0.0729947 0.159716 0.824617
0 0.261619 0.277991 0.07655 0.175745 0.708136
0 0.604131 0.349638 0.0720395 0.160006 0.8698
0 0.395066 0.839219 0.0728859 0.150399 0.848011
0 0.261212 0.278735 0.0729678 0.17115 0.753706
0 0.397464 0.817704 0.0752821 0.187025 0.90612
0 0.605395 0.349305 0.0717659 0.164529 0.882732
0 0.263193 0.276264 0.0748028 0.170585 0.812041
0 0.397018 0.828693 0.0743102 0.168063 0.805222
0 0.604892 0.346724 0.0703569 0.165585 0.750913
0 0.261042 0.275244 0.0745865 0.165757 0.660447
0 0.604363 0.345057 0.0685779 0.153228 0.972656
0 0.261907 0.275863 0.0702948 0.161022 0.956491
0 0.39309 0.837631 0.0714896 0.152225 0.956473
0 0.60481 0.34838 0.0705352 0.157479 0.894864
0 0.394504 0.838259 0.0756401 0.151269 0.84998
0 0.2615 0.279049 0.0697997 0.163588 0.818291
0 0.604952 0.348579 0.0694681 0.163911 0.888662
0 0.261276 0.278695 0.0680647 0.16321 0.874572
0 0.393795 0.836237 0.0731813 0.158015 0.818502
0 0.261325 0.275821 0.0694134 0.159887 0.864162
0 0.60453 0.347709 0.0679945 0.160178 0.839453
0 0.392878 0.838188 0.0706393 0.15238 0.805981
0 0.605435 0.347057 0.0669734 0.158561 0.876192
0 0.262731 0.272134 0.0681822 0.160591 0.836633
0 0.393384 0.827885 0.0704403 0.168453 0.790788
0 0.605592 0.348971 0.0684123 0.156301 0.846633
0 0.262103 0.272926 0.0684215 0.15904 0.795748
0 0.393635 0.838791 0.0697723 0.150475 0.767422
0 0.604601 0.348672 0.0654042 0.156303 0.958667
0 0.261762 0.275237 0.0702762 0.16197 0.932037
0 0.393484 0.837152 0.0684931 0.144004 0.92483
0 0.605237 0.350744 0.0667082 0.160484 0.864673
0 0.393838 0.837762 0.0692907 0.144262 0.855369
0 0.261324 0.273024 0.0707705 0.159439 0.837485
0 0.605702 0.346034 0.0647656 0.151574 0.892936
0 0.392972 0.837191 0.0688235 0.147127 0.843033
0 0.263013 0.273825 0.0685027 0.162194 0.82449
0 0.473092 0.394875 0.0211816 0.0434934 0.382934
0 0.235893 0.406671 0.0239106 0.0422006 0.359174
0 0.165054 0.192592 0.0405294 0.091031 0.141243
0 0.604367 0.348163 0.0683684 0.158252 0.943878
0 0.262173 0.273994 0.0690618 0.162627 0.91566
0 0.392708 0.823202 0.0717774 0.183691 0.888651
0 0.603749 0.346829 0.0650818 0.150459 0.840474
0 0.262164 0.274649 0.0693938 0.158194 0.822329
0 0.392243 0.8395 0.0669474 0.146746 0.722958
0 0.473292 0.393958 0.0194363 0.0401674 0.19514
0 0.235124 0.408308 0.0192772 0.0352818 0.161496
0 0.153624 0.584505 0.0161013 0.0326524 0.122291
0 0.604324 0.347126 0.0664889 0.155234 0.928706
0 0.262185 0.276762 0.0694536 0.165592 0.899812
0 0.393374 0.837435 0.0681838 0.146939 0.88896
0 0.261477 0.276876 0.070933 0.159821 0.89301
0 0.606049 0.346253 0.0690308 0.153357 0.891222
0 0.394827 0.836829 0.071449 0.146619 0.875576
0 0.262052 0.276662 0.0709056 0.163251 0.885379
0 0.395125 0.838569 0.0735776 0.14906 0.849182
0 0.605884 0.347894 0.0707904 0.155784 0.842671
0 0.262253 0.275681 0.064965 0.158381 0.888636
0 0.604887 0.347305 0.0678138 0.148339 0.837353
0 0.393928 0.838607 0.0701816 0.142846 0.821018
0 0.605252 0.347749 0.0671563 0.150394 0.837826
0 0.39446 0.837542 0.0697398 0.141919 0.812572
0 0.261718 0.277524 0.0666411 0.160337 0.807285
0 0.604753 0.345847 0.0654325 0.151557 0.898292
0 0.39344 0.835302 0.0679216 0.14432 0.844904
0 0.261459 0.275143 0.066157 0.156785 0.836596
0 0.605154 0.350348 0.0679761 0.156186 0.904901
0 0.262007 0.276675 0.0703425 0.159893 0.868861
0 0.396012 0.838551 0.073942 0.147567 0.853081
0 0.604395 0.348828 0.0680867 0.156423 0.893147
0 0.260912 0.272787 0.0639762 0.156585 0.87319
0 0.39367 0.837946 0.0688007 0.143239 0.86816
0 0.604222 0.347909 0.0677456 0.155304 0.863257
0 0.39378 0.838275 0.0690003 0.147585 0.8235
0 0.261262 0.273931 0.0665889 0.158966 0.814505
0 0.604584 0.347509 0.0658997 0.15367 0.889957
0 0.394198 0.837983 0.068679 0.149025 0.851162
0 0.26206 0.276436 0.0675731 0.159025 0.849192
0 0.604011 0.346694 0.0648307 0.153698 0.852855
0 0.393157 0.836079 0.0671898 0.150825 0.824662
0 0.260889 0.276777 0.067866 0.159402 0.80802
0 0.262953 0.276189 0.0664203 0.160031 0.884881
0 0.605147 0.347608 0.06577 0.152682 0.851748
0 0.393788 0.835562 0.0704785 0.149511 0.821933
0 0.262052 0.276294 0.0660085 0.156162 0.841556
0 0.604214 0.348932 0.0654039 0.151222 0.84025
0 0.393164 0.837132 0.069028 0.144273 0.820929
0 0.393996 0.838528 0.071047 0.143279 0.849923
0 0.260965 0.274995 0.0657545 0.154727 0.837164
0 0.60461 0.347232 0.0654477 0.151442 0.822376
0 0.39535 0.838271 0.0748599 0.145567 0.865658
0 0.604784 0.349007 0.0667328 0.156505 0.85925
0 0.259695 0.274928 0.0700845 0.158974 0.83203
0 0.604998 0.348567 0.0646871 0.154658 0.900734
0 0.260757 0.276 0.0676245 0.158124 0.870536
0 0.392978 0.8376 0.0680205 0.143136 0.824602
0 0.604951 0.349749 0.0655297 0.158283 0.85361
0 0.260541 0.276888 0.0662411 0.160613 0.820172
0 0.39322 0.837911 0.0690064 0.14461 0.81322
0 0.606148 0.346712 0.064966 0.146641 0.914843
0 0.261345 0.274455 0.0674739 0.154626 0.913279
0 0.393705 0.838798 0.0662559 0.138279 0.911318
0 0.605496 0.348764 0.0663557 0.151905 0.872131
0 0.261271 0.274935 0.0683775 0.159873 0.863582
0 0.39347 0.838396 0.0673977 0.142138 0.849833
0 0.26148 0.274253 0.0684536 0.160985 0.895431
0 0.605595 0.347437 0.067564 0.155805 0.887277
0 0.393355 0.837881 0.0689848 0.146181 0.859431
0 0.261471 0.275807 0.0679985 0.160871 0.888656
0 0.60489 0.351132 0.0672215 0.153659 0.873663
0 0.393198 0.838645 0.0687705 0.144637 0.856618
0 0.604239 0.349745 0.0675978 0.161018 0.846933
0 0.392676 0.835474 0.0695521 0.150844 0.830579
0 0.261358 0.274317 0.0692066 0.165858 0.826397
0 0.39314 0.838367 0.0662748 0.138951 0.882722
0 0.603848 0.350543 0.0649999 0.155241 0.874845
0 0.26096 0.275023 0.0670601 0.157624 0.86126
0 0.603772 0.350788 0.0669847 0.159011 0.882419
0 0.260175 0.275988 0.0682264 0.158634 0.865781
0 0.393513 0.836002 0.0682472 0.141903 0.865642
0 0.60405 0.350518 0.0658219 0.156638 0.871134
0 0.260542 0.276078 0.0670662 0.161052 0.851296
0 0.393424 0.835567 0.0672402 0.140533 0.840186
0 0.236192 0.409178 0.0233078 0.0433134 0.118999
0 0.605864 0.34905 0.0660228 0.152876 0.869888
0 0.261512 0.273384 0.0672022 0.161461 0.863762
0 0.394038 0.835683 0.0699987 0.139608 0.858518
0 0.393626 0.837711 0.0689912 0.139523 0.865252
0 0.604349 0.350421 0.0674281 0.152371 0.86476
0 0.261479 0.275429 0.066993 0.162969 0.847312
0 0.393783 0.838346 0.0676176 0.137178 0.875468
0 0.604487 0.350199 0.0659745 0.150056 0.859794
0 0.261431 0.276933 0.0678298 0.159061 0.842075
0 0.39333 0.838244 0.067494 0.138411 0.853341
0 0.60373 0.349263 0.065461 0.151168 0.848892
0 0.260517 0.276373 0.0684658 0.158655 0.812882
0 0.394414 0.837008 0.0673603 0.137525 0.918867
0 0.604667 0.347785 0.0654102 0.149996 0.909882
0 0.261235 0.274634 0.06544 0.154929 0.8899
0 0.394215 0.837377 0.0693417 0.138757 0.8801
0 0.604097 0.34887 0.0664231 0.152985 0.870201
0 0.260914 0.276231 0.0668776 0.15984 0.846988
0 0.604014 0.347973 0.067266 0.155863 0.916027
0 0.261093 0.273458 0.0659543 0.157559 0.889298
0 0.393394 0.836744 0.0681113 0.141354 0.883814
0 0.604283 0.347933 0.0673863 0.154969 0.856564
0 0.261693 0.272826 0.066048 0.158633 0.85557
0 0.394183 0.836651 0.0674759 0.143025 0.835023
0 0.604754 0.347736 0.0658101 0.153248 0.90951
0 0.261609 0.273705 0.0663987 0.161053 0.89213
0 0.394146 0.837525 0.0685322 0.145641 0.889275
0 0.261769 0.27499 0.0656562 0.15731 0.889941
0 0.604727 0.348092 0.0648389 0.149183 0.88174
0 0.394527 0.837732 0.06947 0.143326 0.876618
0 0.261468 0.276995 0.0661808 0.156043 0.889574
0 0.604245 0.350373 0.0658182 0.151089 0.87892
0 0.394183 0.83928 0.0697256 0.146293 0.86024
0 0.262266 0.273727 0.0663069 0.154368 0.876456
0 0.394266 0.83611 0.0694112 0.144692 0.869966
0 0.604964 0.347348 0.0656824 0.150247 0.859099
0 0.604567 0.348414 0.0674537 0.152719 0.880798
0 0.260862 0.274967 0.0690263 0.156936 0.862663
0 0.394189 0.838125 0.0716475 0.147997 0.857172
0 0.60429 0.348543 0.0661973 0.153789 0.852427
0 0.394034 0.837752 0.069588 0.147777 0.848262
0 0.261493 0.274042 0.0674605 0.158126 0.84806
0 0.261566 0.273375 0.06822 0.16002 0.925803
0 0.60504 0.349506 0.0673275 0.15614 0.919408
0 0.393566 0.835438 0.0688706 0.143116 0.903917
0 0.26206 0.276316 0.0696613 0.157294 0.906613
0 0.605174 0.350745 0.0683424 0.156142 0.897863
0 0.393796 0.836942 0.0688789 0.141075 0.889944
0 0.60447 0.350321 0.0674365 0.156057 0.916823
0 0.261121 0.276056 0.0691568 0.159091 0.915682
0 0.393548 0.838256 0.0685996 0.141854 0.90057
0 0.604346 0.349367 0.0655392 0.148738 0.886284
0 0.26067 0.275571 0.0686091 0.156094 0.880829
0 0.393695 0.838646 0.0695768 0.140722 0.880055
0 0.39344 0.837638 0.0697422 0.145663 0.903531
0 0.604147 0.347407 0.0661923 0.149618 0.901643
0 0.26034 0.274372 0.0682412 0.158402 0.891525
0 0.260708 0.275185 0.0660197 0.155925 0.896707
0 0.393602 0.839344 0.0661084 0.14573 0.889737
0 0.604657 0.348471 0.0642832 0.149652 0.877449
0 0.260496 0.273 0.06749 0.150361 0.92038
0 0.393423 0.838546 0.0668734 0.139994 0.895716
0 0.604348 0.347739 0.066351 0.144389 0.88916
0 0.260972 0.273935 0.0671795 0.150934 0.928711
0 0.394494 0.839217 0.0654871 0.140731 0.910395
0 0.604988 0.349396 0.0645282 0.144925 0.901204
0 0.393548 0.8387 0.068703 0.143223 0.851677
0 0.260513 0.274884 0.0693549 0.152644 0.828976
0 0.604084 0.350878 0.0673792 0.152381 0.827391
0 0.393765 0.837401 0.0683467 0.142421 0.919698
0 0.604433 0.350097 0.0666824 0.151677 0.892719
0 0.260685 0.274119 0.0679385 0.15238 0.891911
0 0.393981 0.837087 0.0672686 0.147342 0.897986
0 0.604719 0.349202 0.0648648 0.156879 0.884128
0 0.260974 0.272475 0.0662266 0.157247 0.860997
0 0.394132 0.838257 0.0689122 0.147522 0.889623
0 0.605212 0.349946 0.0657779 0.155398 0.880623
0 0.261249 0.274371 0.0670963 0.156489 0.85696
0 0.39447 0.837555 0.0683703 0.143985 0.867878
0 0.261481 0.273051 0.0656214 0.151559 0.859261
0 0.605917 0.349445 0.0653279 0.14853 0.856536
0 0.394723 0.837309 0.0705892 0.148747 0.904267
0 0.606169 0.349452 0.0679386 0.156329 0.87485
0 0.261183 0.272616 0.0688327 0.160397 0.87372
0 0.394576 0.836158 0.0684191 0.142291 0.886554
0 0.606311 0.34894 0.0639826 0.151255 0.85863
0 0.260687 0.274839 0.0675832 0.15717 0.856333
0 0.39419 0.83682 0.0692117 0.145716 0.907412
0 0.605255 0.349178 0.065396 0.156148 0.897288
0 0.260911 0.272358 0.0690538 0.162355 0.891441
0 0.605384 0.347271 0.0657635 0.148564 0.893932
0 0.261758 0.272928 0.0661059 0.155584 0.893754
0 0.394639 0.83713 0.0688826 0.143694 0.88809
0 0.261725 0.274763 0.0660476 0.153079 0.907558
0 0.394371 0.838581 0.0683099 0.141067 0.904006
0 0.604933 0.349065 0.06687 0.147745 0.901397
0 0.260992 0.272595 0.0685329 0.161682 0.898372
0 0.394446 0.837472 0.0704696 0.150729 0.897806
0 0.605312 0.347893 0.0685208 0.155869 0.878999
0 0.261431 0.272693 0.0654099 0.159694 0.905423
0 0.394677 0.837869 0.0685714 0.14779 0.901433
0 0.605101 0.347863 0.0665407 0.152935 0.88452
0 0.260889 0.272566 0.0668165 0.159993 0.880434
0 0.394595 0.838234 0.0700655 0.146221 0.880112
0 0.604496 0.349031 0.0685217 0.156371 0.874545
0 0.394992 0.83898 0.0691191 0.145588 0.895671
0 0.260782 0.273404 0.0667511 0.157455 0.888965
0 0.604611 0.34926 0.0672459 0.154885 0.888224
0 0.395326 0.837852 0.0693546 0.148027 0.896977
0 0.604186 0.350746 0.0687276 0.159277 0.884496
0 0.259874 0.273028 0.0702735 0.163885 0.8844
0 0.394382 0.838618 0.0713078 0.147055 0.869205
0 0.604311 0.351388 0.0689498 0.157701 0.865543
0 0.260317 0.273873 0.0695947 0.1636 0.861803
0 0.604468 0.351846 0.0649934 0.156261 0.911636
0 0.261735 0.27478 0.0650473 0.159748 0.902511
0 0.39562 0.839452 0.0654432 0.143442 0.900157
0 0.395154 0.839476 0.0691702 0.147207 0.876558
0 0.26106 0.275364 0.0692829 0.161932 0.864035
0 0.604616 0.350376 0.0696713 0.163015 0.860002
0 0.395379 0.839113 0.0699928 0.147414 0.897413
0 0.261804 0.275573 0.0704606 0.159327 0.881407
0 0.605369 0.349999 0.0684258 0.15927 0.873482
0 0.394819 0.838872 0.0691352 0.144728 0.924501
0 0.26074 0.27561 0.0700681 0.159298 0.919015
0 0.604066 0.348663 0.0664921 0.15682 0.901605
0 0.260445 0.275152 0.0696827 0.158358 0.90006
0 0.394921 0.838431 0.0696857 0.142305 0.895228
0 0.604276 0.345546 0.067283 0.149486 0.873234
0 0.394934 0.839322 0.069586 0.145229 0.911423
0 0.26077 0.275665 0.0694864 0.161031 0.908077
0 0.604632 0.34719 0.0678936 0.153228 0.898715
0 0.26052 0.274622 0.070537 0.165776 0.905567
0 0.394232 0.837944 0.0699955 0.147021 0.900346
0 0.603402 0.34671 0.0684209 0.157423 0.899154
0 0.261202 0.277603 0.070017 0.15874 0.905729
0 0.603748 0.349452 0.0680736 0.153927 0.894554
0 0.395128 0.839149 0.0698214 0.143334 0.893108
0 0.394694 0.838081 0.0701089 0.147547 0.896797
0 0.261446 0.275694 0.0699085 0.163411 0.896775
0 0.604291 0.347192 0.0673673 0.157399 0.891034
0 0.39441 0.838154 0.0711828 0.149882 0.877299
0 0.260929 0.276106 0.0702891 0.161589 0.873668
0 0.60421 0.347345 0.0680658 0.154453 0.866877
0 0.604802 0.344459 0.0666763 0.146083 0.915865
0 0.393481 0.83886 0.0692907 0.143212 0.907603
0 0.260346 0.275701 0.0697804 0.155084 0.906978
0 0.603629 0.346034 0.0673626 0.15 0.901017
0 0.392707 0.838652 0.0680834 0.14821 0.887614
0 0.259199 0.275911 0.0690277 0.159785 0.884391
0 0.604419 0.345651 0.0661493 0.151001 0.895977
0 0.260108 0.274769 0.0681538 0.157716 0.87894
0 0.393853 0.837682 0.0667723 0.142046 0.874947
0 0.604091 0.347017 0.067232 0.15147 0.918758
0 0.394129 0.837959 0.0679337 0.142311 0.908888
0 0.260389 0.274869 0.0691596 0.160303 0.901225
0 0.604315 0.345455 0.0684036 0.149295 0.894969
0 0.393638 0.838486 0.0658696 0.142488 0.884893
0 0.259849 0.275872 0.0672108 0.158565 0.884706
0 0.261674 0.275241 0.0698719 0.16267 0.906865
0 0.605107 0.345368 0.0687619 0.152357 0.904907
0 0.394387 0.838616 0.0667548 0.144086 0.901829
0 0.259867 0.274317 0.0668785 0.156343 0.921469
0 0.603869 0.345209 0.0666415 0.146693 0.913076
0 0.393075 0.838029 0.065409 0.139811 0.898782
0 0.260775 0.274105 0.0679354 0.158559 0.904485
0 0.394123 0.837854 0.0656502 0.139601 0.891824
0 0.604287 0.34561 0.0662369 0.150123 0.889794
0 0.39411 0.83778 0.0649868 0.138057 0.906943
0 0.604164 0.346378 0.0648785 0.150779 0.898048
0 0.26104 0.275443 0.0688227 0.16163 0.892393
0 0.39412 0.838822 0.0658427 0.137974 0.90666
0 0.60422 0.348951 0.0662329 0.152617 0.898236
0 0.261095 0.27561 0.069871 0.163452 0.894096
