0 0.859932 0.577551 0.0637326 0.0252102 0.925843
0 0.681235 0.578443 0.083156 0.0344433 0.920584
0 0.143569 0.603614 0.0752427 0.0302525 0.723866
0 0.512536 0.58678 0.0702909 0.0303238 0.670617
0 0.3231 0.730197 0.0924725 0.0359224 0.574926
0 0.335194 0.593526 0.0691684 0.0315466 0.571063
0 0.502803 0.412446 0.0873216 0.0306572 0.427635
0 0.336431 0.215415 0.0695874 0.0255814 0.292256
0 0.68095 0.578805 0.0846854 0.0394841 0.964887
0 0.336433 0.59273 0.0810372 0.0389397 0.950867
0 0.501871 0.411637 0.0864333 0.0373149 0.923128
0 0.866572 0.58199 0.0865524 0.0408676 0.916016
0 0.517131 0.590606 0.077906 0.0407564 0.90246
0 0.142889 0.601019 0.0862837 0.0405751 0.793087
0 0.320048 0.211339 0.11665 0.0456018 0.729344
0 0.314036 0.728022 0.110576 0.0452369 0.519008
0 0.674591 0.339795 0.0526889 0.0273206 0.235056
0 0.730945 0.338804 0.05039 0.0296644 0.191183
0 0.729077 0.454508 0.0521407 0.0278455 0.185299
0 0.557904 0.338357 0.0486456 0.0266034 0.104317
0 0.680571 0.579311 0.0908434 0.041971 0.420088
0 0.516612 0.590706 0.0838714 0.0445583 0.367857
0 0.341218 0.593299 0.0926827 0.0395706 0.318687
0 0.870273 0.5838 0.0947844 0.0402569 0.315829
0 0.321007 0.212355 0.11776 0.0463479 0.283853
0 0.32312 0.731512 0.10027 0.0482021 0.20789
0 0.143834 0.60113 0.0885603 0.0426681 0.155124
0 0.731223 0.454446 0.0479551 0.0245133 0.127644
0 0.679261 0.578821 0.0828379 0.0372607 0.720091
0 0.340079 0.591901 0.0873322 0.0370913 0.707833
0 0.866285 0.581538 0.0830223 0.0380335 0.682671
0 0.320791 0.201762 0.111331 0.0646319 0.631324
0 0.497732 0.412154 0.0886222 0.0374929 0.572967
0 0.142584 0.600173 0.0878511 0.041086 0.567345
0 0.514446 0.590943 0.0822595 0.0395293 0.551707
0 0.322843 0.730858 0.0966769 0.042828 0.473367
0 0.315421 0.792159 0.0541914 0.027664 0.243115
0 0.341499 0.26018 0.0518504 0.0202696 0.193092
0 0.338724 0.211941 0.0715925 0.039839 0.192691
0 0.104087 0.796738 0.0456258 0.0335522 0.164169
0 0.338931 0.269278 0.0609353 0.0451617 0.133822
0 0.568923 0.256048 0.0470022 0.0205174 0.133357
0 0.340173 0.270492 0.0517021 0.0265188 0.124435
0 0.340951 0.591947 0.0953782 0.0395846 0.94765
0 0.866239 0.581392 0.0932368 0.0419386 0.92445
0 0.679194 0.579229 0.0909937 0.039708 0.924376
0 0.515204 0.592064 0.0892574 0.0426714 0.894262
0 0.321265 0.732091 0.100381 0.0456112 0.875055
0 0.321424 0.207366 0.115906 0.0509901 0.874032
0 0.500822 0.412437 0.0990323 0.04004 0.868203
0 0.142806 0.600104 0.0930527 0.0433321 0.862978
0 0.709313 0.780568 0.111368 0.0597323 0.383252
0 0.317782 0.79074 0.0630028 0.0320568 0.320411
0 0.336905 0.269364 0.0663612 0.0465174 0.227422
0 0.100095 0.798202 0.0680277 0.0413578 0.216853
0 0.338584 0.259541 0.0574902 0.0225763 0.202822
0 0.485105 0.77412 0.0879398 0.0434966 0.123662
0 0.568832 0.256041 0.0486475 0.0203409 0.10521
0 0.400781 0.401359 0.399778 0.201267 0.92407
0 0.865744 0.582112 0.0804658 0.0394136 0.885058
0 0.67849 0.58006 0.0839933 0.036947 0.84239
0 0.339218 0.592392 0.0854072 0.0373282 0.833175
0 0.515932 0.591565 0.0756739 0.037315 0.790958
0 0.143066 0.601538 0.0883174 0.0385387 0.682385
0 0.323158 0.731319 0.0889446 0.0402564 0.650408
0 0.323006 0.21023 0.114232 0.0462793 0.608874
0 0.692626 0.395512 0.28413 0.16322 0.463769
0 0.497338 0.413164 0.0903537 0.0385838 0.431986
0 0.317709 0.788898 0.059343 0.0255195 0.372578
0 0.708258 0.773499 0.099899 0.0404291 0.309674
0 0.339518 0.258225 0.0540189 0.0205972 0.282952
0 0.570287 0.254993 0.0478995 0.0183136 0.206673
0 0.339661 0.268042 0.0528148 0.0244817 0.19474
0 0.409124 0.40608 0.419804 0.1971 0.997441
0 0.678654 0.579973 0.081866 0.0396962 0.695179
0 0.513503 0.592045 0.0825781 0.0426693 0.669898
0 0.862197 0.581744 0.0824584 0.0397095 0.62017
0 0.336835 0.592671 0.0833425 0.0394168 0.597154
0 0.322404 0.200185 0.113654 0.0680125 0.473515
0 0.497926 0.411459 0.0869054 0.0403965 0.41072
0 0.60651 0.407714 0.45249 0.185816 0.356533
0 0.141468 0.600055 0.093001 0.044376 0.328888
0 0.316738 0.793167 0.0677292 0.036878 0.210148
0 0.348775 0.374758 0.315636 0.131879 0.204867
0 0.319683 0.728814 0.0982867 0.0481369 0.196344
0 0.319114 0.265028 0.0996272 0.0450468 0.185325
0 0.514972 0.591214 0.0806203 0.042397 0.982004
0 0.336924 0.593345 0.0855655 0.0398218 0.980596
0 0.86352 0.582632 0.0817142 0.0399126 0.975627
0 0.67963 0.580736 0.0805272 0.0400444 0.973271
0 0.141412 0.601016 0.0909102 0.042165 0.93174
0 0.322967 0.201883 0.115682 0.0659759 0.931708
0 0.498477 0.412983 0.0934542 0.0410585 0.907292
0 0.319071 0.73184 0.10323 0.051851 0.892171
0 0.315838 0.796315 0.073021 0.0411469 0.673237
0 0.331522 0.26488 0.0769324 0.0437406 0.354998
0 0.680132 0.56476 0.0822576 0.0508499 0.245253
0 0.572459 0.26207 0.0559176 0.0374059 0.236459
0 0.105706 0.800707 0.0647566 0.0404388 0.222985
0 0.719423 0.785398 0.121577 0.058613 0.132186
0 0.51377 0.59065 0.0760746 0.0404951 0.875315
0 0.336959 0.591349 0.0846699 0.0393386 0.860795
0 0.678749 0.578663 0.0761667 0.0374877 0.829201
0 0.498024 0.412316 0.0933485 0.0400402 0.808031
0 0.864801 0.582023 0.078537 0.040015 0.7498
0 0.142369 0.600492 0.0879828 0.0398372 0.721935
0 0.325799 0.205518 0.104746 0.0540467 0.711105
0 0.320257 0.731945 0.097103 0.049432 0.65891
0 0.317102 0.794212 0.0703787 0.0395424 0.597838
0 0.400927 0.408264 0.413441 0.187247 0.57493
0 0.57118 0.256827 0.0496708 0.0260226 0.184331
0 0.710243 0.782958 0.106219 0.0679415 0.163299
0 0.680319 0.556153 0.0711631 0.0343418 0.134848
0 0.511339 0.590022 0.0754954 0.0392084 0.708117
0 0.498512 0.412785 0.090786 0.0399828 0.700586
0 0.678595 0.578741 0.0755015 0.0374386 0.6882
0 0.33757 0.590901 0.0827975 0.0379723 0.66382
0 0.316604 0.793904 0.0679969 0.0400474 0.632413
0 0.864794 0.581444 0.0753722 0.0400524 0.601716
0 0.318067 0.731683 0.0979759 0.0459017 0.590778
0 0.143675 0.600314 0.0853791 0.0385309 0.509559
0 0.334319 0.212687 0.0829601 0.0379966 0.441189
0 0.32574 0.201987 0.0964254 0.0632948 0.369162
0 0.569119 0.255561 0.0449492 0.0220645 0.343611
0 0.371577 0.33523 0.0407437 0.0210198 0.247084
0 0.492201 0.336746 0.0465239 0.0194005 0.213429
0 0.337412 0.258593 0.0493431 0.0212001 0.159788
0 0.55585 0.337863 0.0441564 0.0202987 0.141174
0 0.709587 0.779404 0.0992172 0.058373 0.135791
0 0.319982 0.180646 0.0651365 0.0232471 0.131184
0 0.680639 0.551158 0.0574171 0.0256543 0.105288
0 0.339341 0.592758 0.0900979 0.0423529 0.930492
0 0.319358 0.734018 0.103994 0.0532301 0.913026
0 0.501662 0.412193 0.100636 0.0431856 0.91297
0 0.864448 0.581896 0.0841932 0.0425842 0.910887
0 0.514331 0.592713 0.0845133 0.0435053 0.89938
0 0.145346 0.600043 0.0887919 0.0404322 0.89472
0 0.679326 0.580215 0.0833059 0.0400583 0.869633
0 0.324451 0.211197 0.111834 0.042037 0.861014
0 0.315334 0.796488 0.0754824 0.0460998 0.137112
0 0.338941 0.590571 0.0863701 0.0368542 0.769608
0 0.14493 0.599146 0.0864913 0.0399349 0.734871
0 0.502618 0.410874 0.0939217 0.0414015 0.72771
0 0.864931 0.580659 0.0818269 0.0380923 0.723126
0 0.321826 0.728962 0.0918568 0.0407104 0.71093
0 0.514392 0.591112 0.0827348 0.0384341 0.671359
0 0.679303 0.579223 0.0817377 0.0359401 0.639166
0 0.334993 0.21147 0.0874188 0.038659 0.597002
0 0.338388 0.592342 0.0877374 0.0388172 0.684207
0 0.143433 0.5997 0.0904478 0.042878 0.621471
0 0.514213 0.591566 0.083514 0.0416689 0.613804
0 0.320005 0.20163 0.119519 0.0674483 0.577246
0 0.679375 0.579749 0.0825229 0.0388325 0.552589
0 0.865871 0.581434 0.0811935 0.0398638 0.541473
0 0.316562 0.796687 0.0712181 0.0468546 0.539172
0 0.499418 0.412281 0.0961475 0.044862 0.523578
0 0.717202 0.783893 0.120711 0.0697308 0.511283
0 0.314451 0.731766 0.112097 0.0591771 0.459351
0 0.568093 0.264215 0.0548684 0.0384939 0.220435
0 0.335673 0.266033 0.0673495 0.0420271 0.214719
0 0.741575 0.255835 0.0626624 0.0214949 0.20366
0 0.492934 0.336051 0.046095 0.0189987 0.101307
0 0.33927 0.592566 0.0863928 0.0391592 0.840546
0 0.144747 0.600536 0.0876737 0.0416901 0.771008
0 0.680369 0.579978 0.0798228 0.0385987 0.760306
0 0.514887 0.592256 0.0824089 0.0411938 0.734552
0 0.499849 0.412126 0.090789 0.0416165 0.684219
0 0.867601 0.581742 0.0828666 0.0408043 0.651194
0 0.329244 0.203314 0.101657 0.0599681 0.638435
0 0.323112 0.731633 0.0961813 0.0519469 0.621752
0 0.709817 0.783733 0.10817 0.0705625 0.292336
0 0.86217 0.578098 0.0736898 0.0364189 0.945988
0 0.679989 0.579913 0.076748 0.0367035 0.876867
0 0.337431 0.593914 0.0764771 0.039686 0.809397
0 0.145749 0.599536 0.0772147 0.0396143 0.796173
0 0.320077 0.734364 0.0885849 0.0504339 0.784734
0 0.519097 0.591559 0.0734245 0.0405332 0.757919
0 0.323435 0.212612 0.104403 0.0407388 0.625319
0 0.50602 0.412035 0.0994192 0.0374962 0.562123
0 0.0987752 0.803175 0.0498275 0.0454087 0.475619
0 0.567742 0.264113 0.054415 0.0373077 0.320417
0 0.171684 0.589721 0.223154 0.098159 0.232263
0 0.149705 0.587037 0.113917 0.0946714 0.216223
0 0.518805 0.792261 0.134763 0.0451996 0.146266
0 0.545362 0.266826 0.10628 0.0437445 0.129197
0 0.323949 0.181459 0.0817015 0.0224303 0.127447
0 0.724584 0.792232 0.119499 0.0569641 0.12627
0 0.318963 0.795554 0.0683432 0.0331795 0.111239
0 0.86113 0.580439 0.0733876 0.0398145 0.855892
0 0.321657 0.211551 0.115899 0.0426843 0.778104
0 0.337402 0.592555 0.0846496 0.0411915 0.73571
0 0.420318 0.403507 0.449968 0.180277 0.688073
0 0.317947 0.733082 0.094543 0.0502892 0.661601
0 0.67664 0.579 0.0720072 0.03445 0.635197
0 0.144678 0.598579 0.0846679 0.0411358 0.584449
0 0.513041 0.59019 0.0860702 0.0430761 0.570102
0 0.505212 0.411123 0.103292 0.0400724 0.423384
0 0.763448 0.565747 0.403017 0.119178 0.372383
0 0.334592 0.572018 0.637559 0.117804 0.272705
0 0.219596 0.756987 0.357175 0.138606 0.263366
0 0.597986 0.567769 0.337885 0.11839 0.190957
0 0.166429 0.593662 0.137351 0.0525862 0.148459
0 0.200322 0.585043 0.373757 0.114178 0.137332
0 0.31928 0.181726 0.0848671 0.0246955 0.130965
0 0.738361 0.277718 0.0560482 0.0177049 0.112727
0 0.227594 0.641292 0.399059 0.270813 0.106607
0 0.339286 0.593639 0.0861347 0.0383383 0.494527
0 0.31933 0.73491 0.10501 0.049637 0.454631
0 0.864399 0.582424 0.076499 0.0371733 0.414521
0 0.506205 0.411906 0.0988793 0.0393662 0.334276
0 0.519657 0.59156 0.0846273 0.0387804 0.321865
0 0.323522 0.211458 0.114451 0.0433217 0.279074
0 0.680818 0.580397 0.0788014 0.0346063 0.278039
0 0.148192 0.599423 0.0893582 0.04092 0.264193
0 0.457305 0.443319 0.194386 0.117908 0.129216
0 0.863358 0.582566 0.0841072 0.0425054 0.838712
0 0.338747 0.591302 0.0888543 0.040629 0.824284
0 0.319682 0.734319 0.102693 0.0548636 0.775151
0 0.680267 0.57767 0.0876037 0.0378205 0.695352
0 0.323727 0.211311 0.111322 0.042845 0.687827
0 0.516677 0.589119 0.0919073 0.0420862 0.686517
0 0.146669 0.598709 0.0836942 0.0422139 0.555585
0 0.498823 0.410364 0.0935687 0.0397842 0.525984
0 0.100263 0.799206 0.0685885 0.0454043 0.205706
0 0.724149 0.785451 0.126024 0.068363 0.17977
0 0.225146 0.723244 0.326589 0.10395 0.172987
0 0.47112 0.432752 0.26654 0.145649 0.122682
0 0.722173 0.803132 0.108849 0.033416 0.115715
0 0.516263 0.589382 0.0877756 0.0370678 0.717148
0 0.866005 0.580139 0.0798633 0.0320064 0.712883
0 0.343594 0.591524 0.0874627 0.0332243 0.634612
0 0.679057 0.578599 0.0816222 0.0331188 0.619878
0 0.500074 0.411452 0.091203 0.0347199 0.578096
0 0.32741 0.211684 0.102854 0.0389361 0.570892
0 0.320697 0.728396 0.0861032 0.0346165 0.359169
0 0.148507 0.599026 0.0849829 0.0394966 0.339303
0 0.103396 0.798416 0.0753859 0.0400242 0.112913
0 0.736766 0.27786 0.0505962 0.0179082 0.111142
0 0.864399 0.58323 0.0893154 0.0406073 0.86887
0 0.326713 0.212537 0.108482 0.0419126 0.809903
0 0.343627 0.593629 0.0958054 0.0389345 0.802482
0 0.515142 0.59162 0.0889524 0.0407406 0.795498
0 0.678221 0.580056 0.0843107 0.0349854 0.71556
0 0.147948 0.600024 0.0875222 0.0398892 0.574204
0 0.503833 0.412223 0.0941576 0.0363561 0.562573
0 0.321673 0.735157 0.101366 0.049255 0.497174
0 0.737278 0.277797 0.0540224 0.0193249 0.378224
0 0.107204 0.800103 0.0902843 0.0441986 0.274195
0 0.729956 0.801558 0.119169 0.0368828 0.21028
0 0.727703 0.784012 0.133466 0.0707493 0.209943
0 0.116896 0.26805 0.0616303 0.0498964 0.133116
0 0.326265 0.21165 0.103377 0.0422164 0.610305
0 0.339721 0.592319 0.0888062 0.0420423 0.590412
0 0.863477 0.581313 0.0862049 0.0410281 0.548327
0 0.514252 0.591459 0.0834835 0.042915 0.531619
0 0.316516 0.732275 0.0916111 0.0472199 0.529508
0 0.678 0.580005 0.0785866 0.0378461 0.501769
0 0.14591 0.598945 0.0865305 0.042627 0.464146
0 0.501893 0.410744 0.0892624 0.0403151 0.462043
0 0.735451 0.276892 0.0535925 0.0179696 0.153524
0 0.105828 0.799707 0.0817026 0.0455326 0.153017
0 0.318649 0.17913 0.0705454 0.0205692 0.127627
0 0.323526 0.211612 0.11263 0.0424751 0.832117
0 0.340786 0.592294 0.0944963 0.0398917 0.825967
0 0.863927 0.581832 0.0931553 0.040354 0.760073
0 0.147059 0.599347 0.0956301 0.0417703 0.736311
0 0.515615 0.59146 0.0924532 0.0405273 0.732521
0 0.680155 0.579645 0.0847355 0.0373269 0.704189
0 0.319723 0.733798 0.10239 0.0482849 0.642627
0 0.50139 0.413078 0.0952148 0.0409344 0.581526
0 0.111362 0.800258 0.0954586 0.0460949 0.305855
0 0.320952 0.186363 0.0928556 0.0353335 0.279223
0 0.363302 0.393868 0.377543 0.158711 0.243723
0 0.726515 0.784438 0.134045 0.0724931 0.201924
0 0.220894 0.717423 0.308391 0.0879579 0.135247
0 0.701224 0.340984 0.103068 0.0274649 0.104537
0 0.323818 0.211381 0.10878 0.0416431 0.894265
0 0.145485 0.59931 0.0858707 0.0398943 0.860531
0 0.340199 0.591508 0.0891266 0.0395814 0.840578
0 0.863685 0.58239 0.0826176 0.0423217 0.829343
0 0.678809 0.580497 0.0762161 0.0340223 0.791331
0 0.337196 0.385002 0.328692 0.144392 0.761325
0 0.515422 0.590677 0.0812771 0.0408539 0.745248
0 0.317905 0.732885 0.105584 0.0500337 0.651951
0 0.499816 0.4117 0.090666 0.0414262 0.639517
0 0.319875 0.19085 0.0911862 0.0444864 0.246159
0 0.10935 0.799352 0.0872298 0.0441315 0.215283
0 0.228255 0.718768 0.307154 0.0913912 0.166764
0 0.305222 0.717217 0.137885 0.0858801 0.136996
0 0.865428 0.581817 0.0804234 0.0424277 0.806875
0 0.333392 0.211311 0.0901148 0.0414277 0.780195
0 0.146368 0.599953 0.0845808 0.0397232 0.748077
0 0.34116 0.591859 0.0862267 0.0408169 0.688613
0 0.499425 0.411113 0.0933487 0.0393039 0.650484
0 0.678706 0.580157 0.0754426 0.03544 0.637363
0 0.514422 0.590659 0.0794507 0.0414488 0.614441
0 0.318285 0.73044 0.0931312 0.0504547 0.605147
0 0.34339 0.381648 0.309652 0.132798 0.313777
0 0.320257 0.178288 0.0699954 0.0188356 0.144769
0 0.863372 0.582302 0.0856672 0.0413054 0.871878
0 0.324649 0.211645 0.107173 0.0418694 0.829151
0 0.499937 0.411608 0.0943893 0.0385509 0.816054
0 0.317193 0.730687 0.0947289 0.0447281 0.799333
0 0.678331 0.580221 0.0801443 0.0365673 0.797738
0 0.51512 0.591169 0.0827902 0.0405878 0.774315
0 0.341095 0.592302 0.0875407 0.0380399 0.772507
0 0.146101 0.599705 0.0856668 0.0403538 0.738259
0 0.344492 0.380769 0.303493 0.123221 0.269316
0 0.111259 0.798741 0.0914485 0.0447382 0.109467
0 0.862787 0.582805 0.087567 0.0393796 0.581984
0 0.677476 0.581338 0.0798043 0.0341601 0.573665
0 0.323067 0.211242 0.111186 0.0416573 0.535504
0 0.499762 0.410854 0.0918612 0.038221 0.470751
0 0.317615 0.732499 0.0965494 0.0459711 0.453176
0 0.339767 0.592357 0.0894599 0.0370531 0.441457
0 0.513555 0.591826 0.0844616 0.0389185 0.408252
0 0.145237 0.599547 0.0859031 0.0402487 0.403583
0 0.347731 0.384957 0.320173 0.133159 0.21613
0 0.864671 0.581733 0.0808684 0.0396706 0.837299
0 0.677793 0.580955 0.0770389 0.0340376 0.816628
0 0.334936 0.210891 0.0845681 0.0402422 0.775261
0 0.498679 0.410368 0.0888309 0.0386462 0.767953
0 0.338958 0.591623 0.0844043 0.037002 0.752573
0 0.318145 0.730951 0.0919972 0.0457237 0.727326
0 0.514249 0.591496 0.0787266 0.0409436 0.706103
0 0.144265 0.599537 0.0836158 0.0397527 0.693128
0 0.352828 0.381639 0.313993 0.134443 0.217355
0 0.866535 0.581307 0.0838115 0.0394297 0.861417
0 0.678788 0.581104 0.0802382 0.0334418 0.809131
0 0.334673 0.21122 0.0832276 0.0383929 0.80066
0 0.51434 0.591654 0.0812932 0.0421608 0.792698
0 0.497065 0.411105 0.0908708 0.0365206 0.789994
0 0.340905 0.591331 0.0861988 0.0374869 0.785452
0 0.318213 0.731606 0.0924818 0.0475866 0.769915
0 0.144443 0.599781 0.0834307 0.0389413 0.755937
0 0.349563 0.380194 0.301495 0.129124 0.263724
0 0.515799 0.591017 0.0849077 0.0421446 0.844455
0 0.498506 0.410345 0.0963023 0.0382175 0.832491
0 0.342478 0.591795 0.090436 0.0386791 0.8319
0 0.679082 0.579306 0.0814855 0.0382223 0.819277
0 0.320314 0.731862 0.0969059 0.0499043 0.815622
0 0.866681 0.580861 0.0867799 0.0419123 0.811781
0 0.146236 0.599094 0.0864152 0.0402442 0.753559
0 0.335155 0.211286 0.0894663 0.0407754 0.717111
0 0.343193 0.38489 0.320399 0.134535 0.348486
0 0.122173 0.79828 0.0991644 0.0449944 0.102138
0 0.516134 0.591551 0.0845739 0.0411372 0.793744
0 0.34067 0.592297 0.087192 0.0390298 0.752363
0 0.865723 0.582146 0.0849718 0.0407343 0.736336
0 0.498189 0.411581 0.0917376 0.0388634 0.736157
0 0.319343 0.733611 0.0965613 0.0514088 0.734385
0 0.678981 0.580581 0.0804954 0.0356041 0.727848
0 0.336203 0.211893 0.08285 0.0404661 0.690935
0 0.144532 0.599839 0.0835002 0.0403677 0.622781
0 0.342528 0.380795 0.303019 0.125076 0.182979
0 0.514629 0.591079 0.0781502 0.0396566 0.927613
0 0.677891 0.579728 0.0739769 0.0343098 0.914269
0 0.497372 0.410961 0.0870513 0.0389118 0.893246
0 0.33785 0.591243 0.0818784 0.0392044 0.887172
0 0.317438 0.731985 0.0894159 0.0466826 0.876289
0 0.863619 0.581416 0.0789886 0.0382898 0.874515
0 0.337292 0.211714 0.0777062 0.0396664 0.832234
0 0.143438 0.599235 0.0827789 0.0398833 0.817822
0 0.678383 0.580374 0.0774674 0.0338715 0.885584
0 0.515396 0.591193 0.0825076 0.038677 0.862331
0 0.865942 0.58133 0.0830445 0.0379975 0.853313
0 0.339618 0.591076 0.0841391 0.0375528 0.828522
0 0.499723 0.412102 0.0903333 0.0349476 0.818113
0 0.317638 0.732391 0.0895867 0.0464484 0.80161
0 0.337023 0.211573 0.0801221 0.038265 0.775291
0 0.144184 0.600161 0.08489 0.039866 0.774171
0 0.339792 0.591747 0.0848175 0.0377802 0.835383
0 0.513466 0.59096 0.083925 0.0390629 0.822172
0 0.678236 0.58034 0.0788151 0.0358766 0.818759
0 0.499281 0.412019 0.0922574 0.0388575 0.811619
0 0.865686 0.580877 0.0854272 0.0381699 0.800077
0 0.145477 0.600067 0.0854854 0.0402817 0.795753
0 0.319092 0.730774 0.0935475 0.0435104 0.766518
0 0.337882 0.211387 0.0771442 0.0375077 0.752455
0 0.337159 0.267936 0.0568763 0.0377405 0.221804
0 0.670236 0.339286 0.0455609 0.0243871 0.220093
0 0.620657 0.694243 0.0747541 0.0303963 0.163033
0 0.726514 0.339703 0.0456149 0.0263066 0.114151
0 0.430904 0.39362 0.0364987 0.0162053 0.112563
0 0.340724 0.592403 0.0884144 0.0394248 0.857885
0 0.499656 0.410977 0.0936838 0.039241 0.825405
0 0.320316 0.731732 0.0992148 0.0454954 0.819384
0 0.514341 0.591138 0.0860931 0.0407767 0.809908
0 0.679221 0.580435 0.0812196 0.0362411 0.791937
0 0.325352 0.20965 0.106846 0.0441259 0.762561
0 0.868007 0.582073 0.0916919 0.0381668 0.710971
0 0.14598 0.599951 0.0876612 0.0409219 0.709583
0 0.344113 0.379731 0.299912 0.126727 0.100248
0 0.340147 0.592331 0.0839903 0.0376902 0.798759
0 0.499683 0.411609 0.0911611 0.0408321 0.776227
0 0.319706 0.732113 0.0904927 0.0438601 0.752904
0 0.868647 0.582064 0.0838484 0.0368547 0.707266
0 0.515949 0.591772 0.0778957 0.0381025 0.646146
0 0.145403 0.599087 0.0846824 0.0411798 0.628898
0 0.336143 0.212029 0.0795588 0.038438 0.622848
0 0.680224 0.581202 0.0760853 0.0335932 0.584634
0 0.348263 0.3784 0.294239 0.122273 0.118407
0 0.338729 0.592085 0.0875222 0.038245 0.883363
0 0.863482 0.582287 0.0841438 0.0394154 0.850741
0 0.68118 0.581037 0.0782094 0.0348057 0.828484
0 0.498465 0.411052 0.0906844 0.0381739 0.826359
0 0.318522 0.732425 0.0933219 0.0461538 0.796193
0 0.144747 0.599175 0.0882039 0.0416949 0.788776
0 0.516389 0.592102 0.0826088 0.0385888 0.787424
0 0.324611 0.211922 0.103214 0.0398099 0.761387
0 0.338365 0.591373 0.0832425 0.0374877 0.846749
0 0.516019 0.590675 0.0857772 0.0383558 0.758166
0 0.144343 0.59851 0.0861293 0.0401508 0.749125
0 0.497598 0.411671 0.090107 0.042329 0.74765
0 0.681464 0.580217 0.0822556 0.0348923 0.746178
0 0.86386 0.581335 0.0827284 0.0387344 0.74419
0 0.320016 0.730967 0.0956586 0.0447485 0.72499
0 0.333716 0.211648 0.0845101 0.0380085 0.602684
0 0.339631 0.592303 0.0822057 0.0382099 0.889059
0 0.497941 0.412472 0.0871867 0.0427403 0.820488
0 0.32277 0.73148 0.100783 0.0473085 0.791261
0 0.515058 0.591541 0.084949 0.0397512 0.791052
0 0.14553 0.599116 0.0840778 0.0395647 0.781825
0 0.680842 0.581235 0.0806049 0.0362206 0.778499
0 0.86539 0.582189 0.0827515 0.0395853 0.772569
0 0.334769 0.211533 0.0820831 0.0375877 0.604779
0 0.340653 0.59208 0.0842481 0.0373411 0.879558
0 0.49767 0.411805 0.0871481 0.0404328 0.840202
0 0.319479 0.731746 0.097974 0.0446679 0.832163
0 0.680456 0.580486 0.0789844 0.0364076 0.810765
0 0.146169 0.598927 0.0867413 0.0398746 0.807829
0 0.514071 0.591252 0.0837294 0.0386017 0.803096
0 0.865612 0.581534 0.0849786 0.0385361 0.792967
0 0.32566 0.210782 0.0997502 0.0395219 0.775927
0 0.499297 0.412639 0.0903174 0.0419172 0.799915
0 0.320483 0.732141 0.100038 0.0479643 0.760868
0 0.340697 0.591913 0.0899414 0.0382676 0.747535
0 0.515839 0.590916 0.0867411 0.0379685 0.712637
0 0.326602 0.211063 0.104493 0.0389936 0.697234
0 0.147613 0.59895 0.0916195 0.0401068 0.695155
0 0.681697 0.580452 0.0801911 0.0360935 0.653054
0 0.866762 0.581259 0.08877 0.0371891 0.651972
0 0.497564 0.411664 0.0847935 0.039121 0.859243
0 0.319185 0.73071 0.0967671 0.0460726 0.845696
0 0.339127 0.592053 0.0870465 0.0350674 0.835944
0 0.514338 0.590797 0.0825768 0.0376139 0.811483
0 0.145475 0.598973 0.0885691 0.0391945 0.75113
0 0.680198 0.58014 0.0785634 0.0340459 0.692391
0 0.33044 0.211319 0.0941838 0.0380618 0.674732
0 0.864775 0.580865 0.0842541 0.0357586 0.582637
0 0.321647 0.731325 0.0983042 0.0457666 0.834241
0 0.496825 0.411133 0.0828794 0.037224 0.830307
0 0.340048 0.592712 0.0870513 0.0360608 0.81693
0 0.516172 0.591574 0.0828454 0.0378462 0.801195
0 0.680845 0.581011 0.0796401 0.034749 0.800281
0 0.145426 0.599427 0.0886418 0.0386369 0.784931
0 0.865903 0.581841 0.0822929 0.0366969 0.722387
0 0.329781 0.211144 0.0981142 0.0414305 0.679849
0 0.339168 0.267658 0.0717814 0.0411704 0.11222
0 0.320872 0.731012 0.0963029 0.0449993 0.876261
0 0.514193 0.591096 0.0835324 0.0394268 0.876117
0 0.679324 0.580692 0.0788214 0.0361517 0.871729
0 0.340241 0.592247 0.0867975 0.0380257 0.846505
0 0.495849 0.410721 0.0810991 0.0374029 0.816613
0 0.143863 0.599298 0.0854389 0.0389223 0.814353
0 0.865585 0.582131 0.0865111 0.0382597 0.79235
0 0.334283 0.211424 0.081019 0.0379064 0.769918
0 0.335795 0.267302 0.0687122 0.041702 0.141898
0 0.680094 0.580775 0.0802927 0.0358204 0.837618
0 0.516011 0.592926 0.0853018 0.0394127 0.836599
0 0.321993 0.730209 0.0976324 0.0430665 0.816164
0 0.496327 0.410611 0.0817803 0.0369867 0.806628
0 0.340981 0.592201 0.0877483 0.0385672 0.790271
0 0.864844 0.582518 0.082754 0.0380709 0.740394
0 0.144876 0.599337 0.0842016 0.039207 0.737124
0 0.336064 0.211724 0.0775845 0.0368798 0.316866
0 0.322718 0.730256 0.101391 0.0427515 0.852262
0 0.681945 0.580637 0.083915 0.036223 0.844623
0 0.516623 0.591151 0.0884441 0.0390741 0.835584
0 0.496721 0.411059 0.0839247 0.0372068 0.818499
0 0.341588 0.592065 0.0908198 0.0391451 0.811529
0 0.145614 0.600079 0.0875112 0.0384296 0.774321
0 0.866108 0.581989 0.0894621 0.0387133 0.742736
0 0.335825 0.212608 0.0792252 0.0356486 0.620558
0 0.431511 0.393505 0.0395598 0.015536 0.134164
0 0.321276 0.729996 0.100226 0.0425618 0.764289
0 0.495224 0.410367 0.0833804 0.0364735 0.75431
0 0.51472 0.590742 0.0869151 0.0394728 0.736105
0 0.679998 0.580085 0.0827691 0.0368488 0.725647
0 0.340438 0.591671 0.0914576 0.0397181 0.715272
0 0.144668 0.599682 0.0900502 0.0392683 0.633361
0 0.864987 0.581298 0.0893325 0.0390852 0.571433
0 0.334298 0.211933 0.0825854 0.036626 0.474098
0 0.498136 0.411737 0.0906148 0.039773 0.808712
0 0.32176 0.732003 0.0977321 0.0443603 0.791254
0 0.341662 0.592084 0.093057 0.0364359 0.751476
0 0.515605 0.591617 0.0865954 0.036324 0.72597
0 0.330932 0.211079 0.0968975 0.0380448 0.68349
0 0.680617 0.579905 0.081537 0.0358412 0.643643
0 0.147554 0.599115 0.0951898 0.0394102 0.322919
0 0.871638 0.581478 0.0965074 0.0374179 0.199773
0 0.496023 0.411361 0.0868162 0.0392158 0.807501
0 0.320499 0.732189 0.0962487 0.0439524 0.804987
0 0.514926 0.592333 0.0846975 0.0373943 0.787151
0 0.341174 0.59268 0.0913598 0.037267 0.785198
0 0.680299 0.58051 0.0808128 0.0360129 0.76483
0 0.329563 0.211329 0.0929726 0.0379593 0.734936
0 0.145805 0.59907 0.0929876 0.0395228 0.716011
0 0.868427 0.58206 0.089723 0.037802 0.693881
0 0.681373 0.580325 0.0816119 0.0368106 0.842361
0 0.515843 0.591872 0.0853669 0.0388735 0.838751
0 0.341403 0.591925 0.0853351 0.0382646 0.822276
0 0.496455 0.411349 0.0838986 0.0397791 0.814704
0 0.145338 0.598776 0.0846386 0.0400402 0.811296
0 0.867536 0.581429 0.0866758 0.0384387 0.801363
0 0.321586 0.73033 0.0980402 0.0454845 0.799706
0 0.335129 0.211358 0.0821985 0.0377852 0.77946
0 0.680398 0.580523 0.0791316 0.0364044 0.833802
0 0.495809 0.411056 0.0833423 0.0396307 0.827115
0 0.321496 0.730638 0.0983811 0.0463425 0.817847
0 0.339769 0.592537 0.0840947 0.0373949 0.816368
0 0.515116 0.592321 0.0834122 0.0381397 0.814074
0 0.14496 0.59895 0.0853506 0.0402675 0.782671
0 0.867465 0.581839 0.0878382 0.0380575 0.733962
0 0.335443 0.211459 0.0797727 0.0375462 0.668469
0 0.680053 0.579938 0.076797 0.0351934 0.865481
0 0.319801 0.730912 0.0931276 0.0440406 0.865292
0 0.340437 0.591887 0.0822897 0.0359929 0.837028
0 0.513811 0.591324 0.0815159 0.0371652 0.833234
0 0.496508 0.410905 0.0816448 0.0395128 0.828493
0 0.14441 0.599297 0.0854013 0.039273 0.772855
0 0.86649 0.581459 0.0862099 0.0366259 0.74643
0 0.335698 0.211836 0.0796829 0.0363358 0.684678
0 0.679867 0.580206 0.0785599 0.0366797 0.830836
0 0.320256 0.73152 0.0949989 0.0454624 0.814824
0 0.513825 0.591771 0.0835744 0.0390131 0.792527
0 0.496957 0.411691 0.0843316 0.0402723 0.785036
0 0.340755 0.592115 0.0853255 0.0371936 0.783249
0 0.145469 0.599248 0.0882744 0.0405852 0.755064
0 0.86714 0.582136 0.0887742 0.0380813 0.721543
0 0.335183 0.211748 0.0840249 0.0384249 0.672513
0 0.680472 0.580194 0.0784416 0.0362723 0.876327
0 0.321065 0.731279 0.0963655 0.0450209 0.874475
0 0.497119 0.411586 0.0872571 0.0404595 0.870259
0 0.515671 0.592155 0.0842688 0.0377666 0.845181
0 0.341029 0.592017 0.0861011 0.0373631 0.79807
0 0.868798 0.582107 0.089889 0.0370804 0.712692
0 0.337497 0.211324 0.0819302 0.0386416 0.557601
0 0.147097 0.599085 0.0885726 0.0402769 0.50832
0 0.679093 0.581169 0.0787289 0.035397 0.798149
0 0.319878 0.73254 0.0963548 0.0466522 0.796736
0 0.514262 0.592844 0.0832896 0.0369821 0.765588
0 0.497293 0.412119 0.0885136 0.0406244 0.763346
0 0.339736 0.592671 0.0853679 0.0378833 0.763081
0 0.86671 0.582552 0.0882217 0.038092 0.719953
0 0.335013 0.211867 0.0847671 0.0389971 0.647065
0 0.145948 0.599761 0.0857699 0.040152 0.585782
0 0.322807 0.731283 0.100133 0.0438576 0.868031
0 0.679807 0.580023 0.0823894 0.0356474 0.831694
0 0.514303 0.591432 0.0855114 0.0370051 0.807465
0 0.496724 0.410353 0.0873053 0.0399876 0.792045
0 0.338938 0.591493 0.0817315 0.0362585 0.772405
0 0.865118 0.580834 0.0865452 0.038116 0.723547
0 0.336392 0.210987 0.0809354 0.0374046 0.577007
0 0.145934 0.598781 0.0838406 0.0394258 0.453229
0 0.323032 0.731736 0.0964282 0.0419371 0.87207
0 0.514744 0.592316 0.0852723 0.036489 0.844582
0 0.680557 0.581088 0.0830902 0.0352243 0.842897
0 0.338703 0.592313 0.0816716 0.0361831 0.800848
0 0.864854 0.581514 0.0851953 0.0378975 0.769643
0 0.49645 0.411283 0.0839939 0.0396473 0.751944
0 0.336658 0.212319 0.0785134 0.0342116 0.743524
0 0.14489 0.601491 0.0835779 0.0349444 0.36738
0 0.678861 0.580039 0.0827144 0.0374175 0.85067
0 0.322134 0.730667 0.0992179 0.0456915 0.840946
0 0.513032 0.590974 0.0862141 0.0399992 0.835729
0 0.49631 0.410772 0.0898484 0.0415148 0.818203
0 0.339604 0.592566 0.088878 0.0379168 0.816886
0 0.864664 0.581432 0.0918432 0.0392475 0.759963
0 0.336219 0.211296 0.0812106 0.0359834 0.379707
0 0.142806 0.598906 0.0859326 0.0416324 0.327504
0 0.32118 0.731396 0.0874201 0.0426512 0.845718
0 0.515248 0.591416 0.082207 0.0374988 0.829542
0 0.340809 0.593018 0.0866957 0.0361258 0.828845
0 0.679278 0.580406 0.078361 0.035271 0.819624
0 0.496391 0.411903 0.0841143 0.0396797 0.800871
0 0.868011 0.581787 0.086946 0.0372922 0.77222
0 0.141323 0.602254 0.0693815 0.0313399 0.204416
0 0.337102 0.211476 0.0751897 0.0294091 0.192438
0 0.679368 0.579717 0.0799836 0.0359879 0.824516
0 0.320558 0.73125 0.0919105 0.0446113 0.822059
0 0.339895 0.591972 0.0902812 0.038777 0.82181
0 0.514091 0.59141 0.0857593 0.0381491 0.821671
0 0.86723 0.581143 0.0917637 0.0396957 0.819825
0 0.496497 0.411718 0.088799 0.0412626 0.779108
0 0.145462 0.59971 0.089518 0.0404904 0.56756
0 0.33293 0.210897 0.0904409 0.0396326 0.296282
0 0.320194 0.730532 0.089917 0.0403099 0.808892
0 0.866716 0.580915 0.0864323 0.038995 0.799458
0 0.514257 0.591345 0.0819008 0.0377871 0.796627
0 0.679152 0.57955 0.0763631 0.0357494 0.782531
0 0.341123 0.591661 0.0862934 0.0378605 0.778913
0 0.496279 0.411401 0.0829749 0.0393684 0.771217
0 0.145577 0.599505 0.0849685 0.03908 0.660656
0 0.334857 0.212484 0.0829552 0.0362733 0.657448
0 0.516851 0.591416 0.0843763 0.0373386 0.814839
0 0.323058 0.730125 0.0953796 0.0419176 0.810174
0 0.68133 0.579651 0.0780953 0.0358031 0.807193
0 0.4982 0.41071 0.0852958 0.0398966 0.795925
0 0.341097 0.5917 0.0852549 0.0382099 0.765787
0 0.868817 0.580718 0.0909466 0.0400271 0.754845
0 0.336061 0.212077 0.0837988 0.0372453 0.736496
0 0.146568 0.599604 0.086486 0.0397031 0.609622
0 0.515771 0.592115 0.0834515 0.0373669 0.818761
0 0.680079 0.580176 0.0779194 0.0362852 0.814319
0 0.321371 0.730525 0.0921403 0.0434241 0.797283
0 0.340569 0.591942 0.0843284 0.0375054 0.776567
0 0.496893 0.411328 0.085944 0.0389534 0.775771
0 0.868473 0.581403 0.0879944 0.038754 0.771386
0 0.336406 0.212356 0.0780584 0.0362232 0.703029
0 0.145914 0.59998 0.0849791 0.0396408 0.511835
0 0.5146 0.591685 0.0827159 0.037632 0.879306
0 0.679792 0.580169 0.0788008 0.0358955 0.866885
0 0.341685 0.591776 0.0862377 0.0386515 0.840255
0 0.869378 0.58156 0.0901322 0.039172 0.839232
0 0.321295 0.730065 0.091347 0.0440011 0.836522
0 0.498045 0.411516 0.088448 0.0388855 0.803953
0 0.336875 0.211678 0.0785927 0.0348417 0.803816
0 0.146346 0.599768 0.0856847 0.0379117 0.779939
0 0.51427 0.592015 0.084301 0.0386361 0.864031
0 0.67936 0.580461 0.0798315 0.0367895 0.849223
0 0.340126 0.591968 0.087143 0.039917 0.831228
0 0.867083 0.581653 0.0930723 0.0398371 0.817196
0 0.32124 0.730427 0.0927562 0.0444067 0.816714
0 0.497918 0.411544 0.0890889 0.0391947 0.777734
0 0.335389 0.21191 0.0827808 0.0358166 0.76746
0 0.145442 0.599607 0.0864173 0.038541 0.736495
0 0.515136 0.592205 0.0868388 0.037738 0.874724
0 0.340851 0.59228 0.0852462 0.0383776 0.858175
0 0.680812 0.580175 0.0799456 0.0362138 0.856712
0 0.322369 0.731065 0.0962944 0.0428083 0.85145
0 0.498373 0.411362 0.0866993 0.0394121 0.838457
0 0.870295 0.581977 0.0991034 0.0394268 0.831827
0 0.334338 0.211709 0.0855388 0.0359446 0.74378
0 0.147111 0.599603 0.0888658 0.0400457 0.457567
0 0.514794 0.592121 0.0890893 0.0373914 0.825193
0 0.323553 0.731027 0.0958488 0.0423871 0.810655
0 0.340678 0.592281 0.0880648 0.0380497 0.808915
0 0.680023 0.5803 0.0838949 0.0360226 0.789614
0 0.49665 0.411447 0.0890155 0.0401006 0.786786
0 0.871583 0.582232 0.103035 0.0395325 0.767144
0 0.330843 0.21102 0.0933273 0.0392628 0.654093
0 0.14741 0.599716 0.0902179 0.0405891 0.522392
0 0.514437 0.591826 0.0842317 0.0380313 0.881173
0 0.679425 0.580166 0.0805032 0.036178 0.874829
0 0.321629 0.730403 0.0886226 0.0405653 0.874779
0 0.496241 0.411293 0.0870932 0.0390961 0.860995
0 0.340334 0.592255 0.0876305 0.0386629 0.84588
0 0.869577 0.582529 0.099546 0.0396836 0.836828
0 0.333254 0.210691 0.0822428 0.0355521 0.783574
0 0.147107 0.599866 0.0898741 0.0400766 0.632983
0 0.515545 0.592043 0.0842633 0.0373228 0.872732
0 0.681102 0.580457 0.0804893 0.0362355 0.854674
0 0.322813 0.73118 0.0902383 0.0417519 0.848507
0 0.869185 0.58248 0.0990345 0.0402283 0.83805
0 0.498189 0.411553 0.0881905 0.0394722 0.819715
0 0.340621 0.592881 0.0890497 0.0385372 0.804911
0 0.333986 0.211065 0.086074 0.0366119 0.784457
0 0.147173 0.600026 0.0910612 0.0403648 0.639338
0 0.515295 0.591567 0.084971 0.0378659 0.859284
0 0.497069 0.411287 0.0857813 0.0395502 0.852172
0 0.323643 0.730223 0.0893463 0.0393263 0.848968
0 0.68065 0.579829 0.0806373 0.0361944 0.841477
0 0.340461 0.592364 0.0900823 0.0380318 0.796384
0 0.866474 0.581763 0.0909202 0.0389877 0.79509
0 0.330599 0.210685 0.0938049 0.0386956 0.685527
0 0.146083 0.600006 0.089844 0.040259 0.49336
0 0.323416 0.729731 0.0887256 0.0385833 0.848889
0 0.515241 0.591317 0.0860802 0.0373636 0.84294
0 0.680772 0.579281 0.0817366 0.0359623 0.832905
0 0.496065 0.411411 0.0859993 0.0399816 0.825492
0 0.866274 0.581533 0.0926928 0.039081 0.769693
0 0.341396 0.591759 0.0918921 0.0370886 0.741585
0 0.332042 0.210846 0.0895251 0.0374862 0.672117
0 0.146822 0.599953 0.0905045 0.039653 0.309013
0 0.322664 0.730443 0.091579 0.0418011 0.880567
0 0.514859 0.59175 0.0870025 0.0394031 0.850253
0 0.680596 0.579849 0.083381 0.0380519 0.843609
0 0.495225 0.411377 0.0912252 0.0420101 0.827307
0 0.341255 0.592294 0.0930365 0.0391596 0.821277
0 0.867573 0.582427 0.0935731 0.0414628 0.821106
0 0.330355 0.211374 0.0923037 0.0390972 0.813854
0 0.146141 0.600435 0.0925163 0.0409437 0.734787
0 0.32303 0.730248 0.0883617 0.0393603 0.855085
0 0.515013 0.591682 0.0847442 0.0379263 0.830875
0 0.680671 0.579799 0.08135 0.036734 0.826964
0 0.496923 0.411289 0.0874076 0.0396207 0.823335
0 0.869448 0.581792 0.0922105 0.0384306 0.820845
0 0.341741 0.592348 0.0901042 0.0371444 0.817844
0 0.333946 0.211102 0.0867222 0.0375998 0.712894
0 0.147326 0.60009 0.0903921 0.0391029 0.422215
0 0.86862 0.582143 0.0941721 0.0396482 0.85789
0 0.321906 0.73082 0.091207 0.0417848 0.850322
0 0.340863 0.592951 0.0894889 0.0389637 0.84828
0 0.514209 0.592202 0.0874344 0.0391964 0.847431
0 0.496546 0.411582 0.0894157 0.0397966 0.839841
0 0.680205 0.580528 0.0826723 0.0373103 0.838749
0 0.327071 0.211591 0.101899 0.0387695 0.755338
0 0.14767 0.60079 0.0907798 0.0403408 0.443391
0 0.322407 0.730785 0.0935507 0.0422144 0.829111
0 0.868695 0.581723 0.0945162 0.0401947 0.827229
0 0.340914 0.59265 0.0891444 0.0392329 0.818168
0 0.514436 0.591945 0.086754 0.0390749 0.817001
0 0.497006 0.411164 0.0877182 0.039732 0.810148
0 0.680372 0.580263 0.0821453 0.0377989 0.80742
0 0.33145 0.211437 0.0876714 0.0372086 0.631229
0 0.147276 0.600695 0.0884303 0.0390875 0.454365
0 0.321971 0.730435 0.0900549 0.0394009 0.874804
0 0.681268 0.580001 0.0798405 0.0360653 0.849943
0 0.340405 0.59258 0.089478 0.0375814 0.849603
0 0.51504 0.591723 0.0846455 0.0373875 0.847284
0 0.867752 0.582282 0.0962865 0.0408874 0.840102
0 0.497015 0.410992 0.0846879 0.0393806 0.833185
0 0.330097 0.211658 0.0880828 0.0354846 0.492978
0 0.146427 0.600332 0.0882493 0.0385422 0.329339
0 0.32222 0.731045 0.0928161 0.0412021 0.848806
0 0.515588 0.592648 0.0852911 0.0381538 0.837206
0 0.868087 0.582694 0.0969788 0.0412577 0.826062
0 0.340717 0.59351 0.0904196 0.0379643 0.824249
0 0.682218 0.58018 0.0797447 0.0364519 0.816185
0 0.497967 0.411418 0.0843949 0.0401861 0.810641
0 0.326519 0.211666 0.0954635 0.0382977 0.631782
0 0.146367 0.600453 0.0889312 0.0394156 0.512749
0 0.322539 0.730584 0.0906539 0.0418358 0.865908
0 0.867806 0.582085 0.0886781 0.0404693 0.845341
0 0.497186 0.41082 0.08385 0.0410123 0.84437
0 0.515712 0.59241 0.0844492 0.0380537 0.840087
0 0.681261 0.580004 0.0800364 0.0371985 0.838961
0 0.340417 0.592493 0.0855281 0.0377889 0.834006
0 0.327231 0.211109 0.0974356 0.0379296 0.751531
0 0.145843 0.600068 0.0874024 0.0402488 0.646864
0 0.320511 0.731492 0.0898725 0.0424057 0.870237
0 0.867418 0.582507 0.091928 0.040054 0.860041
0 0.515559 0.592839 0.0850516 0.036384 0.841888
0 0.496482 0.411126 0.0842098 0.0398052 0.827462
0 0.340792 0.593041 0.0849984 0.0373834 0.821142
0 0.679724 0.580814 0.081163 0.0359175 0.820955
0 0.331176 0.211426 0.0897411 0.0358955 0.769158
0 0.146234 0.600308 0.085429 0.0382332 0.63235
0 0.320555 0.73096 0.0919527 0.0435148 0.909023
0 0.515506 0.592087 0.0872781 0.0377508 0.89743
0 0.866779 0.58186 0.0961549 0.0413395 0.885097
0 0.341992 0.592306 0.0913064 0.0389794 0.884363
0 0.680326 0.579938 0.0826772 0.0371416 0.852782
0 0.495851 0.410717 0.0846767 0.0404264 0.851367
0 0.332059 0.211166 0.0904243 0.0377926 0.834023
0 0.147607 0.599931 0.0883496 0.0380001 0.596181
0 0.320444 0.731156 0.0890618 0.0433826 0.88427
0 0.515813 0.592254 0.0826668 0.0373473 0.871985
0 0.342358 0.59235 0.0890092 0.0387545 0.86197
0 0.866345 0.582115 0.0913151 0.0404655 0.853331
0 0.680615 0.580308 0.0791089 0.0368951 0.838411
0 0.334006 0.211896 0.0810734 0.0366031 0.836878
0 0.496025 0.411495 0.0822655 0.0394077 0.822508
0 0.147585 0.600459 0.0868042 0.0378417 0.605834
0 0.321877 0.729912 0.0941883 0.0410654 0.840214
0 0.680655 0.579798 0.0816276 0.0365909 0.836223
0 0.51633 0.591706 0.0845788 0.0364111 0.828182
0 0.341994 0.591889 0.090665 0.0374907 0.824119
0 0.865874 0.581564 0.0949839 0.0396287 0.816433
0 0.496485 0.411104 0.0887578 0.0397012 0.810123
0 0.334182 0.211411 0.0865321 0.0370486 0.787028
0 0.147943 0.600047 0.0887687 0.0379496 0.399642
0 0.323417 0.730322 0.0932745 0.0418738 0.862177
0 0.681684 0.580089 0.0809515 0.0370501 0.852385
0 0.497391 0.411128 0.0883265 0.0409275 0.847835
0 0.340746 0.592515 0.0877426 0.0377624 0.84363
0 0.515903 0.591692 0.0855183 0.0372229 0.840807
0 0.335033 0.211787 0.0837545 0.0377854 0.833847
0 0.86637 0.581634 0.0873432 0.0396461 0.830552
0 0.147133 0.600454 0.0878526 0.0384749 0.482319
0 0.515547 0.5921 0.0862336 0.0372284 0.820229
0 0.322956 0.729945 0.0926576 0.0404275 0.815447
0 0.339476 0.592546 0.0877937 0.0375903 0.805766
0 0.865039 0.581773 0.0870769 0.0390907 0.802891
0 0.681398 0.579865 0.082714 0.0357386 0.801255
0 0.332616 0.211549 0.0884854 0.0397459 0.781854
0 0.496477 0.410822 0.0861632 0.0406938 0.778966
0 0.146261 0.600488 0.087502 0.0390882 0.567336
0 0.341121 0.592202 0.0881536 0.0370899 0.884
0 0.866449 0.581405 0.087115 0.0384619 0.877453
0 0.324312 0.729885 0.0928089 0.0392458 0.871689
0 0.516827 0.591714 0.0843814 0.0368357 0.871276
0 0.497726 0.411269 0.0827248 0.0386546 0.868184
0 0.682185 0.580144 0.0786131 0.0353603 0.850704
0 0.334626 0.21128 0.086788 0.0390629 0.850354
0 0.146616 0.600544 0.0866542 0.0377617 0.671654
0 0.32443 0.730233 0.0954887 0.0421821 0.878139
0 0.333745 0.210955 0.0864104 0.038671 0.863154
0 0.340914 0.592561 0.0888284 0.038289 0.862947
0 0.866311 0.581579 0.0880118 0.0392553 0.857956
0 0.496241 0.410948 0.08548 0.0398178 0.852765
0 0.680859 0.580134 0.0823395 0.0370356 0.845434
0 0.515265 0.591977 0.0863548 0.0383604 0.841206
0 0.147316 0.600495 0.0856126 0.0377413 0.544775
0 0.324676 0.73026 0.096503 0.0423979 0.89159
0 0.68058 0.580334 0.0827339 0.037293 0.866703
0 0.515279 0.59173 0.0880736 0.0382121 0.860706
0 0.334098 0.210877 0.0852254 0.0375508 0.851169
0 0.496629 0.410986 0.0870431 0.0398817 0.850319
0 0.340455 0.592726 0.0907195 0.0387665 0.849959
0 0.866235 0.581756 0.0889443 0.0392137 0.844325
0 0.147481 0.600497 0.0863085 0.0377533 0.520252
0 0.323803 0.729934 0.0917545 0.0407586 0.868892
0 0.680319 0.58057 0.0801276 0.0368527 0.854899
0 0.51464 0.591838 0.085352 0.0378551 0.841402
0 0.334085 0.210992 0.0798994 0.0354789 0.817352
0 0.34007 0.592363 0.0899037 0.0380951 0.810509
0 0.866055 0.581516 0.0868868 0.0388327 0.810139
0 0.496807 0.411646 0.0845011 0.0398514 0.802177
0 0.147182 0.600626 0.0856771 0.0367563 0.387856
0 0.324366 0.72983 0.0934666 0.0415499 0.865035
0 0.515104 0.591942 0.086576 0.0379813 0.853795
0 0.680481 0.580526 0.0822582 0.0378628 0.84919
0 0.340204 0.592383 0.0906624 0.0398685 0.834126
0 0.49708 0.411559 0.0878636 0.0409363 0.83066
0 0.865577 0.58158 0.0894079 0.0404876 0.818281
0 0.331219 0.211234 0.0929229 0.0398194 0.798604
0 0.147085 0.600378 0.0884734 0.0392807 0.562652
0 0.515383 0.592003 0.0844752 0.0366032 0.858749
0 0.680336 0.580145 0.08245 0.0357785 0.836438
0 0.323818 0.729517 0.0917411 0.0391273 0.834427
0 0.340405 0.592454 0.0878612 0.0379742 0.827606
0 0.334778 0.211775 0.0832606 0.037518 0.824501
0 0.868547 0.582017 0.0875614 0.0382631 0.807173
0 0.497896 0.412122 0.0826393 0.0378448 0.794496
0 0.147265 0.600642 0.0853252 0.0368389 0.511567
0 0.515836 0.591961 0.0858249 0.0373449 0.864376
0 0.680643 0.580101 0.0841426 0.0369078 0.848886
0 0.323937 0.729407 0.0936403 0.0404372 0.84813
0 0.340283 0.592236 0.0892305 0.0389103 0.837302
0 0.86875 0.582004 0.0889154 0.0390533 0.829548
0 0.334221 0.21147 0.0852698 0.0382404 0.82915
0 0.496825 0.411463 0.0852726 0.0392334 0.818083
0 0.147493 0.600358 0.0866576 0.0380986 0.64715
0 0.321869 0.729959 0.0909342 0.0414335 0.855275
0 0.515997 0.59205 0.0867463 0.0377176 0.844061
0 0.680825 0.580212 0.0841806 0.0372878 0.838837
0 0.866435 0.581993 0.0918635 0.0394405 0.827133
0 0.334273 0.211164 0.0817739 0.0372183 0.815307
0 0.496441 0.41144 0.0836528 0.0396441 0.810658
0 0.3405 0.592157 0.0899371 0.0389042 0.806308
0 0.147761 0.60048 0.0876533 0.0391313 0.416379
0 0.515695 0.59243 0.0850525 0.0373548 0.878803
0 0.322697 0.730504 0.0916648 0.0411845 0.8764
0 0.680628 0.580465 0.0827169 0.0370024 0.874057
0 0.340318 0.592602 0.0890891 0.0388857 0.843812
0 0.497135 0.411981 0.0835784 0.039146 0.842391
0 0.866395 0.582489 0.089294 0.0385588 0.840188
0 0.334555 0.211546 0.0825463 0.0372182 0.835023
0 0.147285 0.60092 0.0868086 0.0390288 0.603333
0 0.323068 0.729719 0.0938689 0.0418966 0.877471
0 0.514255 0.591799 0.0835657 0.037234 0.874625
0 0.679551 0.579881 0.0803384 0.0367165 0.874536
0 0.33906 0.591981 0.0886436 0.0384844 0.847236
0 0.865305 0.581783 0.0866192 0.039014 0.811778
0 0.498195 0.41132 0.083095 0.0389362 0.805546
0 0.334216 0.211736 0.0854743 0.0372166 0.791651
0 0.146838 0.600562 0.0884557 0.0395185 0.633925
0 0.322161 0.730031 0.0910631 0.0410676 0.869339
0 0.514002 0.592056 0.0812544 0.0361953 0.865201
0 0.679248 0.580067 0.0790408 0.0359686 0.858255
0 0.339294 0.592235 0.0863257 0.0373276 0.839232
0 0.497748 0.411754 0.0830823 0.0383061 0.814102
0 0.86493 0.582389 0.0846705 0.0384766 0.794382
0 0.33264 0.211691 0.0828976 0.0365456 0.792781
0 0.146714 0.600619 0.0864269 0.038224 0.658924
0 0.321965 0.73089 0.0943139 0.0411046 0.849507
0 0.514379 0.593092 0.0850737 0.0360999 0.817636
0 0.680321 0.58136 0.0813397 0.0354481 0.814361
0 0.496319 0.411055 0.0868096 0.0394391 0.807559
0 0.339857 0.592939 0.0894144 0.0380937 0.798851
0 0.865037 0.582621 0.0903018 0.0395449 0.784159
0 0.331806 0.210718 0.0878832 0.039262 0.75564
0 0.148359 0.600677 0.0900772 0.0383514 0.414531
0 0.323854 0.730685 0.0922125 0.0408192 0.85916
0 0.515612 0.593229 0.0831461 0.035328 0.827999
0 0.68094 0.581311 0.0802007 0.0343446 0.824817
0 0.496452 0.410959 0.0857692 0.0387251 0.823909
0 0.340102 0.592876 0.0878936 0.0369114 0.814636
0 0.865876 0.582705 0.0867145 0.0386339 0.79836
0 0.332758 0.2109 0.0862766 0.0388627 0.64859
0 0.148878 0.600368 0.0831543 0.0369729 0.38608
0 0.32464 0.730433 0.0935773 0.0425524 0.899147
0 0.68033 0.580878 0.0783867 0.0367338 0.861545
0 0.515826 0.593047 0.081495 0.0360239 0.854843
0 0.339244 0.592791 0.0885576 0.037715 0.844468
0 0.496289 0.411392 0.0877586 0.0405214 0.842925
0 0.86568 0.582389 0.0869824 0.0390596 0.824768
0 0.33409 0.212023 0.0909617 0.0384957 0.377106
0 0.146854 0.600506 0.086159 0.0386816 0.219978
0 0.324927 0.730655 0.0946974 0.0412533 0.875977
0 0.495932 0.411762 0.0876236 0.0401127 0.828842
0 0.515189 0.592763 0.084503 0.0377001 0.826767
0 0.680202 0.581041 0.0802477 0.0359435 0.824339
0 0.338361 0.592403 0.0870418 0.0384234 0.799491
0 0.866132 0.582085 0.0898764 0.0390087 0.776324
0 0.324374 0.730968 0.0945003 0.0418667 0.919829
0 0.680709 0.580968 0.0818322 0.0367227 0.889863
0 0.515377 0.592727 0.0856466 0.0382641 0.886484
0 0.496303 0.411887 0.0870721 0.0403784 0.881367
0 0.340068 0.592437 0.086558 0.0387872 0.855641
0 0.868187 0.58229 0.0918367 0.0404998 0.844071
0 0.147227 0.600946 0.0835794 0.0368935 0.385238
0 0.335717 0.209625 0.0762837 0.0377546 0.384968
0 0.32477 0.730636 0.0951658 0.0419651 0.878436
0 0.680297 0.580949 0.0834825 0.0373502 0.844944
0 0.4963 0.411347 0.0902633 0.0416897 0.83582
0 0.515153 0.592563 0.0883684 0.0391402 0.83085
0 0.3407 0.592407 0.0889555 0.0392318 0.829841
0 0.8674 0.582569 0.0919136 0.0412701 0.808067
0 0.14873 0.600415 0.0901459 0.0395796 0.54101
0 0.329916 0.203586 0.0858719 0.0494864 0.313619
0 0.32473 0.730297 0.0964628 0.040298 0.843046
0 0.516137 0.592456 0.0875216 0.0371681 0.842736
0 0.340557 0.592409 0.0872425 0.0376152 0.83365
0 0.49615 0.410735 0.0850542 0.0376049 0.8255
0 0.681052 0.581373 0.0822984 0.0340757 0.822662
0 0.868891 0.582401 0.0898167 0.0378647 0.803992
0 0.147318 0.600864 0.0861991 0.0380499 0.610182
0 0.335792 0.212242 0.0761944 0.03287 0.404294
0 0.323661 0.730161 0.0979501 0.041186 0.889834
0 0.515563 0.592287 0.0867282 0.0376385 0.880403
0 0.339799 0.592466 0.0879772 0.0383514 0.868122
0 0.496674 0.410686 0.0852719 0.0377864 0.866716
0 0.681358 0.581202 0.0820663 0.0347708 0.864617
0 0.868033 0.582487 0.0912453 0.0388996 0.857014
0 0.146411 0.60089 0.0861979 0.0383579 0.733653
0 0.334741 0.211959 0.0785488 0.0347072 0.697979
0 0.324122 0.730165 0.0972537 0.0425587 0.845729
0 0.515276 0.592332 0.0880539 0.0383283 0.828094
0 0.681155 0.581008 0.0825194 0.0363232 0.824042
0 0.496993 0.410902 0.0872574 0.0378937 0.821117
0 0.339751 0.592923 0.0909388 0.0392422 0.808206
0 0.867512 0.582663 0.0951149 0.0407629 0.80402
0 0.333209 0.211572 0.0822398 0.0365497 0.731883
0 0.14668 0.601731 0.0849651 0.0372815 0.610192
0 0.324669 0.730178 0.0961102 0.0425387 0.878753
0 0.516093 0.592565 0.0875019 0.037562 0.853459
0 0.681783 0.581301 0.0818944 0.0357601 0.844624
0 0.869273 0.583019 0.092895 0.0409788 0.84428
0 0.340438 0.593415 0.0897715 0.0394018 0.840117
0 0.496585 0.411471 0.0869946 0.0387369 0.835611
0 0.334646 0.211462 0.0814309 0.0362178 0.784079
0 0.146137 0.601472 0.0857114 0.0362049 0.653837
0 0.324777 0.729787 0.0954006 0.0431562 0.883097
0 0.868728 0.582198 0.0908572 0.0409287 0.858201
0 0.515747 0.59159 0.0866683 0.0368408 0.854923
0 0.340646 0.592572 0.0900504 0.0386066 0.850916
0 0.496235 0.410942 0.0875404 0.0387722 0.847236
0 0.682033 0.580657 0.082008 0.0354362 0.844689
0 0.335636 0.210796 0.0817461 0.0362286 0.764377
0 0.146157 0.600887 0.0926522 0.0386177 0.434281
0 0.516059 0.592189 0.0850469 0.0365952 0.866497
0 0.32479 0.731352 0.0944623 0.0425196 0.865188
0 0.868412 0.582485 0.0875631 0.0401122 0.864375
0 0.341381 0.593114 0.0887299 0.0384783 0.862757
0 0.497468 0.411525 0.0834477 0.0384349 0.853198
0 0.682151 0.580905 0.0797961 0.0350252 0.853161
0 0.336831 0.211517 0.0805714 0.0355921 0.788288
0 0.148356 0.601677 0.0886676 0.0370334 0.328456
0 0.514627 0.591834 0.0848668 0.0375969 0.873067
0 0.496505 0.410477 0.0822873 0.0400374 0.870264
0 0.681425 0.580465 0.0796609 0.0360159 0.867473
0 0.324277 0.730728 0.095057 0.0431148 0.864982
0 0.86715 0.581857 0.0876989 0.0388412 0.85982
0 0.340468 0.5926 0.0890332 0.0394477 0.859614
0 0.330874 0.210399 0.0914268 0.0393525 0.818133
0 0.147753 0.600423 0.0868277 0.0403673 0.32277
0 0.324297 0.730825 0.0945604 0.0424607 0.845014
0 0.681866 0.581086 0.0809359 0.0358797 0.840009
0 0.514687 0.592336 0.0859136 0.0374449 0.832155
0 0.496698 0.410776 0.0836627 0.0389967 0.829781
0 0.867489 0.582251 0.0892953 0.038861 0.828387
0 0.340291 0.593085 0.0899807 0.0394239 0.827052
0 0.33131 0.211212 0.0906495 0.0390829 0.744171
0 0.146461 0.600784 0.0865643 0.0397264 0.417979
0 0.325029 0.730538 0.0947123 0.0401699 0.893631
0 0.49741 0.410839 0.0863084 0.0390657 0.88211
0 0.515441 0.591883 0.0872136 0.0376694 0.878141
0 0.341059 0.592873 0.0912622 0.038685 0.867863
0 0.681654 0.580243 0.0806009 0.0364322 0.866679
0 0.866682 0.582162 0.0885028 0.0396128 0.859926
0 0.335602 0.211147 0.0867576 0.0383006 0.756824
0 0.148295 0.601172 0.0905974 0.0380846 0.546399
0 0.323379 0.730373 0.0930283 0.0423555 0.875773
0 0.495564 0.410609 0.0855641 0.0399599 0.855031
0 0.514216 0.59177 0.0874239 0.0392119 0.845988
0 0.339929 0.592637 0.0906482 0.0397943 0.844802
0 0.680214 0.580309 0.0805614 0.0375729 0.835312
0 0.865699 0.582036 0.0872889 0.0406728 0.834388
0 0.33537 0.211567 0.0855334 0.0381772 0.7635
0 0.147289 0.600753 0.0897844 0.0386856 0.553524
0 0.323417 0.73084 0.0899742 0.0414616 0.843861
0 0.516125 0.591368 0.0846541 0.0371677 0.834239
0 0.496907 0.41085 0.0835675 0.0389954 0.832549
0 0.866672 0.582295 0.0859357 0.0397631 0.81849
0 0.340141 0.592891 0.0876939 0.0392635 0.814746
0 0.681519 0.580892 0.0785724 0.0365255 0.801202
0 0.336774 0.211855 0.08204 0.0364123 0.727446
0 0.148201 0.600762 0.0894063 0.0374124 0.490574
0 0.32291 0.730715 0.092299 0.0420357 0.878622
0 0.497343 0.410867 0.0867831 0.0392433 0.862695
0 0.51521 0.591789 0.0880786 0.0384401 0.855787
0 0.866677 0.582153 0.0881559 0.0391995 0.855436
0 0.34086 0.592526 0.0899772 0.0389139 0.85111
0 0.681262 0.580569 0.0801416 0.0367006 0.834281
0 0.336762 0.211807 0.0831014 0.0361165 0.798146
0 0.148506 0.600806 0.0905577 0.0374551 0.523841
0 0.320979 0.730271 0.0902611 0.0424768 0.851328
0 0.496866 0.410981 0.0857408 0.0391247 0.830893
0 0.865455 0.581924 0.085255 0.0392076 0.830649
0 0.340061 0.592681 0.0884201 0.0385824 0.826783
0 0.513928 0.591598 0.0851379 0.0385057 0.819443
0 0.680487 0.580365 0.0784124 0.0367307 0.801463
0 0.334121 0.211894 0.0791333 0.0352976 0.742167
0 0.146931 0.600943 0.0868434 0.0373737 0.546087
0 0.32253 0.730599 0.0912857 0.0432638 0.869836
0 0.867347 0.582262 0.0873489 0.0401739 0.859318
0 0.498728 0.411462 0.0873267 0.0402209 0.857527
0 0.341197 0.592963 0.0894843 0.0390172 0.852719
0 0.515318 0.591747 0.0862158 0.0390493 0.844036
0 0.681498 0.580418 0.0791892 0.037482 0.823567
0 0.334482 0.212004 0.0797613 0.0359215 0.685736
0 0.147868 0.601103 0.0880252 0.0380342 0.653486
0 0.321404 0.730417 0.0917404 0.0410692 0.857898
0 0.865752 0.582452 0.0847078 0.0394653 0.85069
0 0.339756 0.59288 0.0874515 0.0381185 0.849038
0 0.497416 0.410951 0.0861206 0.0386722 0.84779
0 0.515591 0.59223 0.0843239 0.037336 0.834741
0 0.681713 0.580363 0.0790095 0.0361431 0.816729
0 0.332714 0.212109 0.0821399 0.036766 0.808869
0 0.146665 0.601097 0.0863548 0.0379494 0.638664
0 0.497673 0.410856 0.0872156 0.0392082 0.848091
0 0.322869 0.730518 0.0924102 0.0411541 0.845222
0 0.341056 0.592803 0.0891318 0.038121 0.843308
0 0.867574 0.582316 0.0864449 0.0388349 0.837183
0 0.515896 0.591888 0.0849059 0.0360796 0.833763
0 0.681587 0.580344 0.0813804 0.0354607 0.818414
0 0.333799 0.211837 0.0841091 0.0371746 0.718685
0 0.147843 0.601058 0.0886304 0.0383589 0.67323
0 0.341227 0.592876 0.0891574 0.0371497 0.861921
0 0.497319 0.410692 0.0861016 0.0383608 0.856503
0 0.865515 0.582087 0.0836256 0.0378483 0.851586
0 0.321831 0.730656 0.0910792 0.0407083 0.848743
0 0.514829 0.591945 0.0835604 0.0352894 0.840197
0 0.680939 0.580324 0.0775152 0.0345669 0.825566
0 0.14812 0.601138 0.0889872 0.0373484 0.64621
0 0.334542 0.211497 0.084253 0.0362359 0.607346
0 0.322123 0.730978 0.0920415 0.0414505 0.863263
0 0.341601 0.592947 0.0893777 0.0379608 0.861793
0 0.497903 0.411184 0.0858797 0.0391668 0.857615
0 0.865526 0.582425 0.0838063 0.0383953 0.856514
0 0.335641 0.21128 0.0871119 0.0373126 0.855505
0 0.148185 0.601118 0.0891858 0.0373705 0.855049
0 0.514446 0.592071 0.0841137 0.036747 0.841293
0 0.681176 0.580623 0.077527 0.035131 0.835343
