0 0.164922 0.319279 0.117746 0.0504906 0.72919
0 0.25857 0.587076 0.096935 0.0430538 0.642527
0 0.753385 0.605043 0.122507 0.0473889 0.247781
0 0.574829 0.00861178 0.0829134 0.0172236 0.156706
0 0.0842675 0.950886 0.0618275 0.0252701 0.145756
0 0.70388 0.31156 0.13209 0.0328522 0.135235
0 0.683374 0.605782 0.0763972 0.0288264 0.130726
0 0.682215 0.331191 0.079046 0.0231068 0.123419
0 0.170656 0.51131 0.111344 0.0347899 0.11226
0 0.704489 0.320893 0.133239 0.0558645 0.932151
0 0.162412 0.319632 0.113409 0.0532071 0.785933
0 0.727154 0.605512 0.177136 0.051112 0.670473
0 0.257618 0.587442 0.107463 0.0483257 0.614437
0 0.194035 0.502093 0.190082 0.0731817 0.282787
0 0.749088 0.480029 0.0625581 0.0240475 0.212789
0 0.588698 0.429216 0.0563671 0.0292753 0.150257
0 0.684023 0.332113 0.0909406 0.0346218 0.127049
0 0.561224 0.00925367 0.0513476 0.0185073 0.109287
0 0.700802 0.322391 0.128623 0.0582929 0.742633
0 0.167028 0.319806 0.122986 0.0575502 0.693567
0 0.729685 0.606975 0.175774 0.0536225 0.5593
0 0.257096 0.587407 0.110991 0.0495673 0.368332
0 0.19518 0.50304 0.188187 0.0732656 0.328041
0 0.757252 0.605641 0.120258 0.0496291 0.826843
0 0.693206 0.321053 0.114759 0.0547765 0.753408
0 0.163116 0.318367 0.108395 0.0526391 0.594197
0 0.19393 0.501169 0.184233 0.0702586 0.461856
0 0.256608 0.642282 0.0444518 0.0214569 0.458003
0 0.259256 0.587351 0.103248 0.0460718 0.446555
0 0.589721 0.430169 0.0461602 0.02693 0.257125
0 0.272323 0.961904 0.0437434 0.0221825 0.235163
0 0.285671 0.962056 0.0351232 0.0204521 0.216549
0 0.445731 0.0349473 0.050478 0.0241619 0.188269
0 0.557909 0.00931527 0.0516208 0.0186305 0.128596
0 0.457292 0.037916 0.0476946 0.0187279 0.114099
0 0.757868 0.606283 0.123496 0.0499336 0.981472
0 0.691339 0.321109 0.117087 0.0537135 0.960349
0 0.164886 0.319418 0.114332 0.0524799 0.954666
0 0.258283 0.585663 0.109223 0.049709 0.893746
0 0.200225 0.503861 0.175585 0.0684082 0.685951
0 0.447365 0.0353399 0.0689357 0.0246482 0.524253
0 0.573584 0.00953842 0.0882546 0.0190768 0.508327
0 0.447775 0.0294807 0.107231 0.0409017 0.110953
0 0.759156 0.605996 0.120526 0.0473064 0.916488
0 0.163824 0.319222 0.104629 0.0532796 0.90115
0 0.692561 0.321252 0.111317 0.0538832 0.89887
0 0.195043 0.501003 0.183355 0.0792086 0.759105
0 0.449214 0.0370165 0.0670949 0.0250644 0.691044
0 0.258333 0.586437 0.101738 0.0468634 0.572628
0 0.574736 0.00999508 0.0849163 0.0199902 0.234228
0 0.277973 0.631718 0.325272 0.13937 0.162471
0 0.448535 0.0315449 0.094202 0.0380096 0.136227
0 0.757915 0.603996 0.120738 0.0481264 0.709553
0 0.16253 0.317618 0.108619 0.0535862 0.688254
0 0.693228 0.318797 0.109476 0.0532193 0.633535
0 0.198062 0.499704 0.184121 0.078654 0.506282
0 0.270582 0.646798 0.324353 0.100073 0.368012
0 0.569641 0.0104001 0.0768393 0.0208002 0.360005
0 0.446206 0.0337728 0.0779957 0.0326198 0.326345
0 0.259162 0.586651 0.101 0.0486912 0.25282
0 0.756873 0.60426 0.125258 0.0480783 0.988288
0 0.69193 0.319795 0.112307 0.0535035 0.987875
0 0.165025 0.318348 0.111312 0.0537299 0.986019
0 0.198218 0.5013 0.188217 0.0781961 0.942336
0 0.258109 0.586979 0.104396 0.046553 0.893553
0 0.450299 0.0354625 0.0774502 0.0329178 0.712872
0 0.569612 0.0103547 0.0772444 0.0207095 0.633258
0 0.359495 0.548651 0.0716991 0.0293633 0.157235
0 0.320056 0.653521 0.219027 0.0854381 0.126276
0 0.16591 0.317798 0.108345 0.052744 0.926041
0 0.691871 0.318616 0.106611 0.0507348 0.925375
0 0.75829 0.604661 0.120753 0.0490349 0.895933
0 0.19786 0.502156 0.183373 0.0795814 0.79079
0 0.256931 0.585408 0.102854 0.0456514 0.681374
0 0.449885 0.0378811 0.0737305 0.0202703 0.27707
0 0.5719 0.0102023 0.0851181 0.0204046 0.218352
0 0.446137 0.0315663 0.0934664 0.0377045 0.11012
0 0.321391 0.649395 0.218303 0.0942887 0.103795
0 0.690824 0.319036 0.10357 0.0502281 0.774928
0 0.164561 0.318846 0.100427 0.0498847 0.733972
0 0.759363 0.605245 0.11445 0.0475898 0.705357
0 0.255881 0.585375 0.103202 0.0443882 0.562341
0 0.453407 0.037835 0.0579248 0.0200154 0.463568
0 0.356991 0.545397 0.065334 0.0295492 0.317013
0 0.590678 0.426894 0.0419312 0.0211329 0.268429
0 0.570341 0.00986597 0.0774076 0.0197319 0.253638
0 0.197286 0.504073 0.177619 0.0722094 0.215631
0 0.751581 0.482195 0.0509876 0.0274448 0.155621
0 0.691181 0.319712 0.115754 0.051336 0.955796
0 0.163164 0.318512 0.113741 0.0511045 0.95441
0 0.760422 0.605186 0.116073 0.0484452 0.953525
0 0.25978 0.584833 0.105367 0.0457928 0.803397
0 0.452123 0.0387388 0.0593346 0.0234121 0.369088
0 0.20096 0.502939 0.175894 0.074433 0.111935
0 0.762013 0.603789 0.110954 0.0453835 0.881695
0 0.695114 0.317457 0.105587 0.0464478 0.865146
0 0.164938 0.317235 0.10427 0.0478977 0.853492
0 0.260012 0.584427 0.097208 0.0444063 0.482034
0 0.450901 0.0373585 0.0561926 0.0201833 0.32644
0 0.729023 0.603284 0.178915 0.0488496 0.637225
0 0.691298 0.319184 0.108935 0.0535998 0.611627
0 0.163393 0.318552 0.108119 0.0514167 0.586832
0 0.258616 0.585854 0.105604 0.0478001 0.455874
0 0.183104 0.502034 0.152126 0.0796268 0.382911
0 0.287694 0.960634 0.072498 0.0319626 0.25698
0 0.568877 0.0099766 0.0780348 0.0199532 0.246776
0 0.444828 0.0326205 0.0817681 0.0370096 0.197956
0 0.163677 0.318226 0.104209 0.0519195 0.889136
0 0.692758 0.318892 0.107382 0.0506108 0.886942
0 0.73503 0.603482 0.165079 0.0480148 0.842974
0 0.258857 0.585658 0.103156 0.0486808 0.662696
0 0.180619 0.504208 0.141729 0.0759415 0.497201
0 0.255378 0.586565 0.102667 0.0472464 0.654048
0 0.163638 0.320009 0.112764 0.0534879 0.295289
0 0.750598 0.607092 0.128807 0.051183 0.287017
0 0.704013 0.322085 0.126827 0.0529575 0.279145
0 0.256944 0.547757 0.0809724 0.0285854 0.223719
0 0.577054 0.00898047 0.0766184 0.0179609 0.198968
0 0.705133 0.318397 0.131247 0.0524198 0.653693
0 0.728303 0.605542 0.172084 0.0518047 0.632843
0 0.167494 0.317592 0.122284 0.0594195 0.524352
0 0.256347 0.586663 0.111984 0.0456599 0.517563
0 0.192733 0.502461 0.181217 0.0727628 0.212324
0 0.240791 0.560339 0.32163 0.201711 0.187143
0 0.294611 0.570566 0.196595 0.0770559 0.128309
0 0.564679 0.00943215 0.0575403 0.0188643 0.12465
0 0.622813 0.599153 0.468084 0.273009 0.108864
0 0.735433 0.606018 0.168035 0.053467 0.578464
0 0.69871 0.319817 0.112832 0.0524291 0.425156
0 0.164816 0.31938 0.110842 0.0562846 0.345103
0 0.259844 0.587076 0.11294 0.0478821 0.341235
0 0.286855 0.627558 0.30465 0.139167 0.299062
0 0.571736 0.0099334 0.0702674 0.0198668 0.100892
0 0.161763 0.31864 0.110606 0.0549594 0.827479
0 0.6947 0.320814 0.129846 0.0574259 0.786351
0 0.279346 0.626261 0.318441 0.144078 0.68548
0 0.731747 0.606385 0.177876 0.054879 0.589579
0 0.255067 0.586092 0.118581 0.0460491 0.374422
0 0.212947 0.542808 0.239778 0.155156 0.197516
0 0.571328 0.0100192 0.079721 0.0200383 0.101669
0 0.164387 0.318377 0.110222 0.051459 0.828383
0 0.6945 0.319907 0.112663 0.0497411 0.766618
0 0.731514 0.605674 0.178251 0.0497801 0.609432
0 0.262475 0.585907 0.105692 0.0422443 0.430493
0 0.196569 0.504147 0.186331 0.0615014 0.247538
0 0.23809 0.65616 0.198948 0.0760922 0.201181
0 0.461819 0.035649 0.0718802 0.0263502 0.103242
0 0.165043 0.319782 0.117029 0.0530008 0.927997
0 0.73285 0.607543 0.18102 0.0547748 0.77627
0 0.691597 0.321318 0.116943 0.053038 0.749711
0 0.258606 0.587087 0.11194 0.046966 0.636464
0 0.198234 0.505312 0.189297 0.0668681 0.524554
0 0.463311 0.0363531 0.075166 0.0271308 0.298316
0 0.240871 0.656533 0.203783 0.0779531 0.285865
0 0.211222 0.538472 0.226705 0.133462 0.174541
0 0.295473 0.641216 0.287338 0.116238 0.161633
0 0.258739 0.548163 0.0870752 0.0212122 0.154
0 0.732613 0.60637 0.174607 0.0541801 0.773344
0 0.69138 0.319929 0.106135 0.054045 0.728036
0 0.161731 0.317188 0.106948 0.0556171 0.672922
0 0.258653 0.587344 0.106618 0.0469385 0.428151
0 0.195073 0.503133 0.183408 0.0727055 0.215664
0 0.253101 0.549737 0.0745013 0.0219629 0.135589
0 0.73319 0.605624 0.173074 0.0522153 0.885638
0 0.692582 0.31947 0.107038 0.0501419 0.854328
0 0.163237 0.317445 0.109732 0.0536169 0.764451
0 0.260359 0.586832 0.109878 0.0472935 0.551233
0 0.19884 0.502563 0.186324 0.0759759 0.377082
0 0.257258 0.563653 0.11757 0.0719274 0.12159
0 0.230761 0.65572 0.175034 0.0754385 0.101248
0 0.736043 0.604912 0.175045 0.0524675 0.891026
0 0.160641 0.317087 0.110871 0.0527458 0.887656
0 0.688421 0.318889 0.10635 0.0527182 0.876524
0 0.25875 0.586476 0.106652 0.0448382 0.654848
0 0.196837 0.502061 0.187136 0.0721693 0.267442
0 0.255008 0.55268 0.121236 0.105321 0.184969
0 0.690651 0.318609 0.105188 0.0533659 0.88437
0 0.163791 0.316958 0.112321 0.0534969 0.818316
0 0.756924 0.603857 0.127529 0.0519494 0.769036
0 0.260138 0.585559 0.10725 0.0473528 0.627095
0 0.199641 0.502646 0.186112 0.0727907 0.122901
0 0.691017 0.31903 0.103008 0.0512228 0.957336
0 0.164065 0.318249 0.109006 0.051875 0.940187
0 0.758935 0.604504 0.120618 0.0489904 0.917251
0 0.259102 0.586013 0.107837 0.0459278 0.862629
0 0.19891 0.505482 0.174432 0.0652315 0.500027
0 0.257494 0.546799 0.0732656 0.0187452 0.106887
0 0.670323 0.331913 0.0902461 0.0749269 0.101835
0 0.757566 0.605036 0.122157 0.0509346 0.708934
0 0.689793 0.319183 0.101711 0.0511556 0.673911
0 0.160909 0.317704 0.110132 0.0525448 0.67031
0 0.197149 0.501801 0.180034 0.0750254 0.397951
0 0.260017 0.586519 0.106025 0.0452265 0.384624
0 0.690405 0.318468 0.0978356 0.0507602 0.885744
0 0.162075 0.317722 0.105163 0.0516895 0.864975
0 0.758294 0.604923 0.116636 0.0491539 0.843124
0 0.259366 0.586301 0.104364 0.0462798 0.427935
0 0.198132 0.501913 0.175945 0.0753335 0.352033
0 0.162906 0.318417 0.105563 0.0510698 0.890819
0 0.690592 0.319027 0.103169 0.0503007 0.887861
0 0.759827 0.604648 0.119917 0.0488839 0.868149
0 0.258833 0.586194 0.108504 0.0471076 0.592775
0 0.197871 0.507828 0.175414 0.0668682 0.413991
0 0.16557 0.317847 0.107708 0.054074 0.907815
0 0.692831 0.319295 0.107069 0.0511005 0.884099
0 0.752436 0.60395 0.139764 0.0525291 0.880224
0 0.260668 0.584787 0.109865 0.0487919 0.388944
0 0.19767 0.502627 0.17842 0.0734528 0.207184
0 0.16508 0.31852 0.106659 0.0546827 0.848159
0 0.739235 0.604309 0.16508 0.0543583 0.823618
0 0.691636 0.320522 0.103984 0.0519898 0.812949
0 0.260881 0.585636 0.108772 0.0485392 0.468199
0 0.199136 0.503996 0.177774 0.0726887 0.142047
0 0.163638 0.317947 0.102237 0.0536771 0.945078
0 0.690624 0.31945 0.099305 0.0498922 0.930696
0 0.745801 0.603247 0.148842 0.052323 0.930144
0 0.259171 0.585798 0.107746 0.0470937 0.815435
0 0.692125 0.320277 0.100489 0.0514867 0.88221
0 0.737515 0.604542 0.166883 0.0501539 0.844765
0 0.162694 0.318849 0.105469 0.0514998 0.842232
0 0.258664 0.586399 0.111242 0.0460086 0.814453
0 0.694445 0.31977 0.0998608 0.0505783 0.869946
0 0.761864 0.604255 0.111455 0.0473948 0.840909
0 0.163522 0.317789 0.106015 0.0494788 0.827863
0 0.260759 0.585345 0.10506 0.0467693 0.770634
0 0.200958 0.501188 0.177941 0.0744795 0.427027
0 0.462116 0.0370869 0.0484512 0.0226369 0.288075
0 0.692183 0.318998 0.106733 0.0507159 0.920435
0 0.75865 0.606311 0.119359 0.0521819 0.87514
0 0.162878 0.317789 0.110396 0.0518612 0.872991
0 0.197221 0.502282 0.184324 0.0797299 0.461312
0 0.261397 0.586717 0.112177 0.0475107 0.133077
0 0.692076 0.319733 0.099005 0.0518675 0.839779
0 0.7322 0.604362 0.175659 0.0516082 0.801308
0 0.1653 0.317967 0.105656 0.051782 0.771386
0 0.199922 0.5016 0.173754 0.0744822 0.469109
0 0.259744 0.585382 0.109096 0.0469911 0.345953
0 0.73177 0.604223 0.17728 0.051728 0.884243
0 0.689575 0.319932 0.10292 0.052748 0.867915
0 0.16378 0.318266 0.107631 0.0521825 0.863812
0 0.260806 0.585947 0.110639 0.0464256 0.817422
0 0.199965 0.503127 0.175312 0.0722622 0.344856
0 0.460047 0.0346139 0.0616318 0.0291639 0.172761
0 0.162127 0.317903 0.105578 0.0503943 0.834828
0 0.748141 0.603717 0.142852 0.048287 0.79978
0 0.261642 0.584939 0.107184 0.0455154 0.797513
0 0.689353 0.319758 0.102147 0.0508917 0.789641
0 0.162256 0.318409 0.104897 0.0509329 0.859543
0 0.692713 0.319001 0.101982 0.0503173 0.82553
0 0.761843 0.605481 0.110392 0.0496293 0.823967
0 0.26006 0.585717 0.107341 0.0449403 0.812173
0 0.75883 0.605238 0.109673 0.047533 0.865634
0 0.691633 0.31905 0.103104 0.0496133 0.84944
0 0.163232 0.31837 0.106385 0.0498438 0.847606
0 0.260323 0.585749 0.10359 0.0448784 0.81424
0 0.692016 0.319357 0.103051 0.0505497 0.817872
0 0.760311 0.60446 0.114833 0.0484633 0.814337
0 0.162958 0.318605 0.110355 0.0515276 0.79271
0 0.261376 0.585868 0.106909 0.0449182 0.765986
0 0.761508 0.60376 0.112869 0.0484288 0.906529
0 0.162916 0.317515 0.108635 0.0514089 0.90061
0 0.691206 0.318205 0.0997613 0.0497385 0.891013
0 0.259438 0.585505 0.104032 0.0435496 0.834966
0 0.761712 0.604669 0.1135 0.0499476 0.898092
0 0.690996 0.318714 0.102951 0.0506111 0.879252
0 0.163792 0.317837 0.107351 0.0523644 0.873423
0 0.260777 0.586017 0.107752 0.044485 0.824094
0 0.267412 0.959576 0.0575206 0.0264137 0.202301
0 0.76287 0.604598 0.106484 0.0478907 0.906133
0 0.163081 0.318928 0.107847 0.052385 0.875705
0 0.6916 0.31864 0.103707 0.0499892 0.86281
0 0.259311 0.585877 0.100092 0.0452821 0.85725
0 0.691431 0.319162 0.101782 0.0507647 0.839467
0 0.763285 0.604101 0.107728 0.0483711 0.826853
0 0.162762 0.319074 0.10639 0.0521539 0.801844
0 0.260272 0.586151 0.100997 0.0445775 0.7901
0 0.690686 0.320068 0.100773 0.0513456 0.868214
0 0.762648 0.604392 0.109935 0.0470695 0.848704
0 0.162739 0.319095 0.106249 0.0518471 0.81939
0 0.260924 0.586383 0.106598 0.0463089 0.782367
0 0.691332 0.319775 0.0997941 0.0513538 0.79474
0 0.761423 0.604513 0.111605 0.048139 0.787589
0 0.162675 0.317968 0.104994 0.050624 0.783946
0 0.259219 0.585709 0.106569 0.0461724 0.698201
0 0.763062 0.605147 0.114082 0.0496618 0.862141
0 0.692623 0.320538 0.103724 0.0501466 0.845465
0 0.164393 0.318213 0.110236 0.0529853 0.826958
0 0.260893 0.585587 0.109349 0.0447546 0.128997
0 0.691048 0.320556 0.104275 0.0501962 0.837885
0 0.761688 0.605135 0.111707 0.0496036 0.831845
0 0.16195 0.31801 0.109594 0.0526302 0.831068
0 0.26042 0.585481 0.105176 0.0445137 0.739745
0 0.193951 0.50169 0.181557 0.0789499 0.115932
0 0.261905 0.585358 0.105589 0.0460407 0.84099
0 0.762969 0.603604 0.110456 0.0490345 0.835839
0 0.691934 0.319434 0.103277 0.0532289 0.82168
0 0.161005 0.317753 0.106657 0.0518935 0.803845
0 0.75835 0.603936 0.122073 0.0504424 0.84579
0 0.261149 0.585835 0.107628 0.0462908 0.838286
0 0.16182 0.318786 0.108361 0.0528728 0.828149
0 0.689895 0.319993 0.103062 0.0540376 0.808571
0 0.761837 0.604436 0.10863 0.0492827 0.896724
0 0.162006 0.317664 0.106702 0.0518737 0.856502
0 0.259895 0.585485 0.099296 0.044416 0.85451
0 0.691052 0.318891 0.0984411 0.0510934 0.821578
0 0.761968 0.604833 0.110894 0.0500345 0.838728
0 0.25979 0.585617 0.100985 0.0455496 0.830903
0 0.160654 0.318755 0.10951 0.0542956 0.811713
0 0.691493 0.319495 0.0998073 0.0520512 0.766615
0 0.762611 0.604531 0.113452 0.0489599 0.896483
0 0.160847 0.318176 0.110187 0.051849 0.887149
0 0.692181 0.318972 0.101437 0.0501848 0.869766
0 0.259859 0.585543 0.104343 0.0448802 0.795885
0 0.764796 0.604439 0.112112 0.0500571 0.832894
0 0.162423 0.318872 0.110933 0.0518562 0.808348
0 0.691106 0.319949 0.103193 0.0523512 0.786566
0 0.257831 0.585936 0.106675 0.0451446 0.774393
0 0.76172 0.604213 0.109137 0.0483812 0.896105
0 0.161246 0.316545 0.107333 0.0502273 0.884417
0 0.692521 0.318718 0.105834 0.0497065 0.838962
0 0.259125 0.584374 0.106621 0.0458055 0.791743
0 0.762318 0.604801 0.107243 0.0474125 0.904503
0 0.161684 0.317314 0.105559 0.0491703 0.886309
0 0.692312 0.318953 0.103603 0.0491727 0.843636
0 0.260816 0.585368 0.100322 0.0440993 0.810133
0 0.761413 0.604613 0.109085 0.0497179 0.877712
0 0.161008 0.316803 0.110781 0.0523158 0.857885
0 0.691712 0.318592 0.107731 0.0517401 0.80137
0 0.259007 0.585175 0.104844 0.0447014 0.771347
0 0.762318 0.605096 0.107706 0.0482531 0.87363
0 0.162861 0.317383 0.107431 0.0507213 0.846624
0 0.692397 0.31933 0.103519 0.0507179 0.840212
0 0.259608 0.586377 0.105151 0.0442665 0.818566
0 0.76144 0.605546 0.114197 0.0509388 0.867003
0 0.690761 0.319324 0.108409 0.051081 0.85807
0 0.259653 0.585443 0.112451 0.0461047 0.82051
0 0.16078 0.317765 0.11343 0.0540833 0.807772
0 0.760984 0.605195 0.10955 0.0479553 0.850085
0 0.691798 0.319007 0.101291 0.0488566 0.833616
0 0.161434 0.318217 0.107016 0.0518935 0.812524
0 0.26048 0.585516 0.107727 0.0449492 0.804605
0 0.762178 0.604617 0.111565 0.0493808 0.865859
0 0.162814 0.31761 0.108712 0.0523912 0.843433
0 0.694577 0.318457 0.10194 0.0493024 0.826284
0 0.264414 0.585125 0.10944 0.045024 0.825732
0 0.761691 0.60516 0.111901 0.0491697 0.853258
0 0.161539 0.318677 0.108205 0.0517468 0.843418
0 0.690741 0.318819 0.103371 0.0503423 0.821589
0 0.262626 0.585971 0.1083 0.0441136 0.809612
0 0.76312 0.604763 0.115002 0.0501264 0.866762
0 0.260907 0.585758 0.107868 0.0439515 0.846316
0 0.162804 0.318199 0.111473 0.0518231 0.830988
0 0.691028 0.318453 0.103277 0.0501722 0.829652
0 0.762113 0.60449 0.116947 0.0508094 0.833511
0 0.260054 0.585456 0.107201 0.0449328 0.830581
0 0.160806 0.317581 0.112552 0.052732 0.810115
0 0.689722 0.31824 0.102926 0.0500413 0.808298
0 0.763424 0.603581 0.110271 0.0492754 0.892097
0 0.16145 0.316968 0.108939 0.053439 0.885207
0 0.692652 0.318011 0.100999 0.0485975 0.87886
0 0.264064 0.58537 0.109125 0.0449991 0.814239
0 0.691894 0.318134 0.107729 0.0509821 0.849355
0 0.763137 0.604381 0.113537 0.0500099 0.844537
0 0.160691 0.317633 0.112498 0.054583 0.822095
0 0.264525 0.586024 0.113054 0.0457067 0.771896
0 0.762798 0.604258 0.113582 0.0488081 0.912133
0 0.691229 0.318285 0.108178 0.0512818 0.878798
0 0.161276 0.317199 0.112579 0.0515283 0.877225
0 0.259447 0.5859 0.107312 0.0448185 0.864225
0 0.762908 0.604317 0.114102 0.0487234 0.873807
0 0.260881 0.58612 0.108004 0.0455095 0.843649
0 0.691338 0.318754 0.108736 0.0511735 0.827918
0 0.1629 0.317612 0.114631 0.052537 0.826847
0 0.762336 0.604192 0.110531 0.0490438 0.893994
0 0.16168 0.317358 0.110571 0.0547895 0.879034
0 0.69161 0.319222 0.104326 0.0519411 0.863581
0 0.260677 0.585813 0.105877 0.0452436 0.825713
0 0.762809 0.604448 0.109054 0.0488095 0.881958
0 0.16213 0.317746 0.110562 0.0530732 0.868608
0 0.693403 0.318956 0.101747 0.0508666 0.839177
0 0.261276 0.585569 0.106179 0.0449795 0.79736
0 0.763189 0.605117 0.110927 0.0499476 0.90272
0 0.161208 0.318447 0.111865 0.0524991 0.895781
0 0.692349 0.318273 0.107789 0.0526839 0.856854
0 0.261208 0.585868 0.109242 0.0466003 0.854513
0 0.76403 0.604181 0.109232 0.048036 0.885662
0 0.16171 0.317658 0.111117 0.0510404 0.862532
0 0.690759 0.318493 0.100856 0.0512196 0.849672
0 0.260833 0.585196 0.108551 0.0451227 0.836619
0 0.764759 0.604917 0.112076 0.0487982 0.89547
0 0.690364 0.318992 0.10828 0.0513932 0.878493
0 0.16137 0.318408 0.113373 0.0520083 0.849752
0 0.261368 0.586008 0.110308 0.0471554 0.828559
0 0.690351 0.319062 0.106597 0.0507579 0.862197
0 0.764356 0.605148 0.110007 0.0483084 0.858025
0 0.161327 0.318203 0.111432 0.0508137 0.811234
0 0.261642 0.58555 0.108267 0.0465221 0.799505
0 0.763124 0.605439 0.112882 0.04893 0.901011
0 0.691903 0.318993 0.103958 0.0502464 0.887569
0 0.160993 0.317881 0.114557 0.051577 0.877403
0 0.262423 0.585592 0.109097 0.0454957 0.854682
0 0.763385 0.605654 0.114464 0.0503718 0.87748
0 0.691708 0.31957 0.10357 0.0515171 0.856562
0 0.161287 0.318148 0.116066 0.0533259 0.847332
0 0.26236 0.585171 0.11473 0.0475802 0.839736
0 0.762507 0.604885 0.111224 0.0504246 0.912402
0 0.689731 0.319021 0.101009 0.0518153 0.897634
0 0.16099 0.31735 0.110872 0.0534171 0.893169
0 0.261759 0.586305 0.110965 0.0458518 0.853925
0 0.689138 0.318758 0.101045 0.0500621 0.901068
0 0.763367 0.604777 0.108973 0.049031 0.897331
0 0.160672 0.317343 0.108861 0.051178 0.874617
0 0.263438 0.586164 0.109624 0.0440543 0.863056
0 0.762667 0.604672 0.112432 0.0495192 0.91302
0 0.689212 0.318406 0.0997309 0.0499414 0.908095
0 0.261716 0.584925 0.113042 0.0458122 0.895206
0 0.160405 0.316804 0.111025 0.0518041 0.889456
0 0.261378 0.585296 0.108825 0.0455341 0.889822
0 0.763245 0.60492 0.10827 0.0492635 0.88887
0 0.690644 0.318743 0.0962672 0.0492714 0.875646
0 0.16116 0.317364 0.107991 0.050968 0.865104
0 0.260174 0.585395 0.112244 0.0446987 0.876176
0 0.761406 0.604372 0.113839 0.0485285 0.858371
0 0.692558 0.318313 0.103419 0.0498027 0.841397
0 0.160971 0.317426 0.10954 0.0504655 0.838545
0 0.762693 0.604609 0.110969 0.0486484 0.887735
0 0.26097 0.586068 0.108258 0.0451301 0.884918
0 0.693959 0.318624 0.103207 0.0513242 0.862987
0 0.162402 0.318046 0.109596 0.0514483 0.859648
0 0.761933 0.60439 0.113474 0.0497408 0.836531
0 0.260313 0.586154 0.110254 0.0457519 0.813839
0 0.161456 0.318254 0.113887 0.0542327 0.801409
0 0.69149 0.318864 0.104744 0.0526864 0.787541
0 0.762643 0.604273 0.111946 0.049151 0.911084
0 0.162615 0.317953 0.112905 0.0539618 0.88973
0 0.262496 0.585911 0.107883 0.0443643 0.887045
0 0.692143 0.318744 0.102486 0.0509276 0.880184
0 0.262675 0.58527 0.106482 0.0445627 0.883718
0 0.763084 0.604317 0.108582 0.0477138 0.877036
0 0.161359 0.318288 0.109446 0.0521279 0.869571
0 0.691177 0.318544 0.104624 0.0533709 0.850149
0 0.262404 0.585425 0.107548 0.0444221 0.89152
0 0.763147 0.604683 0.109371 0.0469953 0.87099
0 0.161184 0.318535 0.110541 0.0513581 0.853129
0 0.692133 0.318691 0.108085 0.0535813 0.851126
0 0.26186 0.585337 0.10692 0.0447116 0.853334
0 0.76298 0.604925 0.10826 0.0469902 0.852118
0 0.69235 0.319015 0.104447 0.0513517 0.831932
0 0.161236 0.317696 0.111408 0.0505118 0.819289
0 0.692454 0.31889 0.105071 0.0535443 0.866013
0 0.763158 0.605282 0.111441 0.0502783 0.861061
0 0.262479 0.585242 0.114202 0.0475978 0.860174
0 0.160505 0.317682 0.116271 0.0544562 0.839098
0 0.262759 0.585359 0.107259 0.0444582 0.860614
0 0.691977 0.319018 0.0999544 0.0509079 0.856732
0 0.763929 0.605667 0.105999 0.0482661 0.837834
0 0.16156 0.317702 0.109962 0.0513537 0.828917
0 0.260775 0.585093 0.108721 0.0458961 0.879766
0 0.763022 0.605465 0.106482 0.0490879 0.869805
0 0.159719 0.317982 0.110519 0.0513431 0.858589
0 0.690745 0.318519 0.103932 0.0532326 0.857445
0 0.762968 0.605211 0.10697 0.0485542 0.880002
0 0.26072 0.585598 0.10708 0.0455407 0.878206
0 0.159156 0.31822 0.110063 0.0504465 0.864728
0 0.691078 0.318511 0.103694 0.0520766 0.825827
0 0.763126 0.605358 0.108456 0.0488407 0.901293
0 0.160466 0.318455 0.108677 0.0507269 0.892442
0 0.261566 0.58597 0.107814 0.0452955 0.887123
0 0.69227 0.318592 0.102167 0.0514265 0.874466
0 0.261498 0.585411 0.107943 0.046128 0.88231
0 0.69254 0.318615 0.101111 0.0514597 0.879142
0 0.762788 0.60517 0.109901 0.0501451 0.875905
0 0.160189 0.317891 0.113898 0.051503 0.860574
0 0.69148 0.3187 0.101352 0.0503727 0.887989
0 0.762456 0.605147 0.1063 0.0493906 0.881445
0 0.260373 0.584971 0.103894 0.0441566 0.871394
0 0.161101 0.318061 0.108028 0.049864 0.870681
0 0.690052 0.318864 0.103994 0.0513211 0.873176
0 0.762212 0.605363 0.111175 0.0510729 0.864798
0 0.26049 0.585279 0.110243 0.0451542 0.86056
0 0.160112 0.317819 0.115698 0.0519048 0.850154
0 0.763131 0.605285 0.110096 0.0503894 0.878458
0 0.261153 0.585821 0.109143 0.0447791 0.877528
0 0.160767 0.318014 0.114479 0.0519424 0.867806
0 0.690651 0.319014 0.100858 0.051097 0.866466
0 0.260255 0.585391 0.10878 0.0451716 0.887993
0 0.763353 0.605728 0.109333 0.0507995 0.878073
0 0.691432 0.31917 0.102084 0.0523719 0.849793
0 0.159922 0.318214 0.114823 0.0527169 0.843003
0 0.260685 0.585077 0.110557 0.0447102 0.87632
0 0.762547 0.605946 0.111194 0.0501822 0.870053
0 0.69119 0.318684 0.104802 0.0511459 0.834005
0 0.15991 0.31766 0.115371 0.0521421 0.815874
0 0.763135 0.606158 0.107881 0.0505063 0.919247
0 0.261571 0.584782 0.105794 0.0450196 0.916714
0 0.160818 0.318378 0.111173 0.051097 0.890817
0 0.694155 0.318847 0.103226 0.0511692 0.889726
0 0.763358 0.606172 0.112712 0.0534401 0.866133
0 0.261482 0.584917 0.110174 0.0473688 0.860382
0 0.693283 0.318248 0.109548 0.0528499 0.839752
0 0.161914 0.317813 0.117342 0.0532081 0.836516
0 0.764495 0.605364 0.10841 0.0515935 0.851521
0 0.26289 0.585291 0.105935 0.0461639 0.850021
0 0.161866 0.318086 0.112006 0.0521173 0.844539
0 0.692638 0.317979 0.101412 0.0509912 0.841454
0 0.261663 0.585614 0.107728 0.0464687 0.885486
0 0.160174 0.318072 0.112781 0.0528334 0.880898
0 0.762532 0.604909 0.110989 0.0500178 0.880806
0 0.68981 0.318371 0.101268 0.0511141 0.867671
0 0.261606 0.586062 0.112109 0.0461899 0.846424
0 0.763077 0.605244 0.112219 0.0496464 0.829668
0 0.160244 0.317574 0.115893 0.0534792 0.826359
0 0.691846 0.31768 0.105761 0.052328 0.813741
0 0.764222 0.605653 0.110768 0.0507011 0.874975
0 0.262327 0.586593 0.113009 0.045973 0.870489
0 0.162496 0.317893 0.115744 0.0533254 0.862572
0 0.692393 0.317766 0.106352 0.0536009 0.85256
0 0.764214 0.604921 0.112515 0.0511804 0.885341
0 0.161326 0.317535 0.116243 0.0533481 0.873409
0 0.262357 0.585647 0.114346 0.0460504 0.870936
0 0.691281 0.317491 0.104217 0.0537429 0.853506
0 0.765493 0.605462 0.112108 0.0504344 0.899897
0 0.162162 0.318068 0.113868 0.0527535 0.882937
0 0.263392 0.585965 0.11215 0.0459309 0.864659
0 0.691702 0.318321 0.100334 0.0513214 0.862617
0 0.764101 0.604998 0.112412 0.0521768 0.893602
0 0.16051 0.317508 0.114783 0.0543016 0.886224
0 0.691535 0.318149 0.103092 0.0522688 0.877423
0 0.263339 0.585769 0.110257 0.0466297 0.876723
0 0.691274 0.318614 0.101294 0.0516438 0.863496
0 0.764057 0.605698 0.110864 0.0520124 0.8568
0 0.15973 0.318239 0.11249 0.0530686 0.84292
0 0.262928 0.585896 0.110844 0.0460353 0.840256
0 0.764158 0.605761 0.11073 0.0502599 0.907868
0 0.16117 0.31774 0.11287 0.0502792 0.897735
0 0.263541 0.585382 0.110423 0.0448048 0.89382
0 0.69265 0.318596 0.103672 0.0496661 0.891534
0 0.763636 0.605705 0.110014 0.0514649 0.879564
0 0.262454 0.585008 0.110598 0.0460855 0.87555
0 0.159739 0.317419 0.112812 0.0516355 0.868399
0 0.690362 0.318554 0.103691 0.0509967 0.857522
0 0.159868 0.317606 0.112944 0.0511739 0.86033
0 0.765387 0.605205 0.110119 0.0500046 0.858685
0 0.263698 0.584846 0.110802 0.0455582 0.857124
0 0.692039 0.31857 0.100148 0.0503963 0.837103
0 0.764769 0.604797 0.114503 0.0500904 0.89354
0 0.263378 0.585105 0.111848 0.0454292 0.890509
0 0.159964 0.317358 0.115679 0.0520092 0.887162
0 0.691095 0.318496 0.105052 0.0509353 0.867361
0 0.26227 0.585381 0.108438 0.0444312 0.861619
0 0.763912 0.604794 0.111433 0.0509399 0.850607
0 0.158691 0.317659 0.113572 0.05268 0.848595
0 0.690175 0.317617 0.104032 0.0508378 0.830157
0 0.764728 0.604767 0.114463 0.0519949 0.880972
0 0.264672 0.585436 0.113718 0.0452452 0.87976
0 0.692585 0.31762 0.104681 0.0520136 0.871428
0 0.159854 0.317473 0.115461 0.0544278 0.868209
0 0.26269 0.585258 0.112455 0.045776 0.881238
0 0.762291 0.604626 0.110707 0.0507617 0.879875
0 0.69056 0.317528 0.101623 0.050305 0.869439
0 0.158105 0.317549 0.112875 0.0534073 0.858962
0 0.263584 0.585351 0.113893 0.0459558 0.879001
0 0.763167 0.605003 0.110612 0.0508509 0.86379
0 0.691336 0.317935 0.102539 0.0513115 0.848976
0 0.158816 0.318138 0.111722 0.0530603 0.833163
0 0.262674 0.58548 0.110463 0.0446901 0.886446
0 0.692066 0.317371 0.102814 0.0512426 0.874445
0 0.763447 0.604792 0.108251 0.0486962 0.87372
0 0.158765 0.317777 0.111292 0.0512197 0.857266
0 0.26189 0.585372 0.109451 0.0445433 0.888824
0 0.763778 0.604986 0.107187 0.0489763 0.886137
0 0.692187 0.317949 0.102538 0.0507004 0.884991
0 0.160291 0.317888 0.1117 0.0511915 0.862621
