0 0.439364 0.756805 0.175782 0.0762438 0.645294
0 0.491556 0.479453 0.146555 0.0693958 0.338646
0 0.480206 0.219917 0.153902 0.0633288 0.217707
0 0.41569 0.766734 0.123294 0.0539253 0.111006
0 0.421723 0.283455 0.054889 0.0187714 0.103252
0 0.439633 0.757254 0.182808 0.0753229 0.662447
0 0.489553 0.478156 0.158627 0.0677433 0.606529
0 0.482369 0.221974 0.177076 0.081015 0.431534
0 0.410996 0.764331 0.124522 0.0520694 0.157661
0 0.3597 0.452209 0.0574368 0.0276356 0.150409
0 0.300201 0.771533 0.0615379 0.028479 0.136385
0 0.490666 0.479794 0.158309 0.0721694 0.837542
0 0.441223 0.75939 0.188188 0.0839172 0.799108
0 0.491106 0.226179 0.199691 0.0957379 0.645045
0 0.486168 0.227711 0.192388 0.0948885 0.89803
0 0.447452 0.762776 0.206506 0.0881355 0.74543
0 0.485598 0.478035 0.157528 0.0697905 0.583748
0 0.359412 0.463913 0.0589429 0.0456397 0.159564
0 0.705314 0.742535 0.0520994 0.0343067 0.104339
0 0.489846 0.478819 0.159828 0.0684934 0.901671
0 0.487945 0.227613 0.19388 0.0901128 0.664658
0 0.439973 0.760571 0.198278 0.083279 0.528815
0 0.374552 0.464696 0.0983124 0.0553814 0.194675
0 0.703329 0.746804 0.068229 0.0420313 0.128667
0 0.489286 0.480395 0.167156 0.0716186 0.938024
0 0.485922 0.23069 0.196637 0.0996471 0.900292
0 0.450614 0.7631 0.208345 0.0939145 0.83831
0 0.708665 0.747118 0.0565744 0.0333714 0.134343
0 0.488844 0.475488 0.164434 0.0736841 0.810451
0 0.484789 0.226715 0.189563 0.0908878 0.745158
0 0.438461 0.758101 0.186208 0.0826462 0.718004
0 0.490585 0.477885 0.162135 0.0713679 0.990521
0 0.485896 0.228313 0.192812 0.0891871 0.981959
0 0.440345 0.759421 0.191104 0.0817091 0.979624
0 0.405817 0.765672 0.116298 0.0525588 0.121122
0 0.410254 0.282587 0.0917633 0.0330032 0.121042
0 0.364774 0.454163 0.0701229 0.0299414 0.118131
0 0.491366 0.47916 0.1622 0.0724611 0.939159
0 0.48721 0.226786 0.198498 0.0919799 0.92964
0 0.441805 0.759117 0.193801 0.0825996 0.914779
0 0.49133 0.478429 0.155176 0.0690203 0.761659
0 0.487938 0.226175 0.189368 0.0914073 0.596244
0 0.438665 0.759268 0.189546 0.0804799 0.561719
0 0.359825 0.450719 0.0518839 0.0220942 0.115931
0 0.366436 0.831414 0.0399324 0.0179518 0.105047
0 0.487868 0.478264 0.165937 0.0711404 0.970473
0 0.489584 0.227733 0.211297 0.0903209 0.945724
0 0.441117 0.757923 0.194693 0.0827031 0.942865
0 0.49159 0.476304 0.155847 0.0677267 0.904826
0 0.440154 0.756524 0.186559 0.0792486 0.831341
0 0.494526 0.228125 0.206997 0.0857359 0.827097
0 0.438506 0.758824 0.192745 0.0815991 0.630275
0 0.48481 0.228737 0.207659 0.0937621 0.609228
0 0.489725 0.480405 0.162159 0.0763481 0.591068
0 0.367017 0.466498 0.0897867 0.0574387 0.172338
0 0.365837 0.832669 0.042206 0.0180367 0.161308
0 0.704894 0.746278 0.0766233 0.0440337 0.154911
0 0.438 0.758012 0.18295 0.0802593 0.945451
0 0.490758 0.477014 0.155701 0.0694116 0.930907
0 0.481039 0.22707 0.19624 0.0906478 0.885854
0 0.432869 0.760854 0.164292 0.0744368 0.380472
0 0.504168 0.220882 0.192376 0.0728167 0.242818
0 0.469128 0.462906 0.0852734 0.0344253 0.185469
0 0.491119 0.466654 0.140304 0.0421661 0.175948
0 0.485404 0.481916 0.169719 0.0755981 0.16344
0 0.390774 0.755482 0.0701675 0.0326757 0.108747
0 0.436756 0.758905 0.174987 0.0787752 0.958265
0 0.505955 0.227223 0.226907 0.0908715 0.94428
0 0.48028 0.477552 0.17359 0.0681177 0.705578
0 0.346991 0.735182 0.507927 0.164358 0.170579
0 0.427014 0.477344 0.228453 0.082469 0.100549
0 0.446246 0.76113 0.191597 0.0845297 0.895216
0 0.501502 0.228517 0.227935 0.0943473 0.838774
0 0.487234 0.478687 0.166487 0.0690851 0.703814
0 0.444654 0.762141 0.215025 0.0910609 0.845727
0 0.483899 0.231906 0.226722 0.103716 0.631496
0 0.487403 0.488634 0.169369 0.0963416 0.377719
0 0.486878 0.224672 0.211464 0.094344 0.805378
0 0.442679 0.757761 0.185171 0.0783888 0.770457
0 0.488684 0.476781 0.170053 0.0660164 0.694272
0 0.487061 0.227717 0.213471 0.0998573 0.899435
0 0.44242 0.760688 0.187421 0.0845875 0.878456
0 0.490423 0.47762 0.170297 0.0717144 0.743735
0 0.485288 0.22747 0.204142 0.0989269 0.817633
0 0.486323 0.477449 0.171779 0.0746933 0.777442
0 0.440391 0.760408 0.185691 0.0855122 0.749397
0 0.487788 0.478306 0.167636 0.0738657 0.874998
0 0.483908 0.227592 0.19375 0.0944467 0.874392
0 0.43922 0.759938 0.185204 0.0827793 0.780233
0 0.48221 0.225855 0.212002 0.101161 0.859625
0 0.439187 0.757571 0.199832 0.0868614 0.84266
0 0.489271 0.476174 0.169458 0.0727068 0.841415
0 0.459335 0.464984 0.305254 0.095676 0.238548
0 0.492615 0.476274 0.167202 0.0746519 0.715545
0 0.440604 0.757839 0.201393 0.086895 0.618339
0 0.483257 0.226493 0.202149 0.0996131 0.442118
0 0.488784 0.477954 0.157739 0.0693512 0.959689
0 0.441163 0.759339 0.182391 0.0801606 0.920444
0 0.489292 0.226081 0.18411 0.0885432 0.906645
0 0.489482 0.477647 0.160313 0.0700673 0.816043
0 0.487401 0.227254 0.187138 0.0909797 0.780394
0 0.440816 0.760206 0.184434 0.0815588 0.77882
0 0.441473 0.75894 0.184304 0.0834911 0.857709
0 0.486353 0.226219 0.19209 0.0921631 0.848336
0 0.490131 0.477275 0.158295 0.0726858 0.802937
0 0.439571 0.758461 0.188857 0.0815886 0.846353
0 0.484714 0.226673 0.197572 0.0904091 0.820303
0 0.489 0.477708 0.161178 0.0709317 0.813812
0 0.438058 0.758112 0.187945 0.0828441 0.817828
0 0.483804 0.226667 0.203768 0.0909891 0.812061
0 0.489113 0.476469 0.15776 0.0704801 0.454819
0 0.440246 0.759577 0.189514 0.0825649 0.780307
0 0.489536 0.476661 0.156737 0.0704163 0.734262
0 0.483841 0.227097 0.201445 0.0920898 0.693356
0 0.438851 0.757312 0.190712 0.0849184 0.930061
0 0.484752 0.226164 0.202241 0.0909849 0.915033
0 0.490228 0.476347 0.156793 0.0704546 0.904542
0 0.437462 0.759461 0.195081 0.0836876 0.840277
0 0.492091 0.476655 0.157563 0.0720831 0.823861
0 0.484768 0.226442 0.20984 0.0924743 0.755258
0 0.490256 0.477297 0.154089 0.0705139 0.856725
0 0.439216 0.760105 0.18712 0.082799 0.849199
0 0.48591 0.225639 0.202673 0.0900854 0.767121
0 0.484565 0.226717 0.194675 0.0902122 0.875368
0 0.439906 0.761001 0.185595 0.0853149 0.87276
0 0.488927 0.478234 0.157194 0.0738516 0.774045
0 0.489191 0.476661 0.153367 0.0704811 0.820669
0 0.438887 0.760244 0.182038 0.0824097 0.805959
0 0.481932 0.226222 0.198289 0.0880062 0.745209
0 0.490009 0.47632 0.152717 0.0730072 0.915679
0 0.480195 0.226209 0.205388 0.0903325 0.884476
0 0.438099 0.758144 0.186848 0.0820205 0.883255
0 0.492239 0.47713 0.158725 0.0712883 0.892268
0 0.485561 0.22501 0.200428 0.0880369 0.889208
0 0.442016 0.758523 0.18527 0.0802588 0.874689
0 0.490928 0.477861 0.155861 0.0727354 0.860873
0 0.441278 0.75787 0.187436 0.0804138 0.842717
0 0.485054 0.224715 0.2007 0.0886814 0.821072
0 0.490072 0.47703 0.153512 0.070652 0.839976
0 0.440802 0.758245 0.180806 0.0800394 0.839135
0 0.484436 0.223617 0.193658 0.0885409 0.788657
0 0.440925 0.758602 0.181568 0.0806153 0.850427
0 0.490962 0.477156 0.15152 0.0701465 0.840605
0 0.488906 0.225153 0.195202 0.0875105 0.808447
0 0.485376 0.22392 0.192684 0.0862976 0.901416
0 0.438642 0.757445 0.178631 0.0777635 0.867576
0 0.491659 0.476438 0.151513 0.0708372 0.826076
0 0.440507 0.758585 0.185298 0.0819138 0.90663
0 0.486609 0.222715 0.197455 0.0851008 0.884628
0 0.491517 0.477189 0.157412 0.0727358 0.863728
0 0.441101 0.758901 0.183673 0.0806144 0.891894
0 0.490502 0.476399 0.15313 0.0681816 0.868617
0 0.487002 0.224446 0.193061 0.0859142 0.862539
0 0.489975 0.477495 0.154195 0.0687042 0.839111
0 0.442277 0.758096 0.188198 0.0806227 0.82462
0 0.486042 0.224202 0.197945 0.0860303 0.809012
0 0.440907 0.760337 0.184317 0.0850437 0.870336
0 0.491844 0.476276 0.155785 0.072111 0.858003
0 0.487152 0.224137 0.19725 0.0867849 0.85593
0 0.438621 0.759668 0.181028 0.0833136 0.857595
0 0.486039 0.224692 0.194251 0.0877516 0.838321
0 0.49048 0.477164 0.15297 0.07218 0.81862
0 0.440562 0.759308 0.184282 0.082715 0.881202
0 0.487236 0.225249 0.190383 0.0898266 0.87878
0 0.492919 0.477057 0.156188 0.0700442 0.84884
0 0.438602 0.759441 0.182458 0.0828195 0.858627
0 0.490821 0.477268 0.155339 0.0682741 0.834294
0 0.483213 0.22522 0.196368 0.0894553 0.808813
0 0.438497 0.75703 0.178167 0.0784231 0.849408
0 0.492204 0.47661 0.157436 0.0694029 0.849049
0 0.484096 0.222202 0.189334 0.0832556 0.77365
0 0.440597 0.757655 0.184819 0.0803743 0.86788
0 0.484265 0.224195 0.193482 0.0881095 0.821291
0 0.493676 0.476134 0.161397 0.0716352 0.820024
0 0.440956 0.75974 0.186011 0.0848287 0.877744
0 0.493039 0.475629 0.156875 0.0709601 0.863967
0 0.485614 0.224544 0.192323 0.0870169 0.856521
0 0.491968 0.475862 0.153598 0.0719328 0.842404
0 0.483327 0.225527 0.196852 0.0902863 0.799603
0 0.436788 0.759185 0.18735 0.0834543 0.793754
0 0.493762 0.475782 0.15344 0.0699226 0.926442
0 0.485941 0.223314 0.193029 0.0860141 0.895391
0 0.438283 0.757432 0.19051 0.0820255 0.891121
0 0.49327 0.476713 0.15545 0.0702974 0.869506
0 0.486232 0.224006 0.198594 0.0880932 0.835489
0 0.439792 0.758197 0.194631 0.0833082 0.824717
0 0.49152 0.476532 0.156466 0.0730587 0.904537
0 0.442039 0.759066 0.191053 0.0865393 0.901683
0 0.486691 0.22477 0.200145 0.0894732 0.880192
0 0.440933 0.759598 0.186284 0.084721 0.894852
0 0.491533 0.478262 0.154952 0.0694019 0.893988
0 0.484499 0.225571 0.196135 0.0876194 0.855983
0 0.44109 0.75862 0.185367 0.0824742 0.861076
0 0.491542 0.476958 0.156884 0.0728924 0.858059
0 0.486635 0.224997 0.207035 0.0885681 0.824826
0 0.491163 0.478168 0.152762 0.068759 0.891455
0 0.442069 0.758319 0.183722 0.0798334 0.864831
0 0.487582 0.224976 0.198149 0.0863495 0.838232
0 0.490206 0.478053 0.155842 0.0688322 0.87399
0 0.442645 0.758484 0.187781 0.0813048 0.827257
0 0.485398 0.22598 0.198538 0.0878706 0.822396
0 0.489811 0.478033 0.153194 0.0675263 0.865789
0 0.484278 0.225975 0.199063 0.0885192 0.827809
0 0.44177 0.760269 0.183983 0.0819192 0.826771
0 0.483697 0.224288 0.199733 0.0895017 0.866539
0 0.490328 0.475043 0.156768 0.0723276 0.855228
0 0.441163 0.75826 0.190919 0.080682 0.849567
0 0.482432 0.224747 0.198268 0.08999 0.856265
0 0.489999 0.476357 0.15565 0.0716332 0.849294
0 0.441128 0.759131 0.189067 0.0804104 0.831026
0 0.490447 0.479139 0.152299 0.0665062 0.853543
0 0.487158 0.225123 0.195921 0.0886853 0.835505
0 0.442485 0.758907 0.182629 0.0788828 0.823405
0 0.489345 0.478865 0.152095 0.0671019 0.837283
0 0.442353 0.759617 0.185738 0.0836006 0.810069
0 0.483377 0.225343 0.203354 0.0904757 0.804371
0 0.490965 0.478073 0.153626 0.0679953 0.902078
0 0.44266 0.758478 0.183316 0.0814254 0.895892
0 0.489227 0.22404 0.198037 0.0891277 0.879082
0 0.44329 0.759246 0.187968 0.0837911 0.860829
0 0.491051 0.478341 0.157718 0.0704793 0.85569
0 0.483542 0.225181 0.204752 0.0915544 0.845221
0 0.484377 0.224857 0.20366 0.090817 0.907946
0 0.442227 0.759344 0.183089 0.082296 0.90484
0 0.489402 0.477682 0.156773 0.0722153 0.892514
0 0.486568 0.224392 0.204504 0.0897707 0.861955
0 0.443102 0.759227 0.183427 0.0819267 0.856309
0 0.490216 0.477633 0.156449 0.0714422 0.837218
0 0.486779 0.224595 0.197518 0.0879017 0.90819
0 0.491984 0.476171 0.157384 0.0732774 0.893821
0 0.44222 0.759572 0.188989 0.0844929 0.887499
0 0.442347 0.759411 0.186553 0.0837099 0.873904
0 0.486513 0.224847 0.190587 0.087741 0.873481
0 0.492361 0.47687 0.157064 0.0720371 0.866852
0 0.49117 0.477094 0.155794 0.0743021 0.886326
0 0.486423 0.225467 0.186587 0.0881029 0.872272
0 0.442081 0.759882 0.186413 0.0847019 0.86822
0 0.491247 0.476167 0.153178 0.0713561 0.876154
0 0.485545 0.224558 0.189849 0.0903793 0.862984
0 0.444104 0.759378 0.191379 0.085052 0.859581
0 0.490572 0.477679 0.15676 0.0701763 0.866129
0 0.486363 0.225561 0.198181 0.0908387 0.851013
0 0.442 0.759792 0.195296 0.0854297 0.844612
0 0.490425 0.478478 0.149827 0.0692396 0.852062
0 0.487926 0.2258 0.193039 0.0895417 0.844404
0 0.439993 0.75871 0.183139 0.0813002 0.843164
0 0.438523 0.758047 0.188372 0.0813825 0.933358
0 0.490348 0.477928 0.14946 0.0690782 0.932519
0 0.483812 0.22496 0.205521 0.0908532 0.929799
0 0.484708 0.22479 0.205778 0.0914567 0.919523
0 0.438815 0.757807 0.189439 0.0825642 0.917294
0 0.490775 0.478288 0.150361 0.0692612 0.912086
0 0.485119 0.225535 0.204237 0.0914678 0.92807
0 0.439886 0.758142 0.186558 0.0813656 0.925076
0 0.489934 0.478074 0.151568 0.0701494 0.920959
0 0.485697 0.226827 0.201114 0.0906425 0.895628
0 0.441085 0.758794 0.185197 0.0796291 0.892433
0 0.489879 0.478265 0.15209 0.0681108 0.882468
0 0.490921 0.476615 0.152833 0.0713589 0.884869
0 0.441809 0.759992 0.191494 0.0855286 0.877605
0 0.485914 0.226621 0.201161 0.0925296 0.847444
0 0.441884 0.760232 0.189621 0.0848591 0.889806
0 0.491603 0.477528 0.147966 0.0697519 0.869185
0 0.485684 0.225805 0.199143 0.0908947 0.859086
0 0.440836 0.759864 0.190642 0.0822482 0.922993
0 0.485758 0.225465 0.199914 0.0891192 0.895054
0 0.492027 0.477682 0.147695 0.066978 0.891611
0 0.442604 0.759362 0.186227 0.0794466 0.933028
0 0.493571 0.478397 0.145682 0.0668348 0.912493
0 0.487648 0.225049 0.197078 0.0877096 0.901385
0 0.44076 0.759056 0.191315 0.0806282 0.850523
0 0.491634 0.479299 0.15506 0.0672545 0.828995
0 0.487178 0.22478 0.202422 0.0914963 0.816109
0 0.491372 0.479193 0.153142 0.0660879 0.899868
0 0.440443 0.758931 0.193443 0.0815095 0.897217
0 0.486459 0.224797 0.20226 0.0903653 0.887364
0 0.492061 0.478359 0.1514 0.0695267 0.888518
0 0.487648 0.224259 0.206323 0.0927419 0.875541
0 0.440962 0.757628 0.191934 0.081996 0.874105
0 0.443133 0.7586 0.196377 0.0801504 0.893128
0 0.491912 0.478775 0.153499 0.0695461 0.883287
0 0.48841 0.224128 0.209864 0.0934932 0.882885
0 0.438904 0.759373 0.184547 0.0772126 0.879449
0 0.488542 0.224711 0.199123 0.0882307 0.869316
0 0.491942 0.478729 0.147234 0.0665409 0.863048
0 0.440274 0.759177 0.189888 0.0809626 0.895547
0 0.490954 0.478199 0.151984 0.0698794 0.89299
0 0.483782 0.225297 0.200512 0.0914025 0.877304
0 0.437848 0.759283 0.186468 0.079385 0.882486
0 0.490701 0.478898 0.148904 0.0669025 0.871795
0 0.486599 0.225679 0.197289 0.0894123 0.865993
0 0.439123 0.759153 0.189844 0.0805565 0.906462
0 0.489542 0.478119 0.150539 0.0698763 0.895366
0 0.486663 0.224867 0.202384 0.0919742 0.893199
0 0.440698 0.75831 0.190827 0.0804936 0.889044
0 0.49101 0.478865 0.149011 0.0684724 0.884491
0 0.48955 0.223244 0.199659 0.0915906 0.8731
0 0.440654 0.758598 0.191701 0.0803493 0.911207
0 0.491686 0.479934 0.150563 0.0670167 0.899976
0 0.489474 0.223922 0.199814 0.0916983 0.894816
0 0.492344 0.479248 0.155342 0.0720579 0.891934
0 0.443065 0.759532 0.194692 0.084252 0.889153
0 0.488582 0.225084 0.204858 0.093304 0.856558
0 0.492145 0.479684 0.151377 0.0694088 0.899988
0 0.442611 0.75911 0.189261 0.0810421 0.890627
0 0.490944 0.224908 0.201878 0.0923564 0.870325
0 0.491139 0.480375 0.155299 0.0678389 0.87601
0 0.488015 0.224979 0.199121 0.0917245 0.860797
0 0.439838 0.759111 0.187812 0.0808921 0.839925
0 0.49167 0.480216 0.153139 0.0664502 0.886207
0 0.486931 0.225051 0.197542 0.0906124 0.871933
0 0.439851 0.759361 0.187493 0.0809536 0.860654
0 0.493009 0.479489 0.155653 0.0675351 0.876437
0 0.439029 0.75963 0.18923 0.0835015 0.869422
0 0.484922 0.225697 0.201947 0.093919 0.858841
0 0.43843 0.759515 0.191869 0.0834205 0.8554
0 0.490306 0.480149 0.15766 0.0669798 0.852716
0 0.486219 0.226444 0.200873 0.0939136 0.819817
0 0.492109 0.480064 0.150795 0.0666456 0.900882
0 0.439879 0.758927 0.183299 0.08099 0.89155
0 0.487594 0.226954 0.19097 0.0909925 0.886055
0 0.490422 0.479209 0.157488 0.0694628 0.871314
0 0.439518 0.758694 0.187571 0.0807091 0.858469
0 0.487002 0.226507 0.196016 0.0916345 0.851593
0 0.491899 0.479089 0.156293 0.0691411 0.897459
0 0.44189 0.758447 0.189843 0.081619 0.879615
0 0.487296 0.226635 0.201276 0.0911148 0.872755
0 0.490757 0.479202 0.155281 0.0679179 0.927067
0 0.441003 0.759679 0.192462 0.0825634 0.910531
0 0.486906 0.226879 0.199531 0.0901477 0.898986
0 0.490527 0.478801 0.155058 0.066634 0.890323
0 0.440377 0.758792 0.187876 0.0804124 0.884434
0 0.486621 0.225473 0.193627 0.0866839 0.852547
0 0.440887 0.758827 0.185485 0.0797331 0.910391
0 0.491575 0.47974 0.153237 0.0675598 0.907932
0 0.487458 0.225605 0.192254 0.0865881 0.885428
0 0.488534 0.478596 0.155328 0.0705942 0.908703
0 0.438684 0.75855 0.188614 0.0799075 0.90478
0 0.486283 0.225477 0.198105 0.0878999 0.886653
0 0.489985 0.479963 0.156614 0.0672549 0.904222
0 0.439907 0.759712 0.190096 0.0803714 0.89702
0 0.486756 0.226067 0.200962 0.0874844 0.877954
0 0.490837 0.478111 0.157124 0.0716898 0.89452
0 0.438296 0.759349 0.188845 0.0821991 0.887928
0 0.486801 0.224723 0.199012 0.0878787 0.876663
0 0.490534 0.47816 0.158252 0.0711376 0.871682
0 0.43842 0.759703 0.188177 0.0817823 0.856226
0 0.487014 0.224725 0.197001 0.0875602 0.853948
0 0.490553 0.478636 0.155246 0.0663875 0.91463
0 0.440095 0.759515 0.188533 0.0796696 0.901599
0 0.487534 0.224505 0.197114 0.0850151 0.89759
0 0.488988 0.478147 0.15506 0.0697519 0.895615
0 0.441289 0.759001 0.190102 0.0808793 0.895603
0 0.486428 0.224707 0.197158 0.0874058 0.888162
0 0.491326 0.478634 0.153154 0.0676361 0.8751
0 0.485423 0.224925 0.197928 0.0879194 0.871912
0 0.443759 0.758378 0.189761 0.0804123 0.86192
0 0.491431 0.47915 0.156291 0.0678015 0.89513
0 0.442524 0.758081 0.192541 0.0815191 0.891262
0 0.487708 0.22496 0.199067 0.089329 0.88435
0 0.490412 0.479523 0.152291 0.067592 0.864782
0 0.438619 0.757802 0.18472 0.0808451 0.864664
0 0.486583 0.225112 0.196144 0.0895685 0.843207
0 0.49225 0.478237 0.157429 0.0700548 0.901201
0 0.44071 0.758888 0.190465 0.0822788 0.887082
0 0.485617 0.225688 0.201619 0.0930004 0.878351
0 0.489631 0.478641 0.155057 0.0683392 0.899012
0 0.484828 0.225276 0.199453 0.0888884 0.898223
0 0.43843 0.758897 0.188969 0.0803612 0.891503
0 0.48554 0.224478 0.198996 0.0880298 0.888075
0 0.490281 0.478223 0.155157 0.0703865 0.887061
0 0.439618 0.758547 0.186763 0.0799 0.880678
0 0.489461 0.477888 0.152702 0.0710154 0.891829
0 0.437684 0.757978 0.186175 0.0812976 0.888779
0 0.486646 0.225193 0.204529 0.091618 0.887003
0 0.489364 0.478291 0.153914 0.0699337 0.899461
0 0.437511 0.758149 0.18894 0.0820914 0.893423
0 0.486582 0.225428 0.205043 0.0927927 0.889352
