0 0.466572 0.321363 0.161603 0.0734757 0.440139
0 0.497366 0.331275 0.0965896 0.0516623 0.273113
0 0.798337 0.496502 0.0661079 0.025984 0.217208
0 0.515943 0.645112 0.19577 0.090239 0.129735
0 0.244031 0.150111 0.0677415 0.0279447 0.102851
0 0.469822 0.321306 0.169369 0.0770865 0.777092
0 0.499659 0.645237 0.243796 0.100007 0.38994
0 0.797493 0.498054 0.0646555 0.0328825 0.177611
0 0.598548 0.586857 0.0719108 0.0290726 0.16828
0 0.471917 0.321961 0.174475 0.0785623 0.919763
0 0.501403 0.649847 0.254903 0.105949 0.869379
0 0.596282 0.586437 0.0660371 0.0259106 0.143316
0 0.504998 0.647566 0.217635 0.104759 0.985375
0 0.46881 0.320926 0.178378 0.0786842 0.734073
0 0.59861 0.585777 0.0563206 0.0256345 0.246969
0 0.60973 0.59634 0.0822331 0.0493826 0.203826
0 0.871354 0.0787663 0.0498099 0.0218988 0.186111
0 0.156383 0.499486 0.0439186 0.0191188 0.177105
0 0.796862 0.496723 0.0553684 0.0302946 0.168528
0 0.262368 0.110993 0.0590092 0.0319534 0.101855
0 0.468636 0.321338 0.173314 0.073135 0.817707
0 0.515816 0.645021 0.214986 0.115021 0.737529
0 0.250674 0.126214 0.11749 0.0668216 0.325701
0 0.797906 0.496097 0.0713505 0.0319427 0.289808
0 0.247769 0.32679 0.079119 0.0461391 0.221128
0 0.477024 0.423876 0.116379 0.0774776 0.196234
0 0.616509 0.597289 0.108967 0.0536341 0.186446
0 0.8697 0.0772836 0.0551307 0.0245501 0.185413
0 0.251224 0.112517 0.0909982 0.0370516 0.184197
0 0.268901 0.484131 0.132971 0.0692812 0.124758
0 0.525749 0.649706 0.228407 0.110229 0.967013
0 0.472647 0.322957 0.182677 0.0769624 0.954486
0 0.477774 0.415665 0.106537 0.0578948 0.314811
0 0.871647 0.0769467 0.0539067 0.0237308 0.220344
0 0.248255 0.325972 0.073126 0.0439537 0.208246
0 0.250878 0.126996 0.111395 0.0657041 0.184064
0 0.266491 0.430934 0.111133 0.0864253 0.175798
0 0.671244 0.130099 0.0992445 0.0567817 0.167392
0 0.611054 0.588293 0.0772949 0.0339088 0.127281
0 0.467814 0.323062 0.1777 0.0788009 0.935388
0 0.504597 0.645534 0.264239 0.101524 0.928418
0 0.608708 0.585464 0.0743044 0.0326233 0.157886
0 0.480484 0.412221 0.102464 0.0553839 0.147798
0 0.872671 0.0775538 0.0568835 0.0247467 0.147704
0 0.479014 0.42973 0.125743 0.0946862 0.126908
0 0.468262 0.322959 0.181887 0.0769931 0.994164
0 0.528439 0.646718 0.224803 0.0982289 0.946788
0 0.481856 0.412946 0.102639 0.05312 0.345599
0 0.254247 0.331316 0.0907676 0.0419926 0.341409
0 0.481809 0.430575 0.134458 0.092391 0.303743
0 0.61671 0.591714 0.102055 0.0460874 0.19878
0 0.610866 0.584872 0.0730343 0.0310807 0.173369
0 0.873916 0.0778094 0.0594985 0.0239263 0.170644
0 0.276044 0.480536 0.169599 0.0932584 0.14023
0 0.271903 0.456967 0.11541 0.0612158 0.112029
0 0.478244 0.633647 0.215409 0.0917782 0.100222
0 0.471769 0.322532 0.184428 0.0790614 0.962779
0 0.505061 0.647079 0.253953 0.108337 0.915713
0 0.611297 0.583224 0.0618074 0.0263345 0.226552
0 0.481695 0.430513 0.129705 0.0921393 0.148263
0 0.477481 0.41209 0.110924 0.052645 0.105103
0 0.468393 0.322893 0.174848 0.0775487 0.755657
0 0.506641 0.646333 0.241038 0.105438 0.669416
0 0.61122 0.583607 0.0539707 0.0257633 0.344521
0 0.598999 0.223311 0.0448521 0.0185303 0.192984
0 0.613454 0.586189 0.0832821 0.0337471 0.118474
0 0.873592 0.0757043 0.0493964 0.0209754 0.107021
0 0.470638 0.320323 0.181754 0.0770304 0.981312
0 0.526255 0.647487 0.244509 0.0958151 0.912765
0 0.47343 0.320376 0.176855 0.075058 0.929394
0 0.516723 0.641666 0.259522 0.102206 0.893697
0 0.470127 0.321883 0.176387 0.0771295 0.842264
0 0.520869 0.648096 0.232654 0.100908 0.60638
0 0.599052 0.224512 0.0541485 0.0244081 0.22313
0 0.873588 0.0776128 0.0539362 0.024207 0.116442
0 0.177265 0.365315 0.0625325 0.0274321 0.111404
0 0.252919 0.123302 0.113714 0.068235 0.102686
0 0.468775 0.322022 0.175767 0.0769953 0.972257
0 0.516006 0.64808 0.221828 0.0978807 0.77883
0 0.475621 0.321891 0.172552 0.0777212 0.905353
0 0.418425 0.495341 0.0602215 0.0291726 0.411587
0 0.264089 0.329729 0.122669 0.0518388 0.151728
0 0.0552894 0.101417 0.0862161 0.0287436 0.137755
0 0.263448 0.441702 0.0983046 0.058675 0.11874
0 0.588335 0.222131 0.0768837 0.0217253 0.114515
0 0.515846 0.646611 0.201798 0.0890039 0.109847
0 0.501947 0.500045 0.0578997 0.0268446 0.103339
0 0.472941 0.321693 0.177225 0.078543 0.981926
0 0.516938 0.645306 0.214206 0.0915537 0.892529
0 0.278507 0.64613 0.527977 0.189284 0.117499
0 0.509031 0.644356 0.25794 0.102037 0.950663
0 0.476399 0.321619 0.174355 0.0776143 0.931719
0 0.624575 0.594695 0.116039 0.0478514 0.104673
0 0.516116 0.644722 0.283057 0.117246 0.831929
0 0.471634 0.321017 0.185128 0.0799282 0.774506
0 0.470971 0.319968 0.180561 0.0762645 0.822634
0 0.520463 0.645007 0.276406 0.0971181 0.303972
0 0.470987 0.321738 0.186168 0.0801933 0.945321
0 0.528044 0.645526 0.289958 0.0999376 0.558438
0 0.468702 0.322569 0.184368 0.0821439 0.879232
0 0.51634 0.648969 0.263418 0.105646 0.646306
0 0.468663 0.322701 0.173359 0.0790466 0.916934
0 0.512837 0.645522 0.245641 0.0973661 0.744372
0 0.473538 0.319073 0.183561 0.0837325 0.928246
0 0.496313 0.647418 0.290192 0.116823 0.761472
0 0.221248 0.390962 0.382018 0.163665 0.126211
0 0.474878 0.319531 0.186147 0.0847986 0.713645
0 0.526217 0.646879 0.24992 0.106276 0.345886
0 0.47089 0.321127 0.175817 0.0781479 0.969105
0 0.52524 0.646582 0.224609 0.0942734 0.775318
0 0.469898 0.32218 0.176683 0.0793317 0.918612
0 0.517756 0.647337 0.248767 0.0988455 0.55703
0 0.469527 0.321501 0.174509 0.0809858 0.887912
0 0.529263 0.648265 0.232462 0.101315 0.660043
0 0.468388 0.321484 0.177435 0.0786687 0.858828
0 0.53114 0.646014 0.233591 0.0959264 0.746439
0 0.471356 0.321489 0.180426 0.0779598 0.86685
0 0.528815 0.647381 0.233528 0.102982 0.473865
0 0.471445 0.32153 0.178674 0.0779464 0.859323
0 0.528957 0.647603 0.233109 0.102557 0.495759
0 0.470557 0.321333 0.176141 0.0770598 0.96105
0 0.528127 0.645143 0.228538 0.100066 0.590469
0 0.468404 0.321104 0.177367 0.0783718 0.854121
0 0.524051 0.645081 0.234157 0.10185 0.61747
0 0.471381 0.320589 0.178285 0.0772985 0.865843
0 0.523789 0.645236 0.22495 0.098399 0.539023
0 0.471615 0.322072 0.181614 0.0789599 0.921937
0 0.521901 0.644613 0.237426 0.101405 0.313772
0 0.471136 0.322022 0.174154 0.0776068 0.85162
0 0.525874 0.644895 0.223697 0.0986463 0.755261
0 0.471337 0.321404 0.172744 0.0779554 0.937142
0 0.5223 0.645399 0.232363 0.100402 0.892184
0 0.469023 0.322438 0.175462 0.0777084 0.943065
0 0.528522 0.645642 0.22273 0.095826 0.889191
0 0.470185 0.32314 0.177884 0.0793715 0.888585
0 0.528815 0.645072 0.228739 0.0973333 0.834725
0 0.471626 0.322886 0.175903 0.0776694 0.866556
0 0.529108 0.64354 0.232866 0.098402 0.829325
0 0.527475 0.645588 0.236477 0.0988587 0.850789
0 0.472187 0.322229 0.174409 0.0767396 0.843347
0 0.470337 0.3215 0.172383 0.0758451 0.922282
0 0.519818 0.645718 0.233949 0.102755 0.600347
0 0.471737 0.322172 0.178951 0.0770791 0.914185
0 0.525297 0.647725 0.237518 0.100135 0.571672
0 0.272006 0.115965 0.11096 0.0482514 0.159822
0 0.620291 0.596234 0.104687 0.055579 0.130255
0 0.528774 0.645118 0.218614 0.0981048 0.885322
0 0.471184 0.321392 0.172062 0.0749969 0.874276
0 0.620559 0.596507 0.108287 0.0568476 0.133189
0 0.526846 0.64488 0.227204 0.0980399 0.832631
0 0.469559 0.321349 0.170202 0.0767343 0.813438
0 0.523105 0.64528 0.232485 0.0992031 0.881953
0 0.471346 0.322027 0.168365 0.0776997 0.865007
0 0.627727 0.595958 0.109304 0.0536364 0.11296
0 0.524125 0.646489 0.222782 0.0973952 0.871866
0 0.469547 0.322032 0.166452 0.0797345 0.849543
0 0.526992 0.646792 0.221878 0.098125 0.872941
0 0.471161 0.32283 0.174377 0.0785563 0.870471
0 0.468272 0.322644 0.176499 0.0770263 0.853868
0 0.521003 0.646518 0.230162 0.0983355 0.836974
0 0.4677 0.321023 0.170601 0.0780742 0.86987
0 0.52519 0.645694 0.215962 0.0939903 0.860082
0 0.52925 0.646072 0.216605 0.0948389 0.8852
0 0.470194 0.321352 0.175442 0.0783823 0.848045
0 0.468149 0.323245 0.174542 0.0777272 0.901839
0 0.528568 0.646807 0.210234 0.0949017 0.871184
0 0.467134 0.323328 0.177663 0.0773559 0.844212
0 0.525437 0.647198 0.211838 0.0964892 0.832128
0 0.471383 0.321739 0.171179 0.0760061 0.924425
0 0.526298 0.645637 0.213047 0.0977309 0.88638
0 0.526592 0.64653 0.219537 0.0995504 0.872958
0 0.472561 0.322002 0.176482 0.0786304 0.870789
0 0.528551 0.647365 0.220762 0.100701 0.910473
0 0.470998 0.322648 0.179846 0.0800046 0.907457
0 0.470662 0.322524 0.177812 0.079307 0.886572
0 0.526987 0.647852 0.215136 0.0975183 0.883582
0 0.469899 0.322039 0.176921 0.0803251 0.844426
0 0.535428 0.645411 0.225936 0.099139 0.839396
0 0.53064 0.646605 0.220468 0.0970858 0.869313
0 0.470516 0.322981 0.170982 0.0783068 0.868255
0 0.530879 0.648131 0.215143 0.0959515 0.872346
0 0.472097 0.322245 0.174092 0.0777009 0.856157
0 0.529276 0.647989 0.214203 0.0965133 0.867285
0 0.471508 0.321762 0.174455 0.0777962 0.848838
0 0.468333 0.321185 0.176076 0.078847 0.884929
0 0.524574 0.646491 0.226683 0.0996819 0.82775
0 0.468247 0.32237 0.172623 0.0794579 0.863661
0 0.523499 0.646629 0.225841 0.100007 0.73622
0 0.473185 0.322731 0.176499 0.0770369 0.838466
0 0.527874 0.647688 0.225429 0.0989378 0.766189
0 0.471995 0.322945 0.177059 0.0773769 0.815615
0 0.524376 0.647685 0.237367 0.101498 0.565652
0 0.471139 0.322354 0.173332 0.0758741 0.907908
0 0.525583 0.646988 0.229043 0.0993286 0.757934
0 0.471371 0.322932 0.178573 0.0781413 0.869413
0 0.526321 0.647234 0.228528 0.0988867 0.813914
0 0.469856 0.323292 0.175379 0.0792153 0.901274
0 0.527194 0.647036 0.214777 0.0963033 0.890214
0 0.47165 0.323088 0.172729 0.078857 0.852981
0 0.528829 0.646603 0.212657 0.095297 0.837721
0 0.470253 0.322795 0.17201 0.0793451 0.915302
0 0.52676 0.646686 0.213171 0.0939814 0.889094
0 0.470531 0.322971 0.172167 0.0778366 0.902169
0 0.526767 0.647593 0.209339 0.0917103 0.838553
0 0.470726 0.323016 0.174352 0.0791558 0.893724
0 0.526013 0.647529 0.208152 0.0954664 0.831437
0 0.471517 0.322247 0.176505 0.0786599 0.877786
0 0.52796 0.647355 0.220449 0.0966162 0.790329
0 0.47088 0.322296 0.177475 0.078707 0.870663
0 0.529051 0.648222 0.222763 0.0995476 0.845368
0 0.529156 0.648216 0.211061 0.0948679 0.861493
0 0.47015 0.322103 0.173817 0.0786397 0.858922
0 0.470093 0.321564 0.177879 0.0778815 0.938753
0 0.527078 0.647087 0.216257 0.0959801 0.921453
0 0.470523 0.322349 0.179541 0.0767075 0.92261
0 0.526074 0.646542 0.210937 0.0968142 0.903357
0 0.469824 0.323078 0.178709 0.078077 0.925418
0 0.528438 0.646868 0.208984 0.097443 0.918161
0 0.530389 0.648008 0.209044 0.0953801 0.897285
0 0.470788 0.323045 0.180974 0.0780296 0.889687
0 0.624151 0.594373 0.102506 0.0534946 0.267953
0 0.470329 0.322481 0.184221 0.0808159 0.901366
0 0.530803 0.647932 0.211374 0.0962256 0.900171
0 0.623456 0.594598 0.102512 0.0558605 0.265233
0 0.530203 0.648421 0.212723 0.0959677 0.893062
0 0.471435 0.324244 0.18028 0.0828291 0.889991
0 0.622294 0.594445 0.0953966 0.0539505 0.220341
0 0.470236 0.323517 0.178548 0.081215 0.920351
0 0.528357 0.648054 0.214294 0.0951121 0.914346
0 0.472018 0.323766 0.179003 0.0811661 0.929449
0 0.528428 0.647055 0.212422 0.0960789 0.903583
0 0.470952 0.323804 0.187164 0.0825191 0.839989
0 0.527658 0.646891 0.214755 0.097357 0.823559
0 0.470336 0.322951 0.179881 0.079603 0.911196
0 0.527022 0.647196 0.216196 0.0966668 0.886776
0 0.469718 0.322994 0.176154 0.0806957 0.892803
0 0.532529 0.649595 0.219204 0.104364 0.858559
0 0.47058 0.323501 0.176791 0.0807047 0.896128
0 0.531345 0.647205 0.226877 0.100682 0.862666
0 0.469976 0.323113 0.170857 0.078211 0.881638
0 0.524789 0.647768 0.223861 0.0991348 0.799776
0 0.469759 0.322835 0.17609 0.080399 0.907242
0 0.525491 0.648082 0.226104 0.101204 0.828222
0 0.470796 0.322241 0.175368 0.0787988 0.89397
0 0.526837 0.648943 0.224344 0.0981922 0.804312
0 0.468884 0.322881 0.177614 0.0814649 0.904259
0 0.52779 0.648473 0.227705 0.100942 0.855756
0 0.467965 0.322553 0.175411 0.0789072 0.888707
0 0.530278 0.647501 0.219751 0.100214 0.830246
0 0.468934 0.323486 0.176563 0.0789913 0.914065
0 0.529441 0.648052 0.216481 0.0998066 0.873343
0 0.468672 0.321878 0.175359 0.0809767 0.899734
0 0.528925 0.648677 0.219028 0.101815 0.870645
0 0.469654 0.322575 0.174567 0.0810153 0.90668
0 0.528749 0.649525 0.214199 0.100786 0.881209
0 0.469604 0.322246 0.177921 0.0796826 0.899204
0 0.528609 0.649207 0.211594 0.0996898 0.872721
0 0.469958 0.321848 0.173703 0.0780315 0.915755
0 0.528087 0.648815 0.211154 0.0985928 0.861656
0 0.470854 0.321839 0.177853 0.080044 0.898345
0 0.528154 0.648517 0.217401 0.100595 0.871485
0 0.46694 0.323013 0.176861 0.0803991 0.868683
0 0.52892 0.648766 0.217318 0.0999513 0.831315
0 0.47024 0.322567 0.167656 0.0780257 0.909836
0 0.529074 0.649392 0.20874 0.0973508 0.874221
0 0.469517 0.322857 0.174636 0.0799095 0.883405
0 0.528972 0.649049 0.213582 0.0984333 0.786741
0 0.469604 0.32237 0.178267 0.0787556 0.89426
0 0.526858 0.648739 0.222182 0.0988055 0.59221
0 0.468798 0.322142 0.17356 0.0773072 0.917403
0 0.527152 0.648395 0.220571 0.0995136 0.717632
0 0.470763 0.321311 0.174058 0.075505 0.88844
0 0.527695 0.647928 0.211782 0.097406 0.759962
0 0.470991 0.321384 0.174001 0.0763351 0.906197
0 0.52703 0.648504 0.210503 0.096509 0.859738
0 0.468564 0.320742 0.174667 0.0786801 0.915335
0 0.524264 0.648337 0.217756 0.097719 0.872971
0 0.470218 0.321781 0.177086 0.0770898 0.90546
0 0.525522 0.649039 0.218205 0.0961981 0.876299
0 0.624956 0.596924 0.10504 0.0554872 0.107292
0 0.470736 0.321341 0.177637 0.0806889 0.895601
0 0.525297 0.647421 0.225261 0.097045 0.855489
0 0.628574 0.596035 0.112693 0.0575447 0.216514
0 0.470708 0.321607 0.179999 0.0809429 0.867902
0 0.525337 0.647789 0.225707 0.0973293 0.810685
0 0.624209 0.595072 0.105474 0.0537376 0.111057
0 0.469631 0.321961 0.176012 0.0776389 0.916469
0 0.528732 0.647297 0.21567 0.0947893 0.8923
0 0.622384 0.593667 0.100079 0.0488516 0.194407
0 0.467407 0.322477 0.180019 0.0811474 0.895574
0 0.52521 0.647304 0.214824 0.0966988 0.89401
0 0.525552 0.647512 0.211306 0.0960929 0.880829
0 0.469373 0.322075 0.175316 0.0793296 0.879626
0 0.469514 0.322068 0.178986 0.0799681 0.907029
0 0.526065 0.647153 0.214626 0.0980275 0.899321
0 0.622684 0.593966 0.102402 0.0517979 0.102356
0 0.46902 0.322117 0.175297 0.0797016 0.876925
0 0.526422 0.647479 0.211819 0.0974585 0.856817
0 0.470497 0.322059 0.178025 0.0814836 0.904284
0 0.523438 0.648471 0.224882 0.099636 0.885818
0 0.468086 0.32203 0.173719 0.0784587 0.913037
0 0.526301 0.648782 0.220898 0.0992829 0.885886
0 0.469538 0.321735 0.173805 0.0781882 0.907338
0 0.52787 0.648462 0.217735 0.0983765 0.87947
0 0.470337 0.32213 0.174459 0.0808375 0.901767
0 0.528955 0.648508 0.218298 0.0995457 0.887499
0 0.470923 0.322149 0.177972 0.080307 0.909138
0 0.528848 0.648431 0.219835 0.100299 0.894426
