0 0.162334 0.383437 0.139448 0.0667925 0.680562
0 0.623872 0.36684 0.104633 0.0503664 0.533927
0 0.451584 0.636447 0.126361 0.0640672 0.463289
0 0.467037 0.30544 0.0706728 0.0235667 0.278307
0 0.169921 0.392275 0.0885008 0.0461413 0.180185
0 0.372651 0.615806 0.0706114 0.0358938 0.100214
0 0.62752 0.369174 0.123798 0.0559467 0.833081
0 0.427003 0.62926 0.181866 0.0601844 0.664547
0 0.158537 0.386121 0.139291 0.0641649 0.556193
0 0.86605 0.294428 0.0479284 0.0213585 0.201108
0 0.456072 0.305527 0.0577929 0.02736 0.13476
0 0.383123 0.619614 0.0948034 0.0461388 0.123484
0 0.486879 0.374967 0.0523016 0.028232 0.122815
0 0.639531 0.371512 0.145652 0.0626197 0.765931
0 0.427512 0.636208 0.17928 0.0783504 0.582269
0 0.159454 0.387857 0.147236 0.0736077 0.361801
0 0.460298 0.633498 0.111903 0.0591875 0.13604
0 0.624922 0.369247 0.111789 0.0548154 0.644032
0 0.459461 0.631228 0.112154 0.0539964 0.569026
0 0.425369 0.370081 0.045582 0.0270441 0.528889
0 0.863716 0.29593 0.0401402 0.0211182 0.467743
0 0.155688 0.384537 0.150646 0.0729474 0.421026
0 0.445568 0.306763 0.0459617 0.0256929 0.333508
0 0.424455 0.430116 0.0373566 0.020108 0.203214
0 0.866727 0.4284 0.0391992 0.0213123 0.191779
0 0.364772 0.617006 0.0577096 0.0405378 0.188332
0 0.838568 0.297259 0.0779118 0.0248811 0.13552
0 0.486547 0.372121 0.0431234 0.0276482 0.116048
0 0.623546 0.368869 0.11813 0.0544322 0.944642
0 0.460149 0.633281 0.117335 0.0569882 0.869337
0 0.15327 0.383858 0.158584 0.0795999 0.764891
0 0.423997 0.369574 0.0489839 0.0272333 0.484483
0 0.367281 0.618389 0.0692991 0.0431318 0.366585
0 0.447912 0.304748 0.0584525 0.0298852 0.347813
0 0.862648 0.295491 0.0450286 0.0222107 0.213443
0 0.337596 0.971215 0.196521 0.05757 0.16406
0 0.623875 0.368925 0.110386 0.0582388 0.872386
0 0.460387 0.632693 0.11345 0.0559958 0.832649
0 0.149506 0.390205 0.159502 0.0758358 0.645285
0 0.426096 0.36896 0.0465787 0.0246902 0.386396
0 0.166293 0.363409 0.11436 0.044339 0.203717
0 0.448598 0.307279 0.0569455 0.0278335 0.109206
0 0.444396 0.629337 0.145757 0.0578291 0.633681
0 0.625022 0.367852 0.111679 0.0576893 0.614933
0 0.151951 0.381435 0.162962 0.0887956 0.399794
0 0.452548 0.630389 0.134716 0.056995 0.977868
0 0.623168 0.368882 0.111019 0.0548208 0.971353
0 0.154889 0.383046 0.170443 0.0880211 0.965246
0 0.409275 0.622172 0.149299 0.0445181 0.488021
0 0.173733 0.363116 0.112901 0.0482789 0.320916
0 0.427937 0.370462 0.0526014 0.0293437 0.296379
0 0.368004 0.619603 0.0609276 0.0409327 0.210057
0 0.446256 0.307457 0.0675121 0.0314131 0.132986
0 0.624226 0.367917 0.120972 0.0555095 0.883456
0 0.458683 0.630338 0.123151 0.056933 0.874675
0 0.15863 0.382454 0.177043 0.0902843 0.839144
0 0.427387 0.368945 0.0473547 0.0260412 0.192113
0 0.172995 0.363779 0.115641 0.0524504 0.128876
0 0.621991 0.368305 0.110923 0.052761 0.788037
0 0.460222 0.631149 0.114471 0.0526345 0.746135
0 0.427869 0.368769 0.0432841 0.0252422 0.413032
0 0.154494 0.383977 0.15337 0.0822801 0.401723
0 0.159595 0.349567 0.0513185 0.0184185 0.128067
0 0.170222 0.360433 0.100307 0.0444975 0.127965
0 0.368042 0.614675 0.0589641 0.0302693 0.112072
0 0.863951 0.296008 0.0347359 0.021549 0.10668
0 0.623479 0.367744 0.113579 0.0557922 0.958214
0 0.459728 0.634435 0.120912 0.0644369 0.94277
0 0.161612 0.38521 0.177667 0.087979 0.897094
0 0.408799 0.624201 0.152761 0.0540479 0.397071
0 0.429408 0.371278 0.0475458 0.0295859 0.308155
0 0.214408 0.399061 0.135908 0.0862285 0.254577
0 0.460138 0.627672 0.113334 0.0514866 0.883032
0 0.625066 0.366229 0.110965 0.0519592 0.881691
0 0.154227 0.384191 0.152106 0.0772296 0.757342
0 0.428719 0.368731 0.0459851 0.025003 0.309284
0 0.621736 0.368382 0.116294 0.0555151 0.664176
0 0.151631 0.386813 0.158075 0.0779461 0.603571
0 0.427328 0.634285 0.187247 0.072313 0.57624
0 0.428258 0.370049 0.0556025 0.0292754 0.510654
0 0.928975 0.485201 0.0982589 0.0350724 0.274528
0 0.440712 0.306921 0.0630967 0.0312038 0.202786
0 0.429885 0.429655 0.0482055 0.0256926 0.113023
0 0.864971 0.296525 0.0402566 0.0215549 0.105867
0 0.153239 0.386959 0.149979 0.0716761 0.924101
0 0.623926 0.368514 0.112823 0.0549767 0.915922
0 0.457942 0.629485 0.119478 0.0573465 0.798714
0 0.429486 0.369954 0.0503489 0.0272451 0.356488
0 0.40916 0.623393 0.152537 0.0512553 0.173124
0 0.374065 0.61828 0.0694911 0.0424533 0.82067
0 0.161606 0.380486 0.135471 0.0705266 0.631085
0 0.627366 0.371673 0.11506 0.0587721 0.563263
0 0.45726 0.637742 0.117325 0.064029 0.196954
0 0.601093 0.408075 0.0821394 0.0373733 0.193218
0 0.758525 0.397366 0.0578768 0.0312963 0.184147
0 0.426925 0.627011 0.188675 0.0617075 0.123809
0 0.158789 0.379748 0.138883 0.0715722 0.977955
0 0.638912 0.369006 0.151358 0.0596733 0.728349
0 0.423528 0.630632 0.1883 0.0689488 0.650603
0 0.169297 0.413656 0.322225 0.216931 0.161436
0 0.158568 0.38169 0.145753 0.0725321 0.790483
0 0.634687 0.370589 0.13327 0.0580981 0.51822
0 0.458878 0.638564 0.116102 0.0688162 0.33373
0 0.372266 0.617795 0.0731692 0.0407104 0.136917
0 0.460238 0.638333 0.117209 0.0691744 0.655309
0 0.62968 0.369249 0.123107 0.0600169 0.63393
0 0.152307 0.380614 0.167401 0.0802623 0.595866
0 0.174427 0.436306 0.324061 0.185021 0.53693
0 0.681915 0.624797 0.277411 0.124589 0.331317
0 0.367596 0.616919 0.0699535 0.0438734 0.11803
0 0.154533 0.378628 0.15172 0.0756975 0.757326
0 0.629167 0.368333 0.117746 0.0543699 0.607009
0 0.44702 0.627369 0.152763 0.055655 0.42366
0 0.153349 0.380259 0.159676 0.0797403 0.847388
0 0.632126 0.369488 0.131024 0.0576012 0.692586
0 0.429345 0.626684 0.199651 0.0639954 0.569967
0 0.463867 0.637245 0.124634 0.0650142 0.43413
0 0.34147 0.971602 0.212414 0.0567968 0.165397
0 0.152154 0.378633 0.160019 0.0849392 0.766432
0 0.624715 0.369104 0.119705 0.0601234 0.675959
0 0.459624 0.631357 0.120129 0.0590096 0.468676
0 0.624637 0.3693 0.12582 0.0576684 0.814852
0 0.157781 0.379161 0.162933 0.0853607 0.792803
0 0.450704 0.632192 0.133009 0.0658613 0.673663
0 0.430214 0.620283 0.200725 0.046961 0.109128
0 0.622154 0.367445 0.117907 0.057173 0.84371
0 0.430076 0.623895 0.199735 0.0634127 0.791485
0 0.155942 0.379505 0.163264 0.0874019 0.730451
0 0.456479 0.633391 0.121653 0.063789 0.588889
0 0.397728 0.619741 0.129466 0.0459322 0.288753
0 0.532426 0.348837 0.353103 0.117953 0.102814
0 0.622985 0.367667 0.115257 0.0586159 0.820129
0 0.460847 0.631861 0.123827 0.0658037 0.581977
0 0.156178 0.380321 0.157601 0.0884423 0.475852
0 0.620569 0.369432 0.116461 0.0546893 0.922231
0 0.156089 0.382088 0.154312 0.0776936 0.920292
0 0.458476 0.631523 0.11846 0.0515208 0.897919
0 0.37309 0.617071 0.0813509 0.0412771 0.265089
0 0.169615 0.359088 0.124449 0.0407601 0.140622
0 0.156972 0.381699 0.155704 0.0807191 0.720053
0 0.621356 0.368833 0.120586 0.0555814 0.675164
0 0.457534 0.631069 0.119178 0.0520853 0.633026
0 0.622442 0.367908 0.114769 0.0554624 0.841931
0 0.458807 0.630316 0.114712 0.0529084 0.828318
0 0.155388 0.383033 0.150994 0.0774604 0.80156
0 0.621785 0.36893 0.111551 0.0537896 0.858335
0 0.459796 0.63162 0.114403 0.0524027 0.852427
0 0.15359 0.386256 0.150831 0.0718573 0.822219
0 0.155938 0.380699 0.154317 0.0844984 0.869924
0 0.62253 0.367525 0.11741 0.0567664 0.868089
0 0.461552 0.629129 0.117026 0.055415 0.838144
0 0.37832 0.97315 0.118053 0.0536997 0.215654
0 0.622084 0.36821 0.11574 0.0571071 0.810424
0 0.460918 0.630163 0.116736 0.0557572 0.771941
0 0.155712 0.382583 0.153729 0.0827245 0.767646
0 0.621007 0.367303 0.116083 0.0558546 0.936168
0 0.154863 0.383227 0.150444 0.0763381 0.928893
0 0.459566 0.629645 0.116663 0.0533478 0.897406
0 0.62253 0.36881 0.111974 0.0535093 0.878763
0 0.460281 0.631082 0.114292 0.0522148 0.8515
0 0.154548 0.384776 0.153376 0.0734752 0.767815
0 0.623254 0.367992 0.107689 0.0525641 0.89617
0 0.462436 0.630322 0.111595 0.0506089 0.872573
0 0.156768 0.382601 0.146628 0.0748257 0.79435
0 0.371881 0.618031 0.0809013 0.0419202 0.298082
0 0.442507 0.370189 0.0923673 0.0338702 0.220065
0 0.445196 0.306388 0.061611 0.0316301 0.107283
0 0.622843 0.367895 0.113982 0.054284 0.906506
0 0.15524 0.380646 0.152432 0.0810865 0.9021
0 0.461304 0.630601 0.113932 0.0534381 0.863558
0 0.623637 0.367692 0.113224 0.0549609 0.823911
0 0.154132 0.383922 0.146305 0.0735321 0.809604
0 0.462801 0.628489 0.112606 0.0525675 0.773007
0 0.623918 0.368173 0.115279 0.0563314 0.884092
0 0.15349 0.386003 0.144865 0.0701464 0.872354
0 0.461003 0.62847 0.115056 0.0533412 0.843971
0 0.155291 0.385887 0.149217 0.0715371 0.853458
0 0.460508 0.629673 0.112647 0.0522534 0.851693
0 0.624757 0.368146 0.114701 0.0542935 0.82897
0 0.622732 0.368227 0.111432 0.0547895 0.842387
0 0.460334 0.629349 0.115771 0.0541914 0.841023
0 0.156187 0.384359 0.154326 0.0758806 0.811943
0 0.460989 0.628762 0.115864 0.052804 0.87665
0 0.621438 0.36777 0.107963 0.0531465 0.837781
0 0.155695 0.38403 0.150105 0.0760301 0.826528
0 0.156214 0.385059 0.150144 0.0752009 0.826061
0 0.624552 0.368199 0.111171 0.0539414 0.811446
0 0.460837 0.62891 0.113867 0.0528218 0.805327
0 0.154867 0.384492 0.147983 0.0712928 0.910243
0 0.622465 0.366436 0.108526 0.0538582 0.888454
0 0.460623 0.628015 0.112997 0.0526433 0.877659
0 0.413865 0.981051 0.0655879 0.0378973 0.103459
0 0.155114 0.384977 0.152119 0.0730999 0.893015
0 0.461378 0.62875 0.114757 0.0540695 0.878144
0 0.623259 0.367189 0.109264 0.0547144 0.869523
0 0.154355 0.38403 0.153966 0.0724228 0.890493
0 0.460106 0.628487 0.110753 0.0541403 0.888215
0 0.622088 0.36876 0.104325 0.0552674 0.883242
0 0.460216 0.62834 0.110096 0.0529674 0.825508
0 0.15436 0.382829 0.154359 0.0742737 0.816955
0 0.622606 0.368993 0.10502 0.0544585 0.810925
0 0.460078 0.627912 0.113635 0.0534557 0.854203
0 0.155492 0.384866 0.147559 0.0714384 0.840465
0 0.622788 0.368364 0.110341 0.0539494 0.819666
0 0.154949 0.38526 0.143794 0.0722705 0.815859
0 0.45878 0.627364 0.115621 0.0533257 0.809983
0 0.62118 0.36845 0.112001 0.0545927 0.787474
0 0.622428 0.368824 0.111785 0.0537741 0.845983
0 0.156215 0.386264 0.147316 0.0731469 0.845392
0 0.462527 0.628418 0.116703 0.0513721 0.844735
0 0.46151 0.629248 0.115096 0.0519301 0.853127
0 0.620914 0.368817 0.109982 0.0537938 0.838278
0 0.153772 0.386622 0.147949 0.0705933 0.834976
0 0.622826 0.368102 0.109254 0.0552096 0.863785
0 0.460708 0.62757 0.111833 0.0540447 0.8561
0 0.155049 0.3864 0.149201 0.0701424 0.813136
0 0.621908 0.368326 0.111778 0.0564096 0.882537
0 0.15506 0.387166 0.150899 0.0702893 0.854564
0 0.460938 0.62726 0.115275 0.0548084 0.82947
0 0.154445 0.386393 0.148149 0.0699415 0.894349
0 0.460197 0.627984 0.11492 0.0552724 0.882383
0 0.62211 0.367205 0.108746 0.0549174 0.874035
0 0.459724 0.628193 0.115816 0.0547234 0.841194
0 0.154092 0.3864 0.14918 0.0700617 0.838679
0 0.621505 0.368156 0.106938 0.0546725 0.820308
0 0.460219 0.627928 0.114383 0.053929 0.904299
0 0.155494 0.385501 0.147728 0.0665771 0.89988
0 0.622932 0.367809 0.110952 0.053815 0.879688
0 0.459888 0.628575 0.117219 0.0546957 0.836357
0 0.154697 0.386397 0.149417 0.0697974 0.827809
0 0.621984 0.368216 0.11093 0.0534285 0.801026
0 0.155827 0.385518 0.151809 0.0711546 0.899016
0 0.622967 0.367327 0.109712 0.0528884 0.873626
0 0.460379 0.62765 0.114556 0.0545235 0.871423
0 0.460592 0.628463 0.11226 0.0533093 0.8749
0 0.155257 0.38632 0.15068 0.0694281 0.874258
0 0.623161 0.368145 0.108238 0.0513518 0.868338
0 0.460835 0.627983 0.116937 0.0572245 0.861432
0 0.622245 0.367161 0.110657 0.0541598 0.86067
0 0.153601 0.384982 0.153881 0.0720205 0.834611
0 0.460909 0.628811 0.115608 0.0531635 0.881972
0 0.154817 0.386958 0.14685 0.0681723 0.838775
0 0.62094 0.368805 0.106794 0.0516227 0.818217
0 0.621339 0.36726 0.116991 0.0541969 0.845415
0 0.45943 0.628859 0.118396 0.0541726 0.83281
0 0.154006 0.386663 0.150542 0.0732958 0.788809
0 0.621278 0.36692 0.110237 0.0527363 0.828709
0 0.459792 0.628622 0.11136 0.0533264 0.823109
0 0.153039 0.386948 0.148442 0.0692017 0.787729
0 0.460215 0.628208 0.11334 0.0546542 0.863595
0 0.623427 0.366665 0.109335 0.0528692 0.849287
0 0.154113 0.385687 0.157032 0.0712358 0.83044
0 0.459515 0.6294 0.114134 0.0540613 0.853556
0 0.622076 0.367069 0.10933 0.0534071 0.836629
0 0.153589 0.386886 0.156451 0.0718275 0.813191
0 0.460678 0.629484 0.115673 0.0522003 0.849188
0 0.622677 0.36772 0.111909 0.0534919 0.836262
0 0.153993 0.387437 0.152029 0.0709903 0.804891
0 0.459979 0.628531 0.11415 0.0517074 0.822298
0 0.621612 0.366792 0.112268 0.0538488 0.818139
0 0.152445 0.387288 0.150639 0.0716645 0.775713
0 0.622855 0.365939 0.110067 0.0543424 0.893206
0 0.461014 0.627986 0.110289 0.0511706 0.891068
0 0.154444 0.386622 0.149263 0.0719717 0.871979
0 0.622099 0.366318 0.113636 0.0540324 0.863584
0 0.460581 0.628445 0.112652 0.0526772 0.842317
0 0.154862 0.387054 0.153267 0.0738356 0.821586
0 0.619924 0.36652 0.112594 0.0538114 0.895854
0 0.45994 0.628646 0.116345 0.0521799 0.888898
0 0.154452 0.385925 0.151949 0.0709059 0.884022
0 0.62139 0.366982 0.112475 0.0539333 0.854906
0 0.460709 0.628824 0.11621 0.0522733 0.852091
0 0.155516 0.385566 0.153077 0.0707428 0.819191
0 0.460744 0.628102 0.112235 0.0541019 0.912725
0 0.622267 0.367073 0.110697 0.0546693 0.907288
0 0.155168 0.385918 0.148946 0.0701722 0.904985
0 0.622185 0.36725 0.110834 0.0545723 0.893105
0 0.460631 0.628619 0.111724 0.0537338 0.893054
0 0.155325 0.386433 0.148234 0.0695297 0.884977
0 0.620557 0.367883 0.11081 0.0559259 0.912138
0 0.459571 0.629433 0.11473 0.0560312 0.903062
0 0.154789 0.386839 0.146585 0.0694458 0.894344
0 0.460947 0.628705 0.111731 0.0526249 0.884242
0 0.620655 0.367539 0.10929 0.0545706 0.877972
0 0.154325 0.385684 0.146079 0.0684717 0.872543
0 0.461529 0.629036 0.113051 0.0532383 0.881823
0 0.154994 0.386211 0.151231 0.0683807 0.871498
0 0.620727 0.367173 0.113092 0.0552351 0.870513
0 0.461401 0.629848 0.111748 0.0545524 0.862169
0 0.15395 0.386469 0.14966 0.0679893 0.855472
0 0.621309 0.366937 0.110924 0.0550507 0.852646
0 0.154202 0.385795 0.15165 0.0681527 0.923538
0 0.460994 0.629814 0.112793 0.0541731 0.89443
0 0.621377 0.366651 0.109502 0.0533217 0.882578
0 0.154495 0.386206 0.15277 0.0682478 0.902495
0 0.621409 0.367458 0.10928 0.0542146 0.859201
0 0.460589 0.6309 0.113972 0.0539166 0.858962
0 0.46039 0.629537 0.113947 0.0565149 0.907209
0 0.153179 0.385936 0.153317 0.0706641 0.901095
0 0.621153 0.366966 0.108969 0.0551034 0.891162
0 0.460649 0.629669 0.11191 0.0534465 0.911418
0 0.621954 0.366942 0.110256 0.0537487 0.892696
0 0.153722 0.386227 0.149488 0.0694354 0.860383
0 0.460017 0.628651 0.111689 0.0530454 0.922268
0 0.621375 0.366739 0.111219 0.0534541 0.911539
0 0.153954 0.385082 0.156287 0.0718702 0.855003
0 0.622414 0.367239 0.106343 0.0533699 0.890784
0 0.460547 0.629029 0.108291 0.0521708 0.88763
0 0.153169 0.386446 0.152279 0.0730796 0.827391
0 0.363767 0.618918 0.0551402 0.0352587 0.142198
0 0.62166 0.366401 0.113213 0.053354 0.882815
0 0.1523 0.385552 0.153871 0.0701524 0.872679
0 0.459666 0.628743 0.114868 0.0525527 0.854979
0 0.622439 0.366818 0.112895 0.0545715 0.899282
0 0.154018 0.385489 0.15084 0.070092 0.890933
0 0.46025 0.628932 0.114234 0.0532092 0.869853
0 0.621915 0.367388 0.115218 0.0560257 0.826416
0 0.152693 0.385461 0.151529 0.0701427 0.819
0 0.459544 0.628316 0.115287 0.0532206 0.810359
0 0.621891 0.366533 0.108968 0.0538925 0.902183
0 0.459917 0.628101 0.112922 0.0519729 0.896217
0 0.153604 0.385543 0.152342 0.0693046 0.895425
0 0.622086 0.366279 0.107937 0.0544392 0.881513
0 0.460173 0.627837 0.112416 0.0533235 0.871259
0 0.153638 0.385123 0.149238 0.0699759 0.867903
0 0.152996 0.385157 0.149119 0.0694193 0.881141
0 0.621394 0.366723 0.10951 0.0543804 0.877829
0 0.460143 0.628217 0.114156 0.0531883 0.872557
0 0.153589 0.385929 0.146593 0.0681036 0.861308
0 0.621279 0.366817 0.108569 0.0538513 0.860825
0 0.459868 0.629246 0.11273 0.0515464 0.847273
0 0.621612 0.366747 0.111311 0.055807 0.897654
0 0.15494 0.384862 0.14887 0.0732195 0.879745
0 0.460117 0.628888 0.114938 0.0551041 0.868787
0 0.621801 0.367084 0.107292 0.0539956 0.88328
0 0.459987 0.629905 0.109266 0.0521616 0.862145
0 0.15534 0.384998 0.147383 0.0711981 0.852426
0 0.620842 0.366784 0.109903 0.0546246 0.891119
0 0.155455 0.384835 0.151725 0.0734536 0.87822
0 0.458819 0.62937 0.111689 0.0537957 0.877861
0 0.457569 0.629901 0.109772 0.0520476 0.879468
0 0.621207 0.366789 0.108651 0.053426 0.85878
0 0.156174 0.385596 0.154963 0.0733103 0.841769
0 0.62188 0.367303 0.10977 0.0533436 0.908555
0 0.458236 0.63057 0.111528 0.051791 0.897338
0 0.15694 0.386259 0.155073 0.0731384 0.886565
0 0.62157 0.36691 0.11042 0.0538847 0.906291
0 0.459549 0.62961 0.113235 0.0539257 0.888741
0 0.15591 0.386221 0.155617 0.0747222 0.85348
0 0.620974 0.366763 0.107021 0.0530021 0.900508
0 0.459253 0.629587 0.109468 0.0538484 0.887324
0 0.155148 0.385702 0.148453 0.0710568 0.865046
0 0.458902 0.629176 0.114674 0.0558414 0.861998
0 0.61957 0.367082 0.112981 0.0544774 0.860412
0 0.154574 0.385531 0.151653 0.0698191 0.852044
0 0.459426 0.629584 0.112093 0.0541198 0.874519
0 0.621091 0.367064 0.110569 0.0551787 0.868639
0 0.155294 0.385619 0.150712 0.0686693 0.866135
0 0.619437 0.367122 0.114476 0.0560308 0.895387
0 0.457516 0.629814 0.116193 0.0546875 0.881061
0 0.154309 0.385013 0.151256 0.0712485 0.847105
0 0.619267 0.36748 0.113863 0.0541594 0.882249
0 0.457457 0.630544 0.116019 0.0523764 0.873358
0 0.153207 0.385069 0.157022 0.0729518 0.809478
0 0.620737 0.367525 0.110209 0.0547611 0.925694
0 0.458751 0.63084 0.113222 0.0521129 0.91793
0 0.154984 0.385392 0.151898 0.0723193 0.879939
0 0.458601 0.629616 0.116683 0.0549208 0.867398
0 0.62041 0.36704 0.11146 0.0563625 0.86475
0 0.154484 0.385524 0.156255 0.0735569 0.852607
0 0.621427 0.366883 0.110036 0.0544128 0.87889
0 0.153802 0.385934 0.153967 0.070612 0.860333
0 0.460928 0.629705 0.114393 0.0529099 0.858764
0 0.620207 0.366511 0.110601 0.054478 0.907091
0 0.153033 0.385596 0.153736 0.0692469 0.889528
0 0.459995 0.629579 0.115546 0.0528299 0.886253
0 0.619412 0.366535 0.115279 0.0540598 0.854049
0 0.458515 0.629263 0.116844 0.0529929 0.843942
0 0.154457 0.385658 0.153569 0.0681761 0.829646
0 0.619961 0.366892 0.111975 0.0546458 0.879048
0 0.155952 0.386182 0.154591 0.0695551 0.875269
0 0.459505 0.629687 0.114207 0.0533163 0.871833
0 0.618469 0.366542 0.112555 0.0541283 0.890707
0 0.153795 0.386293 0.158856 0.070829 0.890125
0 0.458385 0.62897 0.114072 0.0535026 0.885376
0 0.460216 0.62959 0.111415 0.0516232 0.893679
0 0.619952 0.367325 0.110217 0.0534637 0.885546
0 0.154358 0.386786 0.157814 0.0699141 0.880643
0 0.460466 0.628303 0.114315 0.0552065 0.903757
0 0.620892 0.366693 0.111264 0.0548785 0.889818
0 0.155447 0.384879 0.15548 0.0725568 0.871492
0 0.46001 0.62885 0.114377 0.0550532 0.870326
0 0.621277 0.366932 0.112834 0.0546682 0.860985
0 0.155521 0.385635 0.154503 0.0691296 0.84932
0 0.62089 0.367203 0.109619 0.0534043 0.903572
0 0.46026 0.629441 0.114241 0.0524266 0.902193
0 0.155233 0.38542 0.152015 0.0676888 0.897506
0 0.15469 0.385666 0.153143 0.0696045 0.878899
0 0.458914 0.629428 0.113627 0.0539585 0.874612
0 0.619094 0.36723 0.109993 0.0551297 0.863462
0 0.1554 0.386062 0.152433 0.068379 0.871895
0 0.460252 0.629641 0.111938 0.0520683 0.864977
0 0.620256 0.367345 0.107839 0.0543836 0.851964
0 0.155527 0.386295 0.154889 0.069877 0.898435
0 0.460424 0.629636 0.114184 0.0523385 0.892889
0 0.619554 0.367348 0.109716 0.0547575 0.878474
0 0.46041 0.629034 0.113071 0.0530997 0.872963
0 0.154093 0.386234 0.151391 0.0690746 0.861236
0 0.618892 0.367213 0.110531 0.0540909 0.85796
0 0.461728 0.629293 0.113798 0.0542204 0.895441
0 0.621136 0.36716 0.111132 0.0542851 0.889667
0 0.155714 0.385795 0.156259 0.0705253 0.87798
0 0.459056 0.629375 0.111217 0.0534624 0.895823
0 0.619417 0.366951 0.110778 0.053767 0.890507
0 0.153547 0.386292 0.152407 0.0679878 0.871359
0 0.459184 0.629117 0.112887 0.0541309 0.880937
0 0.620205 0.367006 0.112273 0.0543134 0.872701
0 0.154266 0.385853 0.152618 0.0679304 0.857188
0 0.458494 0.629389 0.111765 0.0516777 0.891263
0 0.618922 0.366784 0.107791 0.0538277 0.883273
0 0.154363 0.385411 0.154154 0.0703181 0.866662
0 0.459317 0.62979 0.111591 0.0519498 0.893421
0 0.619026 0.367507 0.107541 0.0535718 0.886218
0 0.154338 0.385674 0.153758 0.0708298 0.87417
