0 0.305883 0.488977 0.075655 0.152862 0.874509
0 0.61493 0.593241 0.0656942 0.129311 0.483998
0 0.298799 0.619626 0.0258207 0.0589382 0.212778
0 0.352322 0.260239 0.0207433 0.0432394 0.101573
0 0.304902 0.489255 0.0750852 0.157819 0.936949
0 0.609756 0.590057 0.0839334 0.141201 0.770467
0 0.408273 0.142441 0.0302403 0.0438094 0.103464
0 0.622663 0.477108 0.0428918 0.0658386 0.101248
0 0.30585 0.494447 0.0758009 0.167553 0.930839
0 0.609573 0.589988 0.0842621 0.150744 0.562012
0 0.306199 0.488141 0.0811633 0.166948 0.610332
0 0.618486 0.592703 0.0607035 0.130487 0.544135
0 0.618654 0.5917 0.0622013 0.137932 0.926952
0 0.304601 0.490026 0.074911 0.160128 0.876081
0 0.312301 0.602894 0.0571692 0.0963337 0.210412
0 0.228971 0.239347 0.0373268 0.11343 0.142894
0 0.30704 0.493118 0.0797952 0.16378 0.91792
0 0.619106 0.593487 0.061975 0.138189 0.876555
0 0.312059 0.602449 0.054869 0.0896248 0.110408
0 0.306288 0.488697 0.0802405 0.159117 0.788501
0 0.618349 0.589417 0.0650963 0.140818 0.619247
0 0.306782 0.489865 0.081613 0.159065 0.989074
0 0.618304 0.593178 0.0676068 0.137254 0.981001
0 0.311881 0.593751 0.0580849 0.111902 0.247001
0 0.303743 0.612434 0.0392971 0.0787333 0.153615
0 0.617021 0.533538 0.0664368 0.179085 0.142737
0 0.30772 0.487756 0.0827334 0.16405 0.918697
0 0.618797 0.588788 0.0675269 0.149253 0.885035
0 0.617344 0.528638 0.0632544 0.176039 0.151068
0 0.305388 0.490421 0.0749968 0.164799 0.608466
0 0.618238 0.589933 0.0626609 0.136965 0.604987
0 0.616573 0.526079 0.0605231 0.175343 0.160493
0 0.307765 0.486663 0.082787 0.168081 0.965102
0 0.618705 0.586454 0.0662217 0.146176 0.927154
0 0.307476 0.484689 0.0792709 0.156004 0.875113
0 0.618295 0.589569 0.0604982 0.130033 0.794051
0 0.305853 0.488132 0.0790341 0.16178 0.760237
0 0.616998 0.592292 0.067171 0.147722 0.641086
0 0.305463 0.48749 0.0752742 0.158972 0.963328
0 0.617086 0.592792 0.0662013 0.141744 0.916378
0 0.312276 0.484021 0.0876977 0.172092 0.958879
0 0.61575 0.591695 0.0620441 0.141042 0.518411
0 0.309157 0.481965 0.0840803 0.17603 0.992063
0 0.616977 0.58747 0.0644994 0.141714 0.954111
0 0.309826 0.485308 0.0850843 0.17947 0.94289
0 0.618311 0.594859 0.0647653 0.137169 0.872426
0 0.61784 0.591336 0.0678892 0.141442 0.687992
0 0.305352 0.504728 0.0854677 0.216562 0.414074
0 0.609568 0.553798 0.0827357 0.246756 0.241086
0 0.312219 0.560597 0.0607311 0.171931 0.158813
0 0.309026 0.485055 0.0826826 0.163392 0.813114
0 0.618097 0.590634 0.0652799 0.133344 0.510193
0 0.312449 0.591656 0.0598185 0.0884929 0.122344
0 0.310233 0.487491 0.0856458 0.169611 0.919668
0 0.611395 0.591077 0.0823551 0.151447 0.723857
0 0.31317 0.589263 0.0600583 0.110253 0.307756
0 0.307792 0.486846 0.0816444 0.173723 0.811099
0 0.617781 0.593515 0.0628204 0.146079 0.74934
0 0.307558 0.485947 0.0815296 0.167903 0.855224
0 0.618075 0.593147 0.0628179 0.143178 0.823039
0 0.619727 0.590329 0.0664645 0.14318 0.875531
0 0.305794 0.485125 0.0829878 0.1755 0.843862
0 0.618111 0.589354 0.0649858 0.144319 0.850296
0 0.306011 0.483897 0.0821451 0.172995 0.559903
0 0.617415 0.591764 0.0650301 0.139988 0.950733
0 0.306277 0.484887 0.0757451 0.159786 0.914354
0 0.622827 0.475323 0.0481327 0.068819 0.115746
0 0.308758 0.486122 0.081808 0.167465 0.7967
0 0.617702 0.592686 0.0659899 0.139865 0.783816
0 0.308358 0.486646 0.0818421 0.170888 0.855311
0 0.617568 0.59482 0.0643361 0.138653 0.799658
0 0.305397 0.485447 0.0773192 0.164088 0.827437
0 0.617844 0.592942 0.0640683 0.141635 0.820996
0 0.305284 0.484917 0.0749175 0.161357 0.845534
0 0.619002 0.591496 0.0644358 0.138371 0.755599
0 0.62016 0.591993 0.0649156 0.141177 0.77277
0 0.305301 0.485257 0.0758157 0.162068 0.731608
0 0.305185 0.483656 0.0790155 0.16355 0.921416
0 0.619377 0.591671 0.0644774 0.14118 0.909623
0 0.61782 0.591395 0.0658319 0.14002 0.824613
0 0.305134 0.486303 0.0813159 0.165101 0.763758
0 0.618499 0.592167 0.065675 0.140317 0.873793
0 0.305218 0.485059 0.0768508 0.161287 0.858244
0 0.546171 0.591165 0.0253322 0.0606208 0.135804
0 0.628811 0.472154 0.0232586 0.0556925 0.10905
0 0.30532 0.486931 0.0763773 0.165744 0.922212
0 0.617917 0.593452 0.0678602 0.143553 0.881634
0 0.305167 0.48548 0.0756813 0.161941 0.785868
0 0.617413 0.594752 0.0644788 0.140196 0.729658
0 0.618546 0.593894 0.0624718 0.137399 0.891893
0 0.30558 0.485563 0.0792346 0.165652 0.885744
0 0.307243 0.482754 0.0827789 0.166303 0.887375
0 0.618895 0.593431 0.0648944 0.134713 0.860413
0 0.306718 0.483771 0.082732 0.168145 0.859241
0 0.618436 0.594513 0.0674599 0.135881 0.846789
0 0.617599 0.594511 0.065504 0.130279 0.85207
0 0.30545 0.48287 0.078293 0.161517 0.825351
0 0.618453 0.594093 0.0644404 0.131281 0.852445
0 0.306005 0.484434 0.0798826 0.163657 0.834273
0 0.303568 0.481446 0.0763115 0.158843 0.90562
0 0.61795 0.593038 0.0631402 0.131856 0.802683
0 0.305187 0.482906 0.0810252 0.165802 0.890768
0 0.618476 0.595226 0.0652941 0.135358 0.869267
0 0.305502 0.483746 0.077764 0.161803 0.885696
0 0.618111 0.594126 0.0655619 0.139004 0.874491
0 0.618321 0.593327 0.0654178 0.140449 0.847086
0 0.305379 0.482651 0.0767816 0.161474 0.821994
0 0.547794 0.591567 0.024995 0.058248 0.13225
0 0.618692 0.594585 0.0647906 0.140189 0.855034
0 0.305544 0.481152 0.0779359 0.162633 0.844822
0 0.547865 0.59322 0.0269997 0.0587869 0.44211
0 0.226248 0.337562 0.0215278 0.0444785 0.108099
0 0.303761 0.482296 0.0774266 0.159864 0.831077
0 0.617905 0.594156 0.0638466 0.139045 0.82093
0 0.306143 0.483829 0.077307 0.161623 0.823908
0 0.618973 0.591021 0.0673194 0.139409 0.764737
0 0.617939 0.592325 0.0659082 0.13593 0.839987
0 0.304207 0.483198 0.0776392 0.163589 0.798913
0 0.618289 0.593252 0.0660295 0.13504 0.866383
0 0.305121 0.485162 0.0770721 0.159514 0.803219
0 0.618184 0.593737 0.0669985 0.137522 0.873504
0 0.305267 0.485027 0.0783743 0.161558 0.831381
0 0.618531 0.595229 0.0636132 0.1343 0.886926
0 0.305176 0.484218 0.0767033 0.164287 0.875282
0 0.628904 0.474783 0.0286937 0.0583866 0.136752
0 0.618132 0.594248 0.0652649 0.137691 0.842931
0 0.303637 0.487643 0.0778164 0.170313 0.831248
0 0.618787 0.594485 0.0643297 0.132881 0.91972
0 0.303905 0.483755 0.0780211 0.161649 0.908361
0 0.618457 0.594381 0.0644392 0.135564 0.861237
0 0.303749 0.485102 0.0782245 0.163985 0.836755
0 0.618261 0.594367 0.0654073 0.136557 0.891335
0 0.304944 0.484923 0.0788621 0.166281 0.866195
0 0.61843 0.594276 0.0632583 0.134916 0.887422
0 0.304944 0.485825 0.0771252 0.1618 0.858409
0 0.617883 0.592252 0.0641417 0.139665 0.851682
0 0.303539 0.485023 0.0790283 0.165392 0.836621
0 0.303023 0.483443 0.0764707 0.16212 0.872102
0 0.618481 0.59446 0.0626422 0.131491 0.869759
0 0.618038 0.591946 0.0670931 0.140898 0.85719
0 0.303498 0.483576 0.0781055 0.164626 0.852816
0 0.619079 0.591913 0.063535 0.136621 0.838164
0 0.303232 0.483707 0.0785756 0.163715 0.834056
0 0.619635 0.591623 0.065084 0.135553 0.859721
0 0.303734 0.481098 0.0797276 0.168415 0.84824
0 0.618775 0.593568 0.0642058 0.134564 0.865361
0 0.303578 0.484896 0.0771665 0.161156 0.83771
0 0.618509 0.594488 0.0632053 0.134563 0.86537
0 0.303795 0.485895 0.0773746 0.156469 0.825242
0 0.617851 0.594763 0.0626686 0.136253 0.84039
0 0.302333 0.485566 0.0782247 0.161156 0.815459
0 0.303069 0.482784 0.0773571 0.166014 0.896536
0 0.619388 0.594241 0.063562 0.137102 0.894014
0 0.303217 0.483917 0.0791773 0.172567 0.847517
0 0.619663 0.595769 0.0661999 0.139868 0.839837
0 0.303405 0.485738 0.0772323 0.165926 0.880461
0 0.618295 0.596946 0.065946 0.137582 0.879108
0 0.6193 0.597228 0.0631377 0.134291 0.833214
0 0.30388 0.483663 0.0776554 0.166662 0.81825
0 0.547136 0.59305 0.0280585 0.0604762 0.115501
0 0.61845 0.595425 0.0618368 0.136355 0.89712
0 0.304095 0.48426 0.0781899 0.171035 0.885917
0 0.61837 0.595177 0.0625693 0.134983 0.883465
0 0.304419 0.484875 0.0781458 0.169036 0.85927
0 0.618204 0.596169 0.0637121 0.137093 0.877827
0 0.304156 0.485718 0.0779689 0.168345 0.834049
0 0.618121 0.592971 0.0630355 0.135353 0.874865
0 0.304021 0.481147 0.0788584 0.169619 0.849531
0 0.304203 0.484514 0.0792521 0.170949 0.862327
0 0.618228 0.594337 0.0651246 0.137263 0.842938
0 0.303619 0.485829 0.0765812 0.164339 0.868453
0 0.618168 0.59579 0.0642917 0.141908 0.829621
0 0.302896 0.485553 0.076087 0.165166 0.927033
0 0.618825 0.594756 0.064468 0.13621 0.893454
0 0.302733 0.486925 0.0781424 0.166348 0.905653
0 0.618959 0.594977 0.0654833 0.136902 0.872875
0 0.302677 0.486938 0.0761444 0.162944 0.904738
0 0.6184 0.594581 0.0652255 0.136368 0.876289
0 0.303073 0.486145 0.0761082 0.158344 0.872851
0 0.618736 0.594767 0.0650696 0.133492 0.857542
0 0.619636 0.592961 0.0644605 0.138608 0.88696
0 0.303 0.483716 0.0777022 0.163587 0.874286
0 0.619594 0.594286 0.0632127 0.139101 0.871101
0 0.303253 0.486185 0.0758567 0.163788 0.858997
0 0.302584 0.484948 0.0754655 0.156087 0.897608
0 0.619023 0.592988 0.0641529 0.133978 0.885256
0 0.303531 0.484558 0.0733888 0.15329 0.911503
0 0.619134 0.594403 0.062401 0.133341 0.902852
0 0.618291 0.594111 0.0643929 0.135881 0.850765
0 0.303188 0.484657 0.0770569 0.162433 0.834719
0 0.618563 0.593205 0.0638732 0.13457 0.918943
0 0.303758 0.484251 0.0770161 0.161561 0.895918
0 0.619338 0.59292 0.0619004 0.137044 0.893487
0 0.303326 0.483128 0.0747196 0.159739 0.877026
0 0.303502 0.483239 0.075095 0.158613 0.887269
0 0.620235 0.594094 0.0623918 0.135518 0.886627
0 0.302887 0.483891 0.0745106 0.157 0.872035
0 0.619695 0.593447 0.0625023 0.135473 0.868444
0 0.619279 0.590448 0.0649011 0.146957 0.899342
0 0.302936 0.485614 0.0784503 0.166254 0.889763
0 0.618434 0.592169 0.0617233 0.138726 0.882337
0 0.303311 0.486653 0.0767944 0.163814 0.879884
0 0.303415 0.485577 0.0773106 0.166975 0.901464
0 0.617876 0.591171 0.0614604 0.140341 0.899961
0 0.304365 0.483056 0.0760291 0.165914 0.885363
0 0.618617 0.593306 0.0617053 0.137208 0.876724
0 0.618705 0.594435 0.0616547 0.135627 0.90283
0 0.303787 0.482839 0.0776945 0.165234 0.901124
0 0.618298 0.593961 0.0640224 0.146304 0.888687
0 0.303192 0.484131 0.0786447 0.166947 0.866465
0 0.61844 0.593365 0.0620043 0.139788 0.89081
0 0.303099 0.483976 0.0752819 0.162249 0.880075
0 0.618627 0.592996 0.0640374 0.140013 0.87104
0 0.303111 0.485333 0.0764663 0.163054 0.864289
0 0.619001 0.593745 0.0629249 0.138562 0.883383
0 0.303764 0.485733 0.0757721 0.162401 0.879893
0 0.618879 0.594142 0.0647352 0.137384 0.881774
0 0.303026 0.487446 0.0789519 0.16798 0.876685
0 0.619378 0.593933 0.0648039 0.13446 0.871593
0 0.303424 0.487171 0.0795522 0.169224 0.846219
0 0.620516 0.594005 0.0611129 0.13465 0.913895
0 0.304665 0.48606 0.0750573 0.16383 0.90145
0 0.62027 0.593421 0.0637413 0.141117 0.867136
0 0.303967 0.486155 0.0775503 0.164697 0.853514
0 0.619699 0.592928 0.0653067 0.14196 0.892437
0 0.304348 0.484801 0.0778247 0.164388 0.884462
0 0.619083 0.592054 0.0656235 0.140777 0.925313
0 0.303907 0.485138 0.0774726 0.166039 0.908853
0 0.619467 0.592701 0.0664994 0.136072 0.894649
0 0.304054 0.484298 0.0770966 0.16262 0.873394
0 0.619624 0.595614 0.0661619 0.137904 0.910609
0 0.304469 0.4848 0.0756008 0.162603 0.90476
0 0.617817 0.5953 0.0654045 0.138209 0.907839
0 0.303553 0.484719 0.0750844 0.161556 0.903901
0 0.618362 0.596539 0.0640556 0.134899 0.896447
0 0.305131 0.485741 0.0764692 0.160393 0.894813
0 0.619482 0.594654 0.0655906 0.144779 0.892851
0 0.304894 0.484878 0.076927 0.164028 0.892403
0 0.619099 0.595754 0.0663809 0.142937 0.871146
0 0.304607 0.485003 0.0769771 0.162922 0.863729
0 0.304654 0.484626 0.0759064 0.156874 0.908281
0 0.618449 0.596214 0.0660188 0.136306 0.908031
0 0.30383 0.48473 0.0757608 0.161946 0.890078
0 0.618284 0.595133 0.0653838 0.140108 0.888821
0 0.619278 0.594315 0.0645317 0.136589 0.872897
0 0.304317 0.485408 0.0762706 0.162077 0.870177
0 0.618994 0.594283 0.0648823 0.136709 0.899763
0 0.304305 0.484984 0.0771151 0.164182 0.897978
0 0.618508 0.594432 0.0619936 0.136237 0.876536
0 0.303548 0.484414 0.074493 0.164792 0.864683
0 0.619881 0.594694 0.0637491 0.136061 0.900701
0 0.304286 0.484941 0.0765392 0.166368 0.898623
0 0.618597 0.593768 0.0627416 0.134635 0.899669
0 0.303033 0.484885 0.0757219 0.163508 0.898069
0 0.619729 0.593416 0.0624613 0.135948 0.892626
0 0.304035 0.485037 0.0750341 0.164277 0.883359
0 0.619615 0.593214 0.061495 0.134713 0.896826
0 0.303376 0.485016 0.0755501 0.161872 0.891233
0 0.618922 0.593937 0.0618943 0.134025 0.900412
0 0.3033 0.485967 0.0762804 0.165104 0.891611
