0 0.636263 0.417448 0.0436587 0.0936829 0.760209
0 0.477038 0.311223 0.0582252 0.10169 0.680857
0 0.291799 0.494585 0.048266 0.0882462 0.468786
0 0.500862 0.126013 0.0239319 0.0576796 0.308865
0 0.283809 0.484485 0.0317266 0.0663282 0.160302
0 0.222052 0.254975 0.0355706 0.0510371 0.15938
0 0.330922 0.831575 0.0292047 0.0461269 0.147032
0 0.291633 0.500988 0.0504242 0.111885 0.788872
0 0.636129 0.414579 0.0472322 0.1052 0.674346
0 0.476487 0.308326 0.0589006 0.115126 0.541973
0 0.49965 0.127304 0.028906 0.0656524 0.231948
0 0.291481 0.503875 0.0523714 0.119823 0.565304
0 0.478894 0.313592 0.0599083 0.114983 0.43236
0 0.63663 0.419412 0.0458115 0.101982 0.308075
0 0.642049 0.393742 0.0637216 0.155233 0.155464
0 0.292059 0.502401 0.0501725 0.106601 0.694297
0 0.475523 0.312614 0.0498261 0.101534 0.518757
0 0.635381 0.418666 0.044942 0.0953709 0.3954
0 0.296062 0.710813 0.0258026 0.0712847 0.214118
0 0.302176 0.373578 0.0293888 0.0843964 0.199651
0 0.318983 0.832602 0.0225199 0.0449767 0.105078
0 0.291837 0.499431 0.052093 0.117603 0.918608
0 0.475779 0.312855 0.0505848 0.110677 0.885987
0 0.637263 0.418634 0.0465817 0.0962617 0.823707
0 0.303022 0.367643 0.0439254 0.101174 0.400988
0 0.496442 0.125916 0.0395225 0.0730983 0.272189
0 0.292096 0.500515 0.0495173 0.112363 0.89625
0 0.476224 0.312972 0.0461319 0.112196 0.844229
0 0.635404 0.420756 0.0432031 0.0912804 0.500584
0 0.49722 0.126681 0.0368948 0.0711966 0.212652
0 0.292153 0.497581 0.0508108 0.112821 0.637209
0 0.474517 0.306304 0.0473504 0.11647 0.527565
0 0.634425 0.384122 0.0520027 0.16636 0.216723
0 0.291259 0.498782 0.0521063 0.108834 0.985208
0 0.473926 0.308885 0.0484067 0.10794 0.975195
0 0.635624 0.420644 0.0471936 0.0954755 0.884847
0 0.301567 0.37579 0.0410771 0.0923674 0.642766
0 0.635641 0.38754 0.0548611 0.165344 0.612336
0 0.295236 0.355566 0.0662066 0.131613 0.191376
0 0.473277 0.307345 0.0482545 0.109678 0.906646
0 0.290932 0.49645 0.0517963 0.110701 0.886949
0 0.635322 0.388392 0.047857 0.156611 0.734708
0 0.301915 0.3653 0.0419886 0.106166 0.221022
0 0.292917 0.343977 0.0689294 0.155954 0.100688
0 0.290846 0.495432 0.0515751 0.112418 0.755966
0 0.473987 0.309331 0.0446703 0.104809 0.748139
0 0.635971 0.418491 0.0439009 0.0892782 0.56507
0 0.30218 0.378589 0.0366184 0.0811326 0.369475
0 0.501947 0.126886 0.0237603 0.0597039 0.365823
0 0.239243 0.416777 0.0174236 0.0312847 0.174884
0 0.216718 0.25771 0.0262625 0.0573664 0.103081
0 0.29128 0.498032 0.0522221 0.115105 0.940988
0 0.636661 0.403298 0.0474035 0.124197 0.924517
0 0.474741 0.310667 0.0478393 0.114885 0.913105
0 0.292149 0.494366 0.049935 0.102838 0.784958
0 0.475698 0.308962 0.0450082 0.10463 0.754594
0 0.636851 0.414705 0.0437105 0.0942734 0.682924
0 0.291442 0.498589 0.0532067 0.123789 0.652241
0 0.473872 0.309474 0.0470244 0.113677 0.595065
0 0.634975 0.389497 0.048326 0.157737 0.537769
0 0.0240531 0.0961738 0.0481063 0.077236 0.136393
0 0.291737 0.499095 0.0517979 0.118798 0.838024
0 0.474239 0.310877 0.048927 0.115425 0.809582
0 0.636865 0.40318 0.0448532 0.131924 0.701325
0 0.291474 0.501588 0.0456863 0.10979 0.385784
0 0.47656 0.310884 0.0616466 0.116161 0.371142
0 0.497874 0.126295 0.0324936 0.0618525 0.363835
0 0.474506 0.320808 0.0445989 0.0798788 0.333944
0 0.629503 0.418111 0.0552347 0.0986525 0.279568
0 0.62982 0.392663 0.0610576 0.142734 0.826074
0 0.289576 0.49684 0.0528451 0.119246 0.751665
0 0.477154 0.30462 0.0611784 0.109318 0.590363
0 0.496626 0.128012 0.0399925 0.0674127 0.133656
0 0.290485 0.499986 0.0535124 0.113547 0.599666
0 0.476183 0.308697 0.0554659 0.10645 0.412495
0 0.63644 0.415387 0.0497968 0.103851 0.409313
0 0.498116 0.130014 0.0368638 0.0640535 0.165658
0 0.290224 0.500233 0.0543242 0.112972 0.793961
0 0.473503 0.304695 0.0565486 0.111326 0.675432
0 0.634161 0.417065 0.0502763 0.0990522 0.403272
0 0.497735 0.12792 0.0358131 0.0675459 0.309989
0 0.473779 0.30551 0.0530133 0.104965 0.76652
0 0.291327 0.496324 0.0497617 0.0965129 0.517761
0 0.6361 0.407884 0.0506025 0.110656 0.302632
0 0.497963 0.128007 0.0290852 0.058199 0.162468
0 0.47248 0.307962 0.0562334 0.112133 0.747169
0 0.291223 0.499643 0.0527819 0.112942 0.653606
0 0.635636 0.411888 0.0527227 0.11503 0.62247
0 0.49785 0.129965 0.0346592 0.0655312 0.350024
0 0.473184 0.308145 0.0517898 0.113929 0.79822
0 0.291312 0.498433 0.0507418 0.117804 0.74284
0 0.636351 0.416896 0.0470514 0.108519 0.527697
0 0.497306 0.128846 0.0334859 0.069849 0.121442
0 0.473132 0.309317 0.0559069 0.114873 0.888509
0 0.291402 0.499014 0.0524336 0.113437 0.869437
0 0.636304 0.414945 0.0484276 0.107129 0.699462
0 0.498144 0.129472 0.038279 0.0689933 0.402628
0 0.472302 0.307104 0.0509366 0.111238 0.921814
0 0.291123 0.497903 0.0521031 0.113157 0.877432
0 0.634423 0.397832 0.0494378 0.137447 0.866367
0 0.497534 0.128843 0.0338412 0.0647438 0.171839
0 0.472806 0.307139 0.0503199 0.116759 0.855623
0 0.63585 0.397827 0.0481174 0.14024 0.828426
0 0.290662 0.49295 0.0515258 0.121972 0.790712
0 0.475049 0.307774 0.0490737 0.111468 0.937285
0 0.290082 0.496555 0.0522045 0.110406 0.905522
0 0.636529 0.409002 0.0476881 0.11796 0.88996
0 0.499017 0.127106 0.0320609 0.0704556 0.224994
0 0.475434 0.308531 0.052915 0.109568 0.680328
0 0.290875 0.499166 0.0531286 0.107535 0.667723
0 0.636156 0.416415 0.0476686 0.10387 0.492156
0 0.474539 0.30846 0.0475875 0.112922 0.858657
0 0.290916 0.497785 0.0522356 0.1075 0.808247
0 0.635629 0.418525 0.044808 0.102431 0.72788
0 0.474123 0.308345 0.0483665 0.115338 0.853302
0 0.290441 0.498145 0.0510516 0.113033 0.816157
0 0.635905 0.419589 0.0471581 0.102234 0.806466
0 0.474544 0.307438 0.0497385 0.113573 0.892858
0 0.29098 0.493359 0.052565 0.119809 0.848394
0 0.636879 0.416196 0.0489277 0.104383 0.750271
0 0.474625 0.308785 0.048091 0.110501 0.814458
0 0.290993 0.496903 0.0516326 0.114913 0.771011
0 0.636051 0.417984 0.0479268 0.100864 0.644346
0 0.497836 0.130026 0.0306697 0.0659109 0.137055
0 0.474162 0.306945 0.0463231 0.107368 0.945171
0 0.290643 0.496439 0.0508465 0.111613 0.88678
0 0.635288 0.417108 0.0452125 0.0985347 0.835835
0 0.475159 0.311104 0.0449262 0.106379 0.864005
0 0.63634 0.419546 0.0454504 0.0974184 0.812247
0 0.29043 0.497805 0.0507189 0.107201 0.811647
0 0.498525 0.127762 0.0312622 0.0668879 0.19016
0 0.476234 0.310616 0.045053 0.105416 0.861843
0 0.291043 0.495452 0.0482029 0.106838 0.85138
0 0.637026 0.41913 0.0458698 0.0973885 0.776422
0 0.498086 0.127336 0.0306221 0.0664741 0.589352
0 0.0447727 0.024276 0.0189272 0.0378468 0.345933
0 0.303295 0.379851 0.0334323 0.0782615 0.251024
0 0.612262 0.594776 0.0183984 0.0297699 0.182693
0 0.47551 0.309227 0.0487633 0.113601 0.901786
0 0.290332 0.498349 0.0517081 0.116002 0.865035
0 0.636053 0.417026 0.0492784 0.106379 0.704261
0 0.475569 0.307742 0.0462558 0.107903 0.874707
0 0.290718 0.496528 0.0487758 0.111246 0.804231
0 0.63736 0.418743 0.046553 0.0972416 0.693093
0 0.0453542 0.0237945 0.0185495 0.0389912 0.120643
0 0.474713 0.30903 0.0465621 0.106606 0.885828
0 0.29012 0.497085 0.0487579 0.111378 0.86751
0 0.637002 0.416772 0.0466738 0.101522 0.862914
0 0.496782 0.127432 0.0371541 0.0733491 0.250924
0 0.611769 0.596213 0.018464 0.0287532 0.103625
0 0.290898 0.496118 0.0482325 0.11169 0.837128
0 0.475559 0.309085 0.0456877 0.102911 0.833039
0 0.636055 0.418143 0.0441315 0.096154 0.793607
0 0.290761 0.496799 0.0491891 0.111427 0.873904
0 0.476012 0.310204 0.0451221 0.105977 0.866878
0 0.636626 0.419383 0.0451307 0.0988121 0.786571
0 0.47483 0.310172 0.0463732 0.107437 0.870132
0 0.291006 0.496146 0.0480433 0.107964 0.854366
0 0.636742 0.418052 0.0458161 0.0981715 0.798902
0 0.501197 0.126152 0.0272473 0.0648337 0.19689
0 0.475185 0.310165 0.0478401 0.109265 0.824458
0 0.291536 0.495612 0.0488508 0.110551 0.791944
0 0.637983 0.418624 0.0476097 0.0973841 0.746807
0 0.474982 0.308434 0.0448013 0.106696 0.88538
0 0.291118 0.493627 0.0484973 0.106415 0.857338
0 0.636557 0.418044 0.0441891 0.0939122 0.744365
0 0.0443723 0.0221324 0.0208536 0.0420491 0.103429
0 0.475277 0.308638 0.0454256 0.11157 0.865853
0 0.291427 0.49601 0.0499108 0.108662 0.859659
0 0.637289 0.419275 0.0456548 0.0949342 0.746769
0 0.499627 0.127642 0.0338908 0.0669464 0.246973
0 0.727747 0.557525 0.0200583 0.0365278 0.189146
0 0.0444454 0.0225048 0.0203254 0.0409268 0.171554
0 0.290406 0.49705 0.0462443 0.11135 0.894644
0 0.475465 0.308041 0.0462229 0.114191 0.872938
0 0.636998 0.420577 0.0425973 0.0937159 0.81305
0 0.497389 0.125288 0.0329103 0.0687692 0.177257
0 0.290819 0.497773 0.0471812 0.108638 0.834965
0 0.475146 0.308188 0.0475048 0.110945 0.833669
0 0.636878 0.421216 0.0448605 0.0945176 0.623061
0 0.04448 0.025196 0.0177408 0.0385218 0.152095
0 0.475 0.308103 0.0481826 0.112062 0.880834
0 0.291117 0.496388 0.0496227 0.107979 0.842041
0 0.637076 0.421072 0.0466362 0.0976486 0.797608
0 0.0445164 0.0256497 0.0192937 0.0397245 0.409808
0 0.613364 0.598386 0.0178661 0.0349291 0.203654
0 0.72868 0.562413 0.0180402 0.0322745 0.189628
0 0.474152 0.306928 0.0480742 0.112436 0.822531
0 0.290582 0.495182 0.0501918 0.110444 0.793169
0 0.636177 0.42021 0.0463756 0.0963229 0.760554
0 0.044221 0.0248743 0.0196609 0.0408518 0.309031
0 0.612478 0.597009 0.0172144 0.0347332 0.220261
0 0.475041 0.308343 0.0476796 0.110338 0.862791
0 0.290972 0.492449 0.0519738 0.121817 0.855037
0 0.637178 0.419958 0.0465126 0.0924978 0.746844
0 0.474526 0.308171 0.0475732 0.112504 0.834308
0 0.29116 0.497166 0.0502157 0.107203 0.830299
0 0.636812 0.41886 0.0458124 0.0921599 0.80242
0 0.291719 0.494845 0.0502039 0.112034 0.876942
0 0.637185 0.418477 0.0456316 0.0941479 0.859025
0 0.475366 0.30688 0.0488581 0.112128 0.851373
0 0.0450452 0.0219855 0.0187208 0.0394448 0.288865
0 0.613893 0.595039 0.0164976 0.0313838 0.15271
0 0.291902 0.495924 0.0508561 0.111231 0.857901
0 0.475142 0.306525 0.0493761 0.115347 0.792033
0 0.637121 0.418945 0.0459304 0.0948855 0.650498
0 0.290728 0.492212 0.0496105 0.118277 0.908787
0 0.475208 0.305542 0.0467399 0.114428 0.839797
0 0.637175 0.419829 0.042163 0.0906314 0.756436
0 0.0446325 0.0209187 0.0191535 0.0360334 0.418867
0 0.61351 0.59537 0.0177854 0.0328979 0.250703
0 0.290542 0.49329 0.0493344 0.117816 0.865054
0 0.63741 0.419932 0.0431081 0.091985 0.794144
0 0.474315 0.306023 0.0484978 0.113257 0.784558
0 0.0448518 0.0218426 0.0194137 0.036392 0.241875
0 0.613517 0.595865 0.018741 0.0341513 0.216808
0 0.290703 0.493955 0.0494701 0.10874 0.910614
0 0.474896 0.307194 0.0491327 0.11064 0.892151
0 0.63658 0.41885 0.0453114 0.0940971 0.75461
0 0.290418 0.494419 0.0511525 0.111967 0.826554
0 0.474406 0.309455 0.0482345 0.113716 0.797822
0 0.635857 0.419991 0.0451921 0.0939634 0.79744
0 0.291324 0.4922 0.0500771 0.112888 0.875636
0 0.474594 0.306166 0.0484092 0.114799 0.842239
0 0.635971 0.418484 0.0453249 0.090396 0.81281
0 0.044683 0.0251038 0.0198064 0.0395413 0.250035
0 0.291294 0.495769 0.0484269 0.106684 0.86773
0 0.474949 0.307883 0.0472216 0.114703 0.818294
0 0.636214 0.419987 0.0439388 0.0887 0.801587
0 0.0446762 0.0246865 0.0192267 0.0392817 0.426273
0 0.613006 0.59879 0.0201138 0.0367095 0.101817
0 0.290622 0.491334 0.0485716 0.118197 0.822162
0 0.474117 0.306255 0.0478303 0.115976 0.789673
0 0.636354 0.418079 0.0451598 0.0933845 0.727364
0 0.0449633 0.0230821 0.0184665 0.0400199 0.466906
0 0.290276 0.496441 0.0474028 0.107823 0.875379
0 0.474609 0.309181 0.0458689 0.110905 0.849833
0 0.636752 0.419711 0.0436968 0.0906934 0.578321
0 0.045244 0.0236473 0.0172162 0.038159 0.231067
0 0.290502 0.49376 0.0500057 0.114322 0.880878
0 0.47462 0.308828 0.0489375 0.111622 0.856278
0 0.63641 0.419508 0.0462981 0.0931158 0.672691
0 0.290756 0.494787 0.0483302 0.108053 0.860019
0 0.475212 0.30919 0.0474001 0.107873 0.84543
0 0.636913 0.418045 0.0441842 0.0906307 0.740089
0 0.0449902 0.0240452 0.0186913 0.0378024 0.169505
0 0.476123 0.306994 0.0478575 0.111368 0.860992
0 0.291648 0.493843 0.0484608 0.108423 0.85918
0 0.637397 0.416964 0.044787 0.0924177 0.73231
0 0.475558 0.309083 0.0476169 0.111543 0.850429
0 0.291236 0.495416 0.048972 0.111262 0.821617
0 0.636581 0.418208 0.0445139 0.0912006 0.734589
0 0.291379 0.49336 0.0493995 0.113435 0.859547
0 0.475554 0.308239 0.0475736 0.113104 0.849642
0 0.636244 0.418376 0.0455897 0.0908178 0.819094
0 0.475158 0.306891 0.0472307 0.115842 0.835051
0 0.291321 0.492714 0.0492737 0.112108 0.814956
0 0.635953 0.418481 0.0447848 0.0914759 0.802099
0 0.476088 0.306349 0.046707 0.111358 0.893775
0 0.292269 0.493335 0.0491385 0.106864 0.860443
0 0.636934 0.417552 0.044636 0.0931545 0.48059
0 0.476185 0.307528 0.0488847 0.114472 0.838564
0 0.292323 0.494512 0.0503719 0.109068 0.831766
0 0.637038 0.418162 0.0466888 0.0959346 0.588103
0 0.291327 0.493429 0.0488815 0.110761 0.890783
0 0.474779 0.307299 0.0492829 0.114607 0.874758
0 0.636426 0.419661 0.046567 0.0942366 0.756024
0 0.291743 0.49454 0.0485835 0.10926 0.855357
0 0.474735 0.307894 0.0490925 0.113734 0.824061
0 0.636789 0.420223 0.0453966 0.0940009 0.765852
0 0.474494 0.307831 0.0476806 0.113269 0.869832
0 0.291895 0.495544 0.0477086 0.109612 0.868835
0 0.636153 0.418755 0.0439329 0.0945878 0.756317
0 0.291905 0.494831 0.0476509 0.108818 0.871128
0 0.474372 0.308115 0.0484742 0.112049 0.853391
0 0.636493 0.418277 0.0447619 0.0925479 0.709844
0 0.291174 0.494454 0.0497153 0.11714 0.903353
0 0.47407 0.309646 0.0479822 0.11311 0.855777
0 0.636369 0.418997 0.0460733 0.0958849 0.816689
0 0.2914 0.493252 0.0485547 0.112689 0.866459
0 0.474142 0.307325 0.0467314 0.10984 0.834725
0 0.636432 0.418644 0.0453762 0.0930166 0.80591
0 0.290905 0.495209 0.0487827 0.11245 0.866755
0 0.474307 0.307422 0.0482804 0.114628 0.841285
0 0.636214 0.420283 0.0464382 0.0949439 0.787095
0 0.290826 0.495121 0.0486173 0.11294 0.84236
0 0.474449 0.306404 0.0487904 0.115415 0.809103
0 0.635716 0.420438 0.0449966 0.094618 0.78759
0 0.290834 0.494823 0.0477283 0.111192 0.89153
0 0.474674 0.306229 0.0492571 0.116019 0.880719
0 0.636221 0.419702 0.0452785 0.0939213 0.775636
0 0.291012 0.495634 0.0484033 0.112084 0.873022
0 0.475119 0.308063 0.0497844 0.116376 0.855874
0 0.636372 0.419637 0.0465964 0.096057 0.792662
0 0.500684 0.126617 0.032215 0.0659592 0.243516
0 0.291016 0.493127 0.0486025 0.120406 0.905004
0 0.474387 0.305815 0.0488327 0.114204 0.870393
0 0.635638 0.417237 0.0454499 0.101975 0.803847
0 0.498815 0.127949 0.0353157 0.0700266 0.532107
0 0.291293 0.496525 0.0478903 0.110601 0.895897
0 0.474516 0.307417 0.047301 0.111443 0.874185
0 0.635853 0.419685 0.0441222 0.0960739 0.827901
0 0.500599 0.12811 0.0330113 0.0673527 0.119032
0 0.291594 0.494475 0.0479717 0.111592 0.9177
0 0.47448 0.305922 0.0479537 0.11467 0.889251
0 0.636704 0.419674 0.0452132 0.0934924 0.833081
0 0.291617 0.495222 0.0467235 0.109717 0.889814
0 0.47473 0.307342 0.0462569 0.113639 0.857809
0 0.636761 0.420451 0.0438624 0.0929962 0.828874
0 0.291225 0.492619 0.0483441 0.110884 0.885123
0 0.4747 0.307979 0.0501531 0.112901 0.855916
0 0.635662 0.418341 0.0466766 0.0941424 0.817158
0 0.291507 0.493575 0.048084 0.11395 0.904267
0 0.475299 0.309228 0.0489432 0.11563 0.891067
0 0.636281 0.419219 0.0450729 0.0954447 0.851109
0 0.290993 0.49435 0.0479836 0.11277 0.842619
0 0.475188 0.308057 0.0476853 0.115996 0.824982
0 0.63596 0.418892 0.04468 0.0962856 0.784042
0 0.291163 0.49375 0.047249 0.10749 0.905686
0 0.475515 0.307959 0.0471144 0.114302 0.894132
0 0.636433 0.418197 0.0448371 0.0938882 0.852848
0 0.475092 0.306396 0.0470797 0.116817 0.890335
0 0.290775 0.493701 0.0478668 0.112235 0.880916
0 0.636093 0.418153 0.0442672 0.0965152 0.841623
0 0.290584 0.494788 0.0486723 0.114544 0.895527
0 0.475195 0.307125 0.0480125 0.113342 0.887836
0 0.636111 0.418847 0.0447345 0.0945921 0.864119
0 0.290143 0.49527 0.0479951 0.111906 0.872126
0 0.475129 0.308141 0.0473088 0.109985 0.850634
0 0.636353 0.418779 0.0447868 0.0905108 0.818698
0 0.474846 0.309975 0.0485963 0.116684 0.873303
0 0.289943 0.493438 0.0489592 0.118946 0.872541
0 0.636429 0.418624 0.0461667 0.0943728 0.68931
0 0.290222 0.495652 0.0466663 0.11075 0.853287
0 0.474787 0.310209 0.0460414 0.11191 0.844042
0 0.636234 0.418633 0.0444023 0.08909 0.732992
0 0.290016 0.493444 0.047513 0.114456 0.877175
0 0.474359 0.307206 0.0466423 0.114556 0.86199
0 0.63561 0.417844 0.0453413 0.0948447 0.841639
0 0.289597 0.494415 0.0469903 0.113315 0.887374
0 0.475433 0.30803 0.0465815 0.111228 0.84417
0 0.63591 0.418704 0.0452798 0.0946906 0.81926
0 0.289943 0.495772 0.0481452 0.111548 0.899362
0 0.47512 0.309637 0.0462552 0.111282 0.872462
0 0.635881 0.419468 0.0445693 0.0944131 0.860612
0 0.290972 0.49451 0.0476518 0.113099 0.889101
0 0.474487 0.308545 0.0472289 0.115168 0.871548
0 0.636162 0.418628 0.0455847 0.0944622 0.831867
0 0.290812 0.494824 0.0467541 0.110352 0.891857
0 0.474359 0.308053 0.0465973 0.112497 0.877376
0 0.636601 0.418428 0.044906 0.0911362 0.823032
0 0.503494 0.121038 0.0272723 0.0677134 0.10387
0 0.290464 0.496045 0.049413 0.110473 0.861878
0 0.473975 0.307377 0.0488789 0.112949 0.850042
0 0.636406 0.418634 0.047596 0.0945738 0.786229
0 0.290257 0.495745 0.0493559 0.108191 0.8754
0 0.47465 0.308672 0.0467708 0.112028 0.853547
0 0.636556 0.41962 0.0458619 0.0939045 0.742004
0 0.289927 0.495733 0.05124 0.111379 0.919594
0 0.474418 0.30801 0.0460108 0.113563 0.852534
0 0.635797 0.420562 0.0445271 0.0933208 0.742436
0 0.289933 0.495285 0.0514283 0.109099 0.909084
0 0.474767 0.30626 0.0472125 0.110873 0.826589
0 0.635943 0.419143 0.0445765 0.0905463 0.525512
0 0.290406 0.494877 0.0497698 0.111557 0.937919
0 0.475197 0.307398 0.0460393 0.113587 0.886972
0 0.635261 0.420475 0.0438631 0.0926261 0.806968
0 0.0458499 0.0244353 0.0193795 0.0394068 0.258964
0 0.290152 0.493049 0.0509039 0.119324 0.886679
0 0.473857 0.308469 0.04901 0.119939 0.831287
0 0.635706 0.418843 0.0466132 0.100145 0.780718
0 0.045655 0.0241828 0.0203295 0.0404843 0.205227
0 0.290939 0.493745 0.0482219 0.111896 0.860487
0 0.474328 0.307741 0.0471279 0.114287 0.8525
0 0.63647 0.419252 0.0438956 0.0961196 0.743941
0 0.474513 0.308041 0.0449246 0.11479 0.88626
0 0.290552 0.493591 0.0484767 0.112432 0.883591
0 0.636233 0.419052 0.0438419 0.0950143 0.818963
0 0.474625 0.308229 0.0466553 0.113848 0.862307
0 0.290115 0.493624 0.0502279 0.113769 0.859563
0 0.636056 0.420033 0.0443487 0.0952374 0.798353
0 0.475265 0.308541 0.047516 0.114882 0.894185
0 0.290342 0.494165 0.0499622 0.113328 0.890325
0 0.636305 0.420119 0.0442924 0.0948372 0.858902
0 0.289791 0.493532 0.0501425 0.114194 0.905253
0 0.475249 0.308253 0.0483412 0.116581 0.8988
0 0.635679 0.419236 0.0429536 0.0941085 0.857532
0 0.475493 0.310702 0.0470108 0.111829 0.906981
0 0.290472 0.495563 0.0488957 0.110668 0.896134
0 0.63663 0.41968 0.0432594 0.0913394 0.863491
0 0.47538 0.308198 0.0476138 0.113919 0.917348
0 0.291062 0.49427 0.0489419 0.114993 0.890991
0 0.636201 0.419086 0.0433348 0.0936808 0.859948
0 0.475575 0.309159 0.0484251 0.113517 0.872127
0 0.291057 0.495083 0.049722 0.113577 0.849592
0 0.636121 0.420195 0.0440543 0.0946207 0.818398
0 0.291243 0.494905 0.0497049 0.109557 0.907427
0 0.475731 0.309619 0.0488876 0.110256 0.88616
0 0.636423 0.420406 0.0452157 0.093915 0.854181
0 0.290522 0.494571 0.0497735 0.113303 0.885605
0 0.474838 0.309458 0.048483 0.115 0.859906
0 0.635175 0.420401 0.0432757 0.096788 0.853125
0 0.291098 0.494846 0.0494184 0.112261 0.873185
0 0.475411 0.309446 0.0465671 0.110954 0.837908
0 0.635717 0.420147 0.0422258 0.0938211 0.836706
0 0.290787 0.495178 0.0508013 0.113928 0.90044
0 0.475163 0.309252 0.0474397 0.112245 0.876043
0 0.635932 0.420404 0.0434055 0.0936467 0.869287
0 0.290366 0.49502 0.0502865 0.11437 0.870831
0 0.473883 0.30875 0.0495013 0.115585 0.864704
0 0.635225 0.421255 0.0420504 0.0939474 0.855967
0 0.474808 0.30869 0.0516458 0.11895 0.894662
0 0.291374 0.495823 0.0503211 0.115107 0.894339
0 0.635934 0.421375 0.0438153 0.0955794 0.875039
0 0.473329 0.308909 0.0522316 0.116491 0.898445
0 0.290905 0.496163 0.0492447 0.110434 0.889
0 0.635054 0.419738 0.0429318 0.096021 0.863546
0 0.473914 0.309735 0.0517628 0.118427 0.887361
0 0.291192 0.495304 0.0498657 0.110572 0.878714
0 0.63557 0.419143 0.0437523 0.0962843 0.819785
0 0.474513 0.307938 0.0476777 0.11327 0.893118
0 0.290489 0.495649 0.0489139 0.111643 0.890972
0 0.635506 0.419564 0.0428637 0.0937608 0.819712
0 0.474481 0.309697 0.0471711 0.112061 0.905072
0 0.290688 0.496275 0.0485384 0.110911 0.901598
0 0.635601 0.419562 0.0424861 0.0926449 0.889152
