0 0.290466 0.490466 0.0688056 0.149014 0.614954
0 0.487293 0.538879 0.0328736 0.0537417 0.37417
0 0.501016 0.410773 0.0642056 0.145921 0.333954
0 0.696039 0.342382 0.0658405 0.150199 0.278497
0 0.289584 0.460861 0.046455 0.090027 0.119723
0 0.699101 0.341433 0.0736929 0.151873 0.887767
0 0.503847 0.41321 0.0724834 0.151198 0.867772
0 0.290233 0.490013 0.075873 0.15784 0.815524
0 0.488298 0.53582 0.0373066 0.0677716 0.312598
0 0.673022 0.468227 0.0323446 0.0713211 0.147164
0 0.502963 0.418961 0.0711321 0.162497 0.894295
0 0.699806 0.343681 0.0760226 0.157644 0.868322
0 0.290404 0.499723 0.0757751 0.176687 0.693757
0 0.500226 0.414288 0.0639614 0.143918 0.565737
0 0.290732 0.49363 0.0718241 0.163134 0.426471
0 0.69561 0.341921 0.0658763 0.149411 0.425816
0 0.50308 0.705166 0.0179833 0.0452764 0.292996
0 0.704973 0.130089 0.0195275 0.0411135 0.150449
0 0.501209 0.41287 0.0673277 0.153735 0.918887
0 0.696025 0.342174 0.0716942 0.149855 0.846442
0 0.290977 0.493595 0.0747289 0.1682 0.816059
0 0.68205 0.473541 0.0527777 0.0770983 0.203225
0 0.491369 0.536057 0.0447076 0.0644945 0.200687
0 0.705384 0.128721 0.0241942 0.0505968 0.190464
0 0.177895 0.339457 0.0371942 0.0959366 0.180112
0 0.370117 0.470803 0.0494215 0.128985 0.130137
0 0.503206 0.702806 0.0198022 0.0468296 0.127086
0 0.574106 0.405417 0.0320645 0.0806441 0.123953
0 0.705965 0.0991234 0.0331671 0.106992 0.115092
0 0.181267 0.474961 0.0378947 0.0956561 0.112394
0 0.501386 0.416612 0.0681635 0.160066 0.933555
0 0.291805 0.496607 0.0770975 0.172113 0.874705
0 0.698474 0.342687 0.0767829 0.153454 0.824055
0 0.706331 0.126928 0.0243468 0.0475916 0.148666
0 0.4921 0.541745 0.0428154 0.0532439 0.11548
0 0.505 0.701709 0.0219678 0.0437754 0.114004
0 0.500894 0.412146 0.0657759 0.159561 0.871291
0 0.291246 0.490692 0.0779571 0.169111 0.647506
0 0.69606 0.337177 0.0723305 0.160335 0.646939
0 0.287995 0.417537 0.0726193 0.169156 0.115459
0 0.284244 0.38333 0.0577616 0.101028 0.110434
0 0.501096 0.418805 0.0686044 0.159518 0.990298
0 0.291676 0.488452 0.0784253 0.162705 0.976213
0 0.696485 0.341114 0.0736877 0.158643 0.960936
0 0.496485 0.523027 0.0553185 0.101318 0.416917
0 0.70102 0.0969553 0.0489266 0.116428 0.319107
0 0.708627 0.126737 0.0309333 0.0624178 0.305807
0 0.577012 0.411768 0.0356019 0.0785341 0.286687
0 0.491027 0.541581 0.0413326 0.0638061 0.223079
0 0.285911 0.406603 0.0656053 0.142301 0.201634
0 0.50577 0.704196 0.0248557 0.055333 0.126077
0 0.688883 0.382528 0.0529531 0.0902089 0.11626
0 0.501357 0.419118 0.0681446 0.161098 0.92815
0 0.696064 0.343073 0.0721413 0.157754 0.911092
0 0.29171 0.481171 0.0798219 0.193735 0.834318
0 0.494464 0.540094 0.0433382 0.0617193 0.141302
0 0.517702 0.109942 0.160393 0.219884 0.13825
0 0.717592 0.0965836 0.0688322 0.125971 0.123484
0 0.578393 0.397002 0.037729 0.0923802 0.100841
0 0.500318 0.416119 0.0661626 0.161522 0.709919
0 0.695004 0.34109 0.0655007 0.148059 0.698905
0 0.29205 0.48959 0.0743754 0.175161 0.494127
0 0.493234 0.541274 0.0394712 0.0577846 0.212524
0 0.176567 0.215324 0.0226893 0.0585527 0.185494
0 0.504697 0.702642 0.0203393 0.0446843 0.147924
0 0.180404 0.452064 0.0240962 0.0445191 0.119159
0 0.282641 0.404932 0.0554062 0.139424 0.117363
0 0.695269 0.342663 0.0715487 0.156842 0.936492
0 0.291225 0.485831 0.0786982 0.177272 0.931319
0 0.499722 0.41504 0.0664295 0.163509 0.914833
0 0.291766 0.487626 0.0741228 0.162689 0.828169
0 0.500052 0.407885 0.0643435 0.147957 0.79159
0 0.696104 0.338739 0.0662452 0.144279 0.758424
0 0.289997 0.487548 0.0810754 0.182182 0.640626
0 0.694882 0.346944 0.0721339 0.171269 0.584124
0 0.499294 0.413366 0.0652425 0.155357 0.579796
0 0.499122 0.471443 0.0688686 0.201807 0.254609
0 0.576185 0.409904 0.0339102 0.0723574 0.175362
0 0.367831 0.751543 0.0366982 0.0713648 0.171802
0 0.180492 0.46256 0.0325781 0.0734283 0.160026
0 0.5002 0.412194 0.0644892 0.150682 0.949352
0 0.695766 0.342651 0.0668747 0.153742 0.92367
0 0.291491 0.492654 0.0754482 0.168005 0.912489
0 0.290049 0.495863 0.0779388 0.179926 0.689787
0 0.501204 0.410724 0.0648947 0.140479 0.327479
0 0.696114 0.34795 0.0645579 0.161207 0.105623
0 0.288557 0.495479 0.0785493 0.17748 0.991692
0 0.502872 0.411625 0.0707616 0.155308 0.876205
0 0.701548 0.345143 0.0845667 0.16465 0.526798
0 0.272254 0.294569 0.244801 0.246187 0.199896
0 0.292115 0.50016 0.0733768 0.178533 0.92889
0 0.501802 0.415484 0.0659941 0.154295 0.795995
0 0.696392 0.346977 0.0688409 0.169133 0.586217
0 0.287393 0.491311 0.0816371 0.184174 0.742202
0 0.723255 0.388123 0.150959 0.273933 0.580326
0 0.50154 0.429032 0.0711092 0.203851 0.49417
0 0.694829 0.346131 0.0727491 0.169634 0.354019
0 0.496608 0.481883 0.0582513 0.177269 0.262105
0 0.689848 0.402589 0.0709378 0.224189 0.13469
0 0.212858 0.466435 0.0274682 0.0501986 0.111751
0 0.696379 0.33906 0.07319 0.151408 0.769185
0 0.503193 0.411346 0.0680068 0.151381 0.718719
0 0.290275 0.487788 0.0741954 0.165353 0.65456
0 0.494505 0.534542 0.0501082 0.0666121 0.151019
0 0.503018 0.415789 0.070706 0.164754 0.874605
0 0.696423 0.343935 0.074701 0.161036 0.816747
0 0.289294 0.4937 0.0779135 0.174548 0.815472
0 0.497137 0.53261 0.0541549 0.0772879 0.305019
0 0.690152 0.4048 0.0711909 0.221425 0.164708
0 0.211765 0.469379 0.0292179 0.0507074 0.137649
0 0.689096 0.471048 0.0672483 0.0902045 0.121547
0 0.695487 0.341862 0.0725023 0.16569 0.775688
0 0.50125 0.412427 0.0667345 0.157418 0.745698
0 0.28954 0.494325 0.0773312 0.17828 0.709635
0 0.21202 0.470032 0.0227007 0.0476168 0.24635
0 0.494786 0.53813 0.0527471 0.0661989 0.154949
0 0.688366 0.445062 0.0689931 0.142838 0.148521
0 0.499981 0.414977 0.0647598 0.152905 0.862986
0 0.695046 0.341972 0.0719497 0.160947 0.856238
0 0.289491 0.493288 0.0794744 0.173864 0.812687
0 0.212785 0.471173 0.0250003 0.0471223 0.253965
0 0.689138 0.464602 0.0698688 0.101983 0.208869
0 0.496727 0.5374 0.0567069 0.0661092 0.10209
0 0.695706 0.340701 0.0742906 0.163575 0.90702
0 0.501922 0.412717 0.0686759 0.158893 0.868083
0 0.290178 0.49104 0.0831524 0.174749 0.83014
0 0.212497 0.471492 0.024426 0.0456902 0.231366
0 0.688872 0.418396 0.0721879 0.195345 0.209458
0 0.495575 0.540396 0.049258 0.057766 0.208892
0 0.499507 0.473414 0.0611883 0.196952 0.150133
0 0.696191 0.340543 0.0733465 0.16095 0.826357
0 0.501936 0.414711 0.066932 0.166165 0.647352
0 0.290932 0.49071 0.0816767 0.178311 0.60881
0 0.212061 0.470282 0.0228845 0.0473208 0.173483
0 0.49328 0.543676 0.0415092 0.0522511 0.154888
0 0.689103 0.461189 0.0712922 0.112956 0.101517
0 0.501961 0.409986 0.0675711 0.153088 0.963236
0 0.694904 0.342104 0.067736 0.153054 0.941938
0 0.292433 0.491441 0.0729739 0.16519 0.916876
0 0.687494 0.471663 0.0671248 0.0791413 0.356587
0 0.491443 0.541864 0.0405942 0.0553731 0.251725
0 0.495048 0.528205 0.05631 0.0866432 0.227052
0 0.179418 0.338337 0.0399583 0.0816854 0.152548
0 0.212443 0.469242 0.0241946 0.0458866 0.1358
0 0.689809 0.415894 0.0712324 0.205047 0.11698
0 0.50062 0.411211 0.066872 0.154102 0.868798
0 0.695135 0.341431 0.0698751 0.155912 0.821708
0 0.292273 0.492706 0.0750756 0.166384 0.705641
0 0.687119 0.471586 0.0668696 0.0805465 0.285582
0 0.49554 0.525814 0.0586325 0.090719 0.12597
0 0.689915 0.426835 0.0727431 0.180882 0.124231
0 0.50002 0.410093 0.064117 0.155901 0.893511
0 0.695807 0.340348 0.0668337 0.158963 0.844777
0 0.292497 0.493039 0.0757229 0.170877 0.751516
0 0.179831 0.21226 0.0328841 0.0679754 0.165514
0 0.500242 0.41031 0.0657416 0.154282 0.874398
0 0.694641 0.34239 0.0677521 0.159558 0.846321
0 0.291233 0.494107 0.0740542 0.166747 0.816665
0 0.176766 0.213802 0.0308885 0.0650913 0.100826
0 0.694752 0.34391 0.0671816 0.156368 0.888467
0 0.501877 0.408714 0.0645307 0.146391 0.840619
0 0.292082 0.492106 0.0740259 0.173578 0.834193
0 0.177796 0.21117 0.0347262 0.0692135 0.145392
0 0.694725 0.346132 0.0676776 0.160145 0.849241
0 0.501739 0.410293 0.0643285 0.147215 0.829068
0 0.291835 0.49325 0.0757291 0.175606 0.771622
0 0.694863 0.342042 0.0687614 0.155992 0.956004
0 0.500537 0.40817 0.0641946 0.147072 0.950085
0 0.291333 0.492363 0.0771925 0.176471 0.909611
0 0.176957 0.337815 0.0353181 0.08512 0.29414
0 0.695481 0.344266 0.0691154 0.158906 0.877879
0 0.501135 0.410964 0.0654319 0.153149 0.868905
0 0.291223 0.490411 0.0805339 0.173967 0.754378
0 0.177015 0.338467 0.0359024 0.0842999 0.405163
0 0.177263 0.214673 0.0300152 0.0656383 0.115549
0 0.500394 0.410087 0.0640661 0.152257 0.883298
0 0.696611 0.340397 0.0621563 0.147458 0.865844
0 0.291825 0.489816 0.077396 0.172596 0.828944
0 0.177226 0.338757 0.0371829 0.0875902 0.556239
0 0.178256 0.211954 0.0318018 0.0702363 0.24676
0 0.21343 0.469602 0.0241048 0.0469676 0.205883
0 0.794532 0.0271659 0.0226652 0.0540148 0.203094
0 0.491198 0.54209 0.0320451 0.0500791 0.1027
0 0.500378 0.411419 0.064483 0.150408 0.922141
0 0.695191 0.343445 0.0660855 0.157246 0.920752
0 0.29062 0.491144 0.0762526 0.178498 0.820237
0 0.501347 0.40983 0.0625958 0.149342 0.899308
0 0.694457 0.341377 0.067036 0.152911 0.831598
0 0.290648 0.491905 0.0749621 0.175955 0.746063
0 0.501026 0.414062 0.0640832 0.156733 0.930867
0 0.694279 0.342788 0.0681046 0.160531 0.918182
0 0.289859 0.492554 0.0770896 0.176634 0.859131
0 0.496622 0.469429 0.059128 0.201063 0.15322
0 0.499739 0.414339 0.0649166 0.154416 0.922762
0 0.695292 0.34206 0.0690224 0.154918 0.884995
0 0.290956 0.490416 0.0781269 0.171531 0.874806
0 0.499899 0.415284 0.0665975 0.157182 0.911058
0 0.695356 0.343422 0.069288 0.155325 0.856312
0 0.291169 0.488444 0.0756038 0.174112 0.819818
0 0.500518 0.413618 0.0626062 0.152467 0.888997
0 0.695321 0.343438 0.0652732 0.148575 0.839193
0 0.291542 0.486737 0.0744005 0.169168 0.838703
0 0.795985 0.0262105 0.0194887 0.0486796 0.113536
0 0.370722 0.485651 0.0365967 0.0868054 0.111819
0 0.501524 0.415243 0.0633881 0.153929 0.859328
0 0.695526 0.341584 0.0646473 0.149542 0.838419
0 0.29185 0.487081 0.0745813 0.170731 0.802228
0 0.500744 0.410343 0.0610464 0.145671 0.930987
0 0.695442 0.340826 0.0641487 0.152766 0.894129
0 0.291297 0.48528 0.0742907 0.162638 0.669014
0 0.501565 0.413462 0.0657046 0.154059 0.921417
0 0.695833 0.342655 0.0668437 0.158302 0.896355
0 0.292055 0.488092 0.0786787 0.17268 0.81188
0 0.794698 0.025222 0.0217462 0.0504439 0.339378
0 0.371226 0.486934 0.0383977 0.0874485 0.323114
0 0.500639 0.410919 0.0634455 0.150155 0.894493
0 0.695451 0.340789 0.0649155 0.150672 0.876389
0 0.29198 0.487613 0.0765321 0.165799 0.867355
0 0.370717 0.486134 0.038234 0.0892898 0.568298
0 0.500622 0.411108 0.0640914 0.14676 0.844258
0 0.695549 0.341645 0.0636027 0.152024 0.839869
0 0.291781 0.486985 0.0771959 0.170473 0.76428
0 0.37137 0.485772 0.0377024 0.0876569 0.306314
0 0.50127 0.411452 0.0642595 0.146773 0.890223
0 0.695688 0.341278 0.0638351 0.154594 0.860664
0 0.292187 0.488266 0.0757073 0.169527 0.807739
0 0.178328 0.339354 0.0386508 0.0821152 0.384132
0 0.372106 0.486222 0.0383898 0.0861127 0.339243
0 0.795503 0.0284203 0.021838 0.0459604 0.272518
0 0.21579 0.467122 0.0222605 0.0424215 0.228535
0 0.229398 0.387989 0.0179448 0.036441 0.11819
0 0.182018 0.457001 0.0325486 0.0624574 0.106683
0 0.50068 0.412137 0.06367 0.152585 0.879028
0 0.694419 0.340489 0.063602 0.15514 0.823974
0 0.291015 0.488423 0.0752847 0.172397 0.758225
0 0.50215 0.414258 0.0656114 0.157774 0.898429
0 0.69609 0.341154 0.0644887 0.149668 0.847996
0 0.292791 0.485828 0.079434 0.17084 0.707193
0 0.501558 0.414371 0.0655065 0.156274 0.879323
0 0.695294 0.340844 0.0636179 0.147661 0.815898
0 0.290931 0.486649 0.0774381 0.170516 0.776748
0 0.500801 0.411012 0.0646633 0.1485 0.839872
0 0.291339 0.487448 0.076344 0.168309 0.821548
0 0.695939 0.341809 0.0630427 0.148009 0.814358
0 0.179534 0.337025 0.0394858 0.0915613 0.131678
0 0.501063 0.413886 0.0660329 0.155331 0.864567
0 0.695614 0.34151 0.0675476 0.153455 0.834371
0 0.291223 0.487705 0.0780561 0.170743 0.828656
0 0.500681 0.412991 0.0642492 0.151694 0.917146
0 0.696054 0.341955 0.0626476 0.150147 0.873723
0 0.291187 0.48973 0.07766 0.167006 0.831345
0 0.695277 0.342232 0.0633202 0.154022 0.850405
0 0.500523 0.415431 0.0644411 0.155031 0.840353
0 0.290197 0.492171 0.0791942 0.170075 0.733231
0 0.501929 0.411072 0.064849 0.14342 0.917338
0 0.696026 0.340622 0.0631115 0.148869 0.914664
0 0.290966 0.491875 0.0769175 0.161332 0.863644
0 0.501964 0.411809 0.0656202 0.147197 0.864892
0 0.695564 0.34124 0.0639652 0.150353 0.859073
0 0.290732 0.492784 0.0780973 0.16553 0.780536
0 0.502229 0.410261 0.0661288 0.149806 0.917215
0 0.696219 0.341204 0.0646545 0.153842 0.885816
0 0.291412 0.490221 0.0782381 0.167872 0.883915
0 0.502168 0.412645 0.0660205 0.150641 0.899624
0 0.291413 0.492297 0.0766291 0.165237 0.875873
0 0.696357 0.342346 0.0637216 0.150431 0.861212
0 0.501308 0.410856 0.0664136 0.15223 0.865309
0 0.695606 0.34223 0.0646178 0.152987 0.8445
0 0.291434 0.489353 0.0774687 0.167479 0.820371
0 0.501793 0.412789 0.0645691 0.143949 0.889645
0 0.290985 0.491309 0.0769743 0.163769 0.827982
0 0.695167 0.342444 0.0624462 0.148243 0.78235
0 0.695127 0.34205 0.0644709 0.149329 0.900765
0 0.501368 0.411237 0.066116 0.149263 0.872306
0 0.291654 0.485783 0.0781423 0.165832 0.830415
0 0.695731 0.34146 0.0622343 0.146742 0.883644
0 0.500684 0.410888 0.0639967 0.14894 0.859162
0 0.291362 0.487601 0.0775025 0.164229 0.81651
0 0.370814 0.486089 0.0378154 0.0863363 0.284669
0 0.17777 0.33728 0.0363032 0.0851558 0.158604
0 0.697091 0.340442 0.0632887 0.148229 0.882356
0 0.501078 0.409854 0.0654924 0.145848 0.87894
0 0.292026 0.486413 0.0798272 0.167874 0.836295
0 0.69652 0.34263 0.0619138 0.145975 0.874572
0 0.500943 0.411809 0.0647833 0.143335 0.853289
0 0.291637 0.488668 0.0775916 0.166813 0.818578
0 0.69603 0.342768 0.0624706 0.14483 0.882759
0 0.502157 0.410501 0.0649868 0.14204 0.844935
0 0.291216 0.489924 0.0767619 0.159183 0.8137
0 0.21564 0.467001 0.024189 0.043899 0.19012
0 0.371269 0.483171 0.0374899 0.0807539 0.187815
0 0.694562 0.342613 0.0644705 0.146581 0.867594
0 0.501336 0.409539 0.0649026 0.142447 0.824136
0 0.290031 0.489584 0.0787062 0.162128 0.787544
0 0.695925 0.340906 0.0626323 0.148989 0.917292
0 0.501287 0.408282 0.0634737 0.142867 0.897928
0 0.291177 0.485597 0.0780194 0.168524 0.880367
0 0.695763 0.341921 0.06508 0.152576 0.870186
0 0.501083 0.410011 0.0656455 0.143914 0.863198
0 0.291126 0.485547 0.080038 0.173716 0.828476
0 0.500637 0.408816 0.0660276 0.143498 0.915355
0 0.694836 0.34143 0.0645443 0.153897 0.893284
0 0.291238 0.48775 0.0778073 0.169095 0.890133
0 0.5013 0.408528 0.0658503 0.143402 0.876625
0 0.695559 0.341437 0.0627252 0.152771 0.855264
0 0.291804 0.486767 0.0787946 0.16819 0.825907
0 0.50091 0.409529 0.0626095 0.142776 0.935937
0 0.695564 0.341648 0.0616422 0.154547 0.886132
0 0.292309 0.485901 0.0789559 0.173202 0.864719
0 0.500726 0.410688 0.0622413 0.141669 0.92641
0 0.696257 0.343301 0.0603658 0.152391 0.868325
0 0.292568 0.486481 0.0786867 0.171876 0.84841
0 0.575745 0.401475 0.0281144 0.0529233 0.101462
0 0.500454 0.411427 0.0631242 0.142464 0.92815
0 0.695458 0.341829 0.0605678 0.157127 0.876182
0 0.292067 0.486912 0.0777211 0.173278 0.864224
0 0.369664 0.484764 0.0398262 0.0930922 0.139501
0 0.501247 0.408851 0.0640791 0.139638 0.903147
0 0.695806 0.339638 0.0596089 0.151922 0.871965
0 0.292629 0.486094 0.0780336 0.173673 0.844549
0 0.501731 0.410304 0.0657557 0.143887 0.901912
0 0.291567 0.491034 0.0797265 0.179814 0.876121
0 0.695595 0.341806 0.0614851 0.152644 0.875286
0 0.501144 0.411047 0.0649298 0.147425 0.872903
0 0.696052 0.342737 0.0596453 0.150827 0.863773
0 0.291166 0.490953 0.0766309 0.17416 0.84917
0 0.501842 0.410006 0.0667505 0.146732 0.923799
0 0.695845 0.343017 0.0615827 0.15289 0.918261
0 0.290392 0.490399 0.0775875 0.166481 0.914912
0 0.290557 0.491655 0.0777104 0.166836 0.906802
0 0.695896 0.343469 0.0631551 0.156274 0.902615
0 0.501926 0.411538 0.0671247 0.146792 0.892648
0 0.501432 0.410095 0.064837 0.146338 0.919568
0 0.695441 0.342593 0.0634374 0.156593 0.91598
0 0.291094 0.492233 0.0763648 0.164703 0.908228
0 0.175716 0.337007 0.0320384 0.0841291 0.10262
0 0.501638 0.40983 0.064263 0.141546 0.912624
0 0.696356 0.342061 0.061073 0.150642 0.88801
0 0.291842 0.492531 0.0750272 0.159911 0.879614
0 0.175244 0.339097 0.0316028 0.0799075 0.155411
0 0.216513 0.467415 0.0232808 0.0426732 0.145182
0 0.501384 0.408373 0.0646759 0.144762 0.930465
0 0.696791 0.339228 0.0614159 0.150389 0.902498
0 0.291386 0.489611 0.0787004 0.167856 0.865408
0 0.175614 0.338401 0.0327203 0.0833045 0.186157
0 0.501834 0.411402 0.0643937 0.143552 0.911071
0 0.696737 0.340882 0.0600377 0.149022 0.876523
0 0.291196 0.48943 0.0775768 0.170141 0.862206
0 0.175273 0.340015 0.0309504 0.0797248 0.265435
0 0.216687 0.467128 0.0208232 0.0426241 0.225789
0 0.500653 0.407657 0.0639428 0.139343 0.910434
0 0.290608 0.488681 0.0777519 0.16742 0.900898
0 0.695625 0.340779 0.0622744 0.14796 0.893459
0 0.176879 0.337075 0.0345101 0.0855756 0.104053
0 0.501326 0.408583 0.062305 0.139779 0.921219
0 0.291474 0.489005 0.0740061 0.16452 0.914059
0 0.695883 0.341133 0.0616198 0.147625 0.909039
0 0.500832 0.411109 0.0656465 0.144291 0.846482
0 0.290694 0.490021 0.0775465 0.167474 0.831559
0 0.695937 0.343003 0.0626841 0.156281 0.826226
0 0.501103 0.4103 0.0648731 0.143278 0.915568
0 0.290879 0.488904 0.0768651 0.168125 0.894698
0 0.696436 0.342781 0.0620171 0.154747 0.891088
0 0.501058 0.409664 0.0622708 0.142559 0.884739
0 0.696874 0.34296 0.0605029 0.155776 0.879244
0 0.290383 0.488594 0.0747165 0.168041 0.870223
0 0.50078 0.408985 0.0631227 0.142103 0.883908
0 0.29137 0.489719 0.0734219 0.162599 0.877805
0 0.696997 0.343589 0.0611324 0.155901 0.876638
0 0.500351 0.409411 0.0626108 0.137737 0.875684
0 0.291276 0.491303 0.0725927 0.159697 0.861471
0 0.696897 0.343487 0.0607304 0.148974 0.848825
0 0.500852 0.408769 0.0642587 0.143901 0.902747
0 0.290571 0.491123 0.0762235 0.17041 0.897581
0 0.696529 0.343489 0.0624791 0.155229 0.883487
0 0.501459 0.409715 0.0612901 0.141322 0.877413
0 0.290563 0.492892 0.0753964 0.166652 0.875134
0 0.696524 0.3421 0.0598319 0.14998 0.855738
0 0.371243 0.485187 0.0358581 0.0843004 0.118436
0 0.500979 0.408332 0.0616518 0.144396 0.903381
0 0.290536 0.492101 0.0764797 0.170271 0.894558
0 0.695965 0.342059 0.0601106 0.15548 0.885927
0 0.370596 0.484111 0.0366732 0.0847521 0.161085
0 0.500983 0.40855 0.0611521 0.139332 0.884298
0 0.696427 0.341539 0.0604231 0.152183 0.881899
0 0.291729 0.490995 0.0756572 0.163518 0.877742
0 0.370162 0.485028 0.0372056 0.0861442 0.155477
0 0.501338 0.410031 0.061632 0.138107 0.928064
0 0.696143 0.342986 0.0609934 0.153406 0.901624
0 0.291417 0.491599 0.0762049 0.167842 0.892967
0 0.370542 0.485806 0.0366279 0.0855216 0.379834
0 0.501341 0.409165 0.0633501 0.143959 0.918847
0 0.696438 0.343684 0.062362 0.158735 0.884808
0 0.289469 0.490547 0.0814722 0.177487 0.869525
0 0.370418 0.48502 0.0363725 0.0846167 0.513836
0 0.577721 0.400352 0.0285689 0.0647871 0.149211
0 0.500984 0.409697 0.0606037 0.141438 0.927615
0 0.696276 0.342987 0.0596702 0.155259 0.891201
0 0.290182 0.490416 0.0762151 0.167868 0.879253
0 0.371027 0.4849 0.0352731 0.0828049 0.64343
0 0.577904 0.402348 0.0300224 0.0702417 0.433321
0 0.370893 0.61987 0.0317616 0.0786997 0.10058
0 0.500394 0.409857 0.0634579 0.144893 0.908057
0 0.695683 0.344225 0.0621439 0.157372 0.864669
0 0.290057 0.490892 0.0777873 0.169574 0.855884
0 0.576136 0.404664 0.0316257 0.06999 0.274179
0 0.370128 0.486613 0.0362696 0.0854084 0.139612
0 0.500575 0.410079 0.0624675 0.143121 0.916274
0 0.695794 0.344395 0.0613819 0.157157 0.87465
0 0.290441 0.492019 0.0774076 0.169903 0.867653
0 0.575913 0.403835 0.0296676 0.0628829 0.375166
0 0.367705 0.486185 0.0376482 0.0891213 0.216797
0 0.500303 0.410875 0.0627725 0.144108 0.893544
0 0.290207 0.493397 0.0791638 0.173747 0.882101
0 0.695436 0.345439 0.0633076 0.159768 0.869701
0 0.367172 0.484701 0.0376386 0.0877805 0.37849
0 0.575875 0.405909 0.030836 0.0662296 0.272752
0 0.499765 0.412219 0.0647403 0.144233 0.883547
0 0.290912 0.492762 0.0790156 0.172499 0.860656
0 0.695267 0.345659 0.0636587 0.157788 0.847771
0 0.369699 0.486195 0.0374726 0.0860689 0.185831
0 0.500583 0.411539 0.0613175 0.144645 0.915762
0 0.292071 0.490893 0.074245 0.166841 0.911625
0 0.696718 0.345059 0.0593368 0.154874 0.896254
0 0.370231 0.486861 0.037284 0.0876985 0.496482
0 0.576956 0.407102 0.0295758 0.0651887 0.335536
0 0.795766 0.027485 0.02281 0.04996 0.231638
0 0.500724 0.411198 0.0643294 0.144881 0.88335
0 0.695839 0.343695 0.0622063 0.16088 0.868971
0 0.292139 0.490035 0.0764314 0.169143 0.868491
0 0.576545 0.408914 0.0308714 0.0669897 0.355115
0 0.795619 0.0276444 0.0243803 0.0552887 0.315772
0 0.366461 0.485202 0.0416492 0.0899749 0.157233
0 0.501775 0.41103 0.0644418 0.142222 0.900461
0 0.696683 0.342704 0.0609237 0.159344 0.887791
0 0.291857 0.49105 0.0773117 0.169662 0.878939
0 0.576068 0.408766 0.0295947 0.0620226 0.13502
0 0.500699 0.410334 0.0638337 0.143037 0.926118
0 0.695758 0.34167 0.0605936 0.158138 0.912035
0 0.291501 0.49148 0.0770612 0.171745 0.905301
0 0.500567 0.409296 0.0640171 0.139208 0.895292
0 0.695644 0.340865 0.0608858 0.153714 0.874358
0 0.291955 0.491037 0.0766228 0.170735 0.864388
0 0.575192 0.406942 0.0294741 0.0666417 0.173126
0 0.369993 0.487021 0.0394361 0.0902641 0.167975
0 0.501497 0.410395 0.0639813 0.141625 0.911017
0 0.292342 0.49211 0.0756593 0.169743 0.896782
0 0.696039 0.342412 0.0601796 0.156275 0.894743
0 0.575943 0.406114 0.027702 0.0620151 0.273951
0 0.3703 0.488443 0.0384334 0.0899865 0.168467
0 0.50134 0.408497 0.0643454 0.146009 0.917661
0 0.291193 0.491541 0.0763399 0.16792 0.904284
0 0.695444 0.342096 0.0596486 0.158423 0.890735
0 0.3703 0.487849 0.0380389 0.0904873 0.111273
0 0.502616 0.40973 0.0641424 0.142826 0.910167
0 0.291694 0.494075 0.0772085 0.168022 0.891357
0 0.696303 0.343348 0.0591987 0.155174 0.887203
0 0.370842 0.487953 0.03661 0.0884485 0.175877
0 0.501329 0.408546 0.0638008 0.146509 0.91897
0 0.696268 0.341594 0.0600645 0.159173 0.888819
0 0.290935 0.492995 0.0780807 0.180387 0.881193
0 0.576425 0.408648 0.0292057 0.0651546 0.145957
0 0.370168 0.485558 0.0359534 0.089811 0.107724
0 0.50101 0.410755 0.0632719 0.144952 0.90325
0 0.696014 0.341105 0.0597157 0.157561 0.865292
0 0.290714 0.493467 0.0778018 0.178724 0.844279
0 0.369136 0.485453 0.0369151 0.0922331 0.29533
0 0.576031 0.406891 0.0289795 0.0641969 0.271911
0 0.500645 0.410802 0.0627109 0.138541 0.928844
0 0.695392 0.342259 0.0611286 0.15206 0.907284
0 0.290765 0.493679 0.0768173 0.172491 0.90657
0 0.36927 0.486251 0.0382277 0.0913485 0.182205
0 0.500271 0.411967 0.0623264 0.145609 0.904699
0 0.290042 0.493518 0.0767524 0.176257 0.898235
0 0.695426 0.341826 0.0608345 0.158441 0.884118
0 0.501171 0.412626 0.0618186 0.14401 0.876855
0 0.695839 0.343307 0.0605651 0.154584 0.871658
0 0.29129 0.491918 0.0767437 0.174743 0.864035
0 0.500702 0.411929 0.0626789 0.145153 0.908913
0 0.695518 0.34389 0.0615158 0.156654 0.892501
0 0.291569 0.492503 0.0759045 0.170509 0.89052
0 0.500695 0.411838 0.062669 0.144312 0.887466
0 0.291176 0.492186 0.073761 0.164797 0.873296
0 0.695078 0.342471 0.0596865 0.153116 0.864324
0 0.502055 0.411228 0.0646976 0.145228 0.915923
0 0.291465 0.491257 0.074815 0.166125 0.894526
0 0.695802 0.340977 0.0607417 0.153052 0.891545
0 0.500785 0.410244 0.0623748 0.14337 0.925867
0 0.694867 0.340667 0.0608051 0.149741 0.890986
0 0.290627 0.492707 0.0752954 0.166089 0.886832
0 0.369645 0.487158 0.039054 0.0911945 0.190165
0 0.575529 0.406436 0.0286189 0.0535604 0.135434
0 0.501037 0.410395 0.0613273 0.143952 0.913592
0 0.695456 0.33995 0.0606989 0.150149 0.88452
0 0.291173 0.492513 0.0748952 0.167567 0.884387
0 0.50139 0.410639 0.0602936 0.141797 0.900329
0 0.291032 0.492034 0.0749013 0.169187 0.889567
0 0.694752 0.340609 0.0585405 0.151599 0.885382
0 0.290831 0.491371 0.0766605 0.172136 0.898349
0 0.501361 0.410362 0.0605295 0.141816 0.897503
0 0.694759 0.342983 0.059454 0.154126 0.886714
