0 0.484686 0.189047 0.0628652 0.159812 0.847623
0 0.541796 0.644138 0.0719529 0.15209 0.690958
0 0.966024 0.0184677 0.0397837 0.0369353 0.339477
0 0.98474 0.147959 0.0303943 0.0469907 0.18648
0 0.983542 0.294534 0.0318763 0.0343236 0.129145
0 0.485846 0.186745 0.0671595 0.171409 0.890621
0 0.539198 0.643915 0.0765774 0.148296 0.813563
0 0.985062 0.139763 0.0276923 0.0716158 0.163292
0 0.96322 0.0200069 0.0376773 0.0400138 0.159031
0 0.473456 0.512172 0.0215468 0.0603781 0.141677
0 0.487581 0.188607 0.072942 0.179052 0.87444
0 0.542643 0.644438 0.0848131 0.163396 0.690173
0 0.483092 0.186808 0.0591046 0.162216 0.567127
0 0.549619 0.656006 0.0905653 0.198464 0.535517
0 0.531978 0.505419 0.0306715 0.105081 0.138355
0 0.973682 0.288705 0.0449716 0.0668766 0.130117
0 0.384882 0.208264 0.0170932 0.0473421 0.120609
0 0.958749 0.283171 0.0420723 0.0750694 0.113713
0 0.976866 0.291246 0.0224227 0.0506294 0.102076
0 0.545488 0.654543 0.0793938 0.17457 0.825135
0 0.485051 0.205264 0.0662356 0.131106 0.801926
0 0.966774 0.108211 0.0664518 0.169489 0.674579
0 0.983592 0.135951 0.0328169 0.0708207 0.55737
0 0.974094 0.275794 0.0516673 0.0922122 0.480849
0 0.532679 0.509209 0.0395477 0.129126 0.254126
0 0.520223 0.216324 0.0684773 0.118217 0.19332
0 0.981543 0.28708 0.033732 0.0561824 0.145268
0 0.95575 0.267879 0.0508795 0.0979899 0.120763
0 0.487724 0.203169 0.0708019 0.143937 0.884758
0 0.544628 0.656951 0.0821375 0.185855 0.821412
0 0.966654 0.108102 0.0666927 0.176108 0.59408
0 0.966614 0.281019 0.0645627 0.0848084 0.381417
0 0.969176 0.138052 0.0616484 0.0863955 0.356511
0 0.98171 0.286849 0.0346466 0.0551732 0.223659
0 0.983872 0.140392 0.0317978 0.0693651 0.214267
0 0.542997 0.636856 0.0800179 0.162444 0.71637
0 0.486095 0.181054 0.0690953 0.182846 0.682474
0 0.964384 0.263893 0.0712327 0.12541 0.292082
0 0.96696 0.118548 0.0660805 0.158238 0.287515
0 0.386214 0.205642 0.0214646 0.0513485 0.1219
0 0.543638 0.641649 0.0813207 0.158623 0.98006
0 0.485736 0.209111 0.0710751 0.129481 0.97889
0 0.967036 0.127804 0.0659285 0.135724 0.834779
0 0.969182 0.274001 0.0616365 0.0941087 0.661512
0 0.959727 0.0522274 0.0369802 0.104455 0.220798
0 0.387046 0.207666 0.0246211 0.0542031 0.215956
0 0.959982 0.0885693 0.0485646 0.177139 0.155352
0 0.962068 0.0271411 0.0359694 0.0542823 0.138607
0 0.474691 0.493727 0.0281447 0.0918698 0.132649
0 0.983342 0.136433 0.0333167 0.0786545 0.126825
0 0.982266 0.2889 0.0345584 0.0566397 0.118493
0 0.517555 0.213674 0.076794 0.126609 0.117397
0 0.544081 0.643758 0.0805538 0.16183 0.87279
0 0.486129 0.204836 0.0711294 0.136974 0.86456
0 0.970313 0.135223 0.0593747 0.0897438 0.420552
0 0.965629 0.0923386 0.0687413 0.177024 0.276997
0 0.973205 0.280176 0.0491475 0.0626267 0.143282
0 0.982175 0.137721 0.0356508 0.0740969 0.140115
0 0.484357 0.203834 0.0625921 0.131756 0.627272
0 0.543218 0.642399 0.0732282 0.152698 0.567344
0 0.982537 0.139953 0.0338309 0.0753919 0.274675
0 0.476854 0.497807 0.033062 0.0778209 0.175964
0 0.533137 0.498736 0.0355412 0.0937635 0.139941
0 0.974809 0.281184 0.0348502 0.056617 0.132296
0 0.588961 0.495654 0.0284649 0.0672595 0.109371
0 0.967811 0.133922 0.0640037 0.104647 0.105779
0 0.485848 0.201265 0.0674601 0.14092 0.953564
0 0.542464 0.640127 0.077251 0.151622 0.927229
0 0.979994 0.140177 0.0400118 0.0840884 0.234598
0 0.543763 0.637463 0.0745093 0.145329 0.857309
0 0.485527 0.202427 0.0641335 0.128858 0.825692
0 0.982686 0.135479 0.03373 0.0729705 0.135996
0 0.54155 0.643661 0.0795105 0.153327 0.679348
0 0.484211 0.203782 0.0653389 0.146649 0.627079
0 0.981122 0.130392 0.0369724 0.0906961 0.378539
0 0.967814 0.126553 0.0637004 0.123271 0.247362
0 0.973112 0.280977 0.043861 0.067565 0.108347
0 0.543311 0.640894 0.0739124 0.149842 0.964412
0 0.483735 0.206303 0.061437 0.13604 0.929193
0 0.981913 0.136181 0.0331996 0.0757568 0.37285
0 0.975418 0.126831 0.0486917 0.108567 0.218384
0 0.48433 0.179523 0.0634861 0.179481 0.884201
0 0.54134 0.660707 0.0844802 0.183669 0.531726
0 0.536823 0.2307 0.0283964 0.0835636 0.440619
0 0.983605 0.138232 0.0306995 0.0659316 0.327819
0 0.96206 0.0186386 0.0309772 0.0372771 0.313471
0 0.969022 0.127596 0.061956 0.143598 0.228711
0 0.485135 0.177832 0.066139 0.182887 0.987963
0 0.544458 0.658904 0.0821021 0.18172 0.957871
0 0.966716 0.121983 0.0654138 0.151278 0.798854
0 0.483577 0.684676 0.168843 0.477567 0.439353
0 0.540429 0.60413 0.19568 0.333746 0.264246
0 0.650781 0.674776 0.146957 0.473205 0.172098
0 0.61089 0.60829 0.236475 0.345284 0.145021
0 0.970287 0.282385 0.0540292 0.0671071 0.138192
0 0.98421 0.132448 0.0279161 0.0600544 0.114564
0 0.959869 0.0184209 0.0294659 0.0368418 0.10033
0 0.487221 0.197288 0.0693957 0.150803 0.93321
0 0.545458 0.658526 0.0767851 0.179579 0.861653
0 0.96664 0.130882 0.0667191 0.135532 0.255505
0 0.542214 0.659788 0.0907777 0.191754 0.736416
0 0.48558 0.178149 0.067911 0.1842 0.715884
0 0.970387 0.132616 0.0574534 0.0999856 0.242263
0 0.96567 0.107637 0.0686594 0.181126 0.142893
0 0.987388 0.132081 0.0235036 0.0602395 0.11946
0 0.487053 0.199536 0.0634994 0.134648 0.577618
0 0.545845 0.645007 0.0722128 0.153267 0.429844
0 0.984269 0.131525 0.0259799 0.0656336 0.257746
0 0.966928 0.127911 0.0661449 0.12439 0.231
0 0.959996 0.0201036 0.0242041 0.0402072 0.115245
0 0.48837 0.201298 0.0666127 0.143172 0.790188
0 0.535337 0.657358 0.0969873 0.179623 0.67752
0 0.966205 0.13049 0.0675896 0.13216 0.501108
0 0.539507 0.857478 0.135364 0.188489 0.113252
0 0.972879 0.278176 0.0501486 0.0713645 0.10744
0 0.485907 0.204618 0.065185 0.142617 0.760764
0 0.541408 0.650679 0.0781699 0.178451 0.6952
0 0.966883 0.130877 0.0617979 0.0989707 0.312457
0 0.986059 0.134449 0.0246462 0.0575106 0.142472
0 0.965065 0.0963463 0.0698707 0.192693 0.129207
0 0.485807 0.206495 0.0681232 0.135632 0.83979
0 0.539953 0.652062 0.0841924 0.173314 0.777089
0 0.964867 0.121708 0.0702664 0.142925 0.427433
0 0.984841 0.134182 0.0302286 0.0638191 0.172366
0 0.529488 0.213044 0.0516378 0.121329 0.120936
0 0.488031 0.193308 0.0707697 0.158463 0.906782
0 0.53575 0.650233 0.102976 0.180068 0.82014
0 0.964422 0.119611 0.0711556 0.146763 0.472012
0 0.510298 0.208294 0.0913712 0.131049 0.138817
0 0.959308 0.0257357 0.0283758 0.0514714 0.133191
0 0.971971 0.276441 0.0536243 0.0823325 0.119987
0 0.98712 0.135588 0.0227621 0.0519628 0.104075
0 0.48683 0.194532 0.0704109 0.155874 0.817693
0 0.545909 0.648269 0.0874048 0.174557 0.550284
0 0.966825 0.133695 0.0640252 0.0972238 0.216383
0 0.485523 0.204332 0.0676646 0.138828 0.91812
0 0.547151 0.645393 0.0726582 0.152781 0.910503
0 0.966603 0.12679 0.0666755 0.129235 0.570311
0 0.527428 0.213184 0.0515156 0.115181 0.317768
0 0.974249 0.275905 0.0470459 0.0683942 0.179763
0 0.487043 0.206108 0.0709015 0.135786 0.705317
0 0.54764 0.645859 0.0713502 0.15275 0.672206
0 0.966413 0.127624 0.0671746 0.12923 0.31819
0 0.974682 0.280144 0.0457771 0.0642867 0.111049
0 0.54557 0.646379 0.0719832 0.161386 0.832183
0 0.486048 0.204655 0.0648026 0.134228 0.796207
0 0.980841 0.130828 0.0362331 0.0901622 0.325748
0 0.96851 0.126782 0.061533 0.11713 0.253345
0 0.975656 0.280168 0.0421298 0.0649088 0.220814
0 0.485704 0.204871 0.0636065 0.135434 0.841331
0 0.544941 0.647844 0.0735931 0.156963 0.840178
0 0.98102 0.133083 0.0343829 0.0862054 0.237614
0 0.966399 0.128778 0.0649991 0.117282 0.103051
0 0.486119 0.203582 0.0624064 0.135111 0.858108
0 0.546082 0.646024 0.0728178 0.160087 0.837759
0 0.96605 0.130911 0.0668727 0.127821 0.591848
0 0.974124 0.276538 0.046937 0.0712632 0.240637
0 0.982652 0.131054 0.0301732 0.0683201 0.234408
0 0.486083 0.205032 0.06256 0.134886 0.79253
0 0.546513 0.646662 0.0727376 0.162215 0.772892
0 0.965996 0.132908 0.0670269 0.128671 0.414887
0 0.976789 0.282435 0.0426568 0.0636832 0.176922
0 0.98294 0.131552 0.0306863 0.0691876 0.142008
0 0.545728 0.642179 0.0731993 0.159424 0.936973
0 0.485444 0.205449 0.0636451 0.12859 0.91138
0 0.965778 0.132608 0.0669799 0.121887 0.37421
0 0.953617 0.155129 0.0325931 0.0694325 0.111218
0 0.484445 0.206715 0.0619696 0.127507 0.847128
0 0.546225 0.646048 0.0767498 0.163029 0.812968
0 0.967628 0.133982 0.0642846 0.115771 0.474986
0 0.983836 0.131688 0.0296778 0.0705201 0.206483
0 0.953375 0.160957 0.0304525 0.0599293 0.155111
0 0.546278 0.640899 0.0744755 0.153591 0.852461
0 0.484929 0.20507 0.0604083 0.127422 0.811226
0 0.971267 0.132247 0.0574654 0.106766 0.673923
0 0.981846 0.130723 0.0345812 0.0805751 0.591971
0 0.982274 0.280525 0.030334 0.0591631 0.435471
0 0.954789 0.150724 0.0323564 0.078825 0.250142
0 0.534295 0.215659 0.0375536 0.109513 0.234952
0 0.96466 0.018592 0.0275412 0.0371841 0.217517
0 0.545367 0.64579 0.0757683 0.161598 0.901005
0 0.484642 0.186506 0.064153 0.170244 0.879188
0 0.96902 0.128748 0.0618661 0.123611 0.35316
0 0.545377 0.642592 0.0733326 0.154599 0.799765
0 0.48521 0.204514 0.0622784 0.131993 0.79941
0 0.485913 0.205232 0.0636591 0.133188 0.894586
0 0.546625 0.64373 0.0731178 0.159065 0.870696
0 0.547203 0.641791 0.0714025 0.154383 0.87607
0 0.485272 0.205495 0.0689584 0.134123 0.872333
0 0.545768 0.643348 0.0720199 0.156176 0.82772
0 0.485268 0.207458 0.0697584 0.135426 0.821136
0 0.544398 0.643503 0.0702881 0.150115 0.810032
0 0.484771 0.207336 0.0625371 0.134131 0.801007
0 0.544168 0.642985 0.0710639 0.150581 0.805902
0 0.485438 0.2081 0.0636921 0.13395 0.76588
0 0.544098 0.641461 0.069768 0.151711 0.903352
0 0.484943 0.206779 0.062699 0.131054 0.87207
0 0.544794 0.645996 0.074025 0.15956 0.906919
0 0.486725 0.208228 0.0696626 0.135656 0.852641
0 0.543945 0.642201 0.0728275 0.151526 0.902488
0 0.485305 0.206371 0.0634516 0.131425 0.842897
0 0.543983 0.642757 0.0734563 0.155149 0.853758
0 0.485261 0.206649 0.0621633 0.132765 0.778967
0 0.54512 0.641685 0.0742511 0.155852 0.870025
0 0.485959 0.206847 0.063916 0.135871 0.796508
0 0.982267 0.281582 0.0329999 0.0557163 0.107912
0 0.543864 0.640379 0.0717688 0.154743 0.8292
0 0.484573 0.206475 0.0624703 0.137423 0.775382
0 0.545252 0.64187 0.0743441 0.152652 0.861401
0 0.485052 0.204062 0.0634429 0.128504 0.684277
0 0.544364 0.641429 0.0737451 0.14995 0.816634
0 0.484075 0.204536 0.061577 0.126864 0.774763
0 0.966526 0.132808 0.0637376 0.119563 0.168594
0 0.543992 0.638795 0.0729445 0.148313 0.862306
0 0.484973 0.206014 0.0626065 0.130673 0.85311
0 0.966521 0.131661 0.0635116 0.123037 0.343557
0 0.52689 0.216462 0.0558034 0.113466 0.112698
0 0.544289 0.641806 0.0752257 0.155129 0.862503
0 0.48632 0.205143 0.0670812 0.13396 0.823533
0 0.544389 0.643064 0.0723267 0.154166 0.883974
0 0.484861 0.205422 0.0622892 0.130847 0.832462
0 0.484242 0.20658 0.0620143 0.131438 0.822493
0 0.543245 0.644495 0.0738036 0.157241 0.821104
0 0.484543 0.206862 0.0620615 0.12728 0.912386
0 0.544381 0.640424 0.0724558 0.152271 0.899651
0 0.544143 0.642055 0.0731665 0.153871 0.842414
0 0.484074 0.206808 0.0618653 0.131256 0.827465
0 0.543408 0.6436 0.0744455 0.158322 0.898946
0 0.485303 0.204272 0.0636438 0.134336 0.873087
0 0.54313 0.645286 0.0735303 0.154568 0.889023
0 0.485608 0.2047 0.0633695 0.132417 0.859313
0 0.543135 0.643618 0.0738516 0.155202 0.883452
0 0.485204 0.203121 0.0706454 0.137054 0.82848
0 0.544271 0.639584 0.0692792 0.150861 0.862822
0 0.485133 0.206113 0.0683505 0.132212 0.847215
0 0.54447 0.638598 0.0739895 0.152955 0.838384
0 0.485607 0.206152 0.0701986 0.134849 0.83228
0 0.484433 0.204857 0.0625638 0.128503 0.820888
0 0.5446 0.638498 0.072773 0.150098 0.817357
0 0.975961 0.135666 0.0423915 0.073716 0.239002
0 0.971863 0.279437 0.0481305 0.0611276 0.194162
0 0.485193 0.205237 0.0644839 0.128099 0.856218
0 0.544064 0.640625 0.0738931 0.151656 0.856036
0 0.48438 0.208203 0.0632874 0.126112 0.842
0 0.544126 0.640905 0.0723034 0.148743 0.825002
0 0.485222 0.206121 0.0630312 0.12594 0.83264
0 0.545508 0.641826 0.0718377 0.148046 0.806186
0 0.483591 0.205582 0.0608037 0.127574 0.826507
0 0.545179 0.63985 0.0727423 0.154624 0.794087
0 0.484658 0.204096 0.0609016 0.127155 0.895794
0 0.545823 0.63854 0.0721692 0.153314 0.891732
0 0.545306 0.640287 0.0743549 0.158078 0.847858
0 0.484743 0.204867 0.0627055 0.128765 0.846941
0 0.484385 0.205528 0.0622299 0.129171 0.871808
0 0.544454 0.640834 0.0736029 0.156887 0.867676
0 0.484808 0.207617 0.0648723 0.133974 0.826468
0 0.544338 0.641805 0.0732746 0.158149 0.806188
0 0.544191 0.641713 0.0732379 0.162036 0.897334
0 0.485079 0.207394 0.0614704 0.131903 0.88801
0 0.544326 0.641909 0.0726291 0.158173 0.882683
0 0.485861 0.207225 0.0627421 0.131427 0.859316
0 0.544241 0.641974 0.0720123 0.156378 0.865521
0 0.48514 0.209612 0.0626973 0.130987 0.86417
0 0.485986 0.205979 0.0655255 0.128908 0.866144
0 0.544547 0.637419 0.0722933 0.156136 0.855163
0 0.544075 0.64231 0.0753936 0.159336 0.872347
0 0.486852 0.206594 0.0670834 0.132636 0.845027
0 0.54313 0.643046 0.0723427 0.155623 0.847127
0 0.486261 0.205418 0.0643648 0.130714 0.82772
0 0.543856 0.640198 0.0730544 0.151931 0.913119
0 0.485435 0.203898 0.0634174 0.12877 0.882795
0 0.543997 0.640061 0.0736725 0.153734 0.898175
0 0.485541 0.205625 0.0639577 0.127573 0.862704
0 0.544099 0.639421 0.0729108 0.15402 0.912025
0 0.485335 0.20497 0.0635428 0.128058 0.853242
0 0.544408 0.639012 0.0724723 0.150643 0.877791
0 0.485778 0.206191 0.0630625 0.124126 0.82564
0 0.544578 0.637616 0.0732963 0.151272 0.911897
0 0.485206 0.203974 0.0644389 0.129242 0.890418
0 0.959607 0.128628 0.0518568 0.116524 0.103653
0 0.544904 0.639495 0.0707976 0.152699 0.908476
0 0.484512 0.205796 0.0615664 0.128981 0.887295
0 0.544385 0.638067 0.071633 0.151525 0.908111
0 0.484193 0.205363 0.0622755 0.125681 0.901603
0 0.544773 0.638408 0.0698085 0.149714 0.921528
0 0.484768 0.207277 0.0616471 0.127123 0.911186
0 0.543655 0.639173 0.0730536 0.153533 0.869912
0 0.484584 0.206664 0.0626832 0.130039 0.855215
0 0.484879 0.204906 0.0620115 0.127668 0.915441
0 0.543936 0.638834 0.0723455 0.154901 0.881111
0 0.484983 0.203029 0.061112 0.130294 0.896366
0 0.543878 0.639623 0.0710242 0.150798 0.854032
0 0.485533 0.204807 0.0626222 0.129385 0.894076
0 0.544136 0.639817 0.0704687 0.149878 0.865149
0 0.544391 0.638593 0.0679737 0.1449 0.860048
0 0.484968 0.205961 0.0635922 0.12612 0.859396
0 0.544466 0.640681 0.0699753 0.152482 0.895284
0 0.484932 0.205139 0.0664849 0.132883 0.86972
0 0.544815 0.642327 0.0687737 0.15101 0.876781
0 0.485445 0.205901 0.0628585 0.128241 0.855523
0 0.484972 0.204631 0.0625 0.129891 0.889772
0 0.544633 0.640477 0.0704099 0.153958 0.877673
0 0.48561 0.205757 0.0606693 0.125005 0.898972
0 0.544648 0.640752 0.0705959 0.151374 0.856784
0 0.485877 0.207089 0.0611701 0.12436 0.908657
0 0.544292 0.641623 0.0716801 0.152058 0.890983
0 0.485354 0.205145 0.0638689 0.130382 0.890184
0 0.544367 0.641908 0.072626 0.156445 0.880738
0 0.485377 0.204992 0.062109 0.129689 0.896818
0 0.544154 0.641384 0.0705597 0.15063 0.892454
0 0.983952 0.136967 0.0267621 0.0616324 0.165473
0 0.485305 0.204503 0.0633602 0.130445 0.885459
0 0.543681 0.641284 0.0734298 0.154813 0.865021
0 0.485489 0.205388 0.062673 0.12893 0.896619
0 0.544387 0.642933 0.0721083 0.153405 0.873865
0 0.484719 0.205852 0.0649976 0.130893 0.881082
0 0.544407 0.641994 0.0725173 0.157068 0.869522
0 0.485009 0.205858 0.0643989 0.127494 0.863842
0 0.544109 0.640738 0.0734875 0.156765 0.841751
0 0.485851 0.206232 0.0612064 0.127248 0.91042
0 0.544223 0.640972 0.0710552 0.154261 0.901201
0 0.977868 0.282988 0.0360042 0.0512121 0.123229
0 0.485813 0.20679 0.062411 0.131621 0.875179
0 0.543248 0.641421 0.0745575 0.158442 0.869587
0 0.543716 0.641627 0.0743958 0.156825 0.896571
0 0.485927 0.207007 0.0626492 0.130896 0.895134
0 0.485034 0.20601 0.0626166 0.129317 0.923843
0 0.543591 0.640868 0.0745512 0.157034 0.92256
0 0.544016 0.639874 0.0732753 0.153334 0.887642
0 0.484773 0.205955 0.0634687 0.127333 0.88194
0 0.54442 0.641319 0.0725433 0.153645 0.910661
0 0.485109 0.206757 0.0631193 0.128731 0.896583
0 0.982235 0.134393 0.0307284 0.0772402 0.171678
0 0.543356 0.640606 0.0725187 0.153325 0.910494
0 0.484083 0.205672 0.0644254 0.129935 0.891407
0 0.976896 0.13439 0.0415358 0.0785232 0.254034
0 0.966484 0.132826 0.0619175 0.111047 0.186774
0 0.485962 0.205743 0.0630144 0.127559 0.906678
0 0.544701 0.642128 0.0722702 0.154441 0.903849
0 0.978761 0.136835 0.038222 0.0732774 0.152547
0 0.96735 0.133538 0.0612159 0.106489 0.113971
0 0.485882 0.204773 0.0628785 0.132702 0.90721
0 0.543944 0.641108 0.0729778 0.160054 0.898494
0 0.485425 0.206049 0.0633698 0.13484 0.877827
0 0.543664 0.64151 0.0725887 0.158051 0.86845
0 0.543816 0.640989 0.0713916 0.152601 0.915656
0 0.484865 0.205774 0.0627038 0.130309 0.912242
0 0.543376 0.641507 0.0710416 0.15564 0.896056
0 0.48433 0.205984 0.0630162 0.136208 0.885506
0 0.544704 0.640282 0.0714634 0.153345 0.883653
0 0.485065 0.203978 0.0624273 0.131047 0.875967
0 0.485218 0.204104 0.0629751 0.131088 0.905464
0 0.544705 0.639925 0.0728517 0.154624 0.903952
0 0.982325 0.282584 0.0263775 0.0459244 0.185644
0 0.484325 0.204675 0.06039 0.12951 0.879844
0 0.544146 0.639493 0.0716936 0.153266 0.866415
0 0.981579 0.282826 0.026922 0.0470834 0.339895
0 0.485332 0.205506 0.0619034 0.13052 0.904129
0 0.544797 0.638548 0.0731819 0.153789 0.901718
0 0.980393 0.283053 0.0304438 0.0488649 0.360085
0 0.54338 0.639902 0.0722191 0.152551 0.903202
0 0.4843 0.205121 0.0611268 0.127612 0.90012
0 0.978863 0.282302 0.0338857 0.0490653 0.119139
0 0.484467 0.205145 0.0614955 0.127737 0.895713
0 0.543761 0.639663 0.0716925 0.151547 0.894715
0 0.484057 0.205032 0.0610748 0.12659 0.910347
0 0.543636 0.641339 0.0719534 0.152536 0.889021
0 0.483999 0.205832 0.061243 0.125151 0.912279
0 0.544 0.639874 0.0717945 0.150522 0.890401
