0 0.354619 0.567376 0.0797238 0.0334988 0.672986
0 0.886015 0.383275 0.0753038 0.0288449 0.629474
0 0.727674 0.615903 0.0935085 0.0312036 0.431994
0 0.343589 0.41778 0.0916461 0.0336034 0.402706
0 0.499755 0.275527 0.0795693 0.0358553 0.2994
0 0.343488 0.41839 0.102711 0.0376852 0.884395
0 0.725988 0.615351 0.105093 0.0368493 0.831192
0 0.351538 0.566795 0.0770468 0.0378567 0.786316
0 0.498179 0.275422 0.0796844 0.0387238 0.655517
0 0.883664 0.381821 0.0755746 0.0361469 0.543722
0 0.249349 0.631201 0.0622564 0.0306507 0.128619
0 0.267986 0.552183 0.0521467 0.0298799 0.124609
0 0.380995 0.568926 0.143417 0.0480314 0.118336
0 0.344131 0.419228 0.102864 0.03771 0.389565
0 0.881556 0.381853 0.0921921 0.0381621 0.350145
0 0.728664 0.609178 0.108282 0.0516976 0.222263
0 0.499308 0.277527 0.0849984 0.0418551 0.101066
0 0.34588 0.417179 0.0881035 0.0352651 0.649622
0 0.498892 0.277193 0.0818563 0.0418452 0.60805
0 0.353611 0.568226 0.0877739 0.0401279 0.548346
0 0.88428 0.381301 0.0718999 0.0323378 0.505013
0 0.726058 0.615862 0.0975806 0.0334929 0.471702
0 0.789164 0.513475 0.053245 0.0276223 0.255308
0 0.646254 0.506822 0.0455889 0.0231151 0.186461
0 0.353538 0.567775 0.0891675 0.0396109 0.903896
0 0.497835 0.277718 0.0861058 0.0408256 0.86093
0 0.883783 0.379103 0.0910636 0.0371473 0.856794
0 0.341384 0.416388 0.097995 0.0375628 0.80751
0 0.723909 0.615418 0.1016 0.0338285 0.800397
0 0.790775 0.513698 0.074415 0.0316155 0.21043
0 0.883891 0.380072 0.0856122 0.0356262 0.793967
0 0.497813 0.277821 0.0818913 0.0359 0.726903
0 0.339035 0.417611 0.0879895 0.0351755 0.704311
0 0.350666 0.567026 0.0815479 0.0379532 0.670177
0 0.725006 0.616105 0.0914792 0.0322371 0.631493
0 0.378186 0.570692 0.143861 0.0463406 0.220113
0 0.791225 0.51326 0.0583763 0.0291283 0.150728
0 0.345211 0.40769 0.113727 0.0609655 0.135073
0 0.350909 0.568255 0.0793535 0.040785 0.429608
0 0.336942 0.418039 0.0879356 0.0353184 0.395271
0 0.883376 0.38009 0.0792281 0.0366484 0.386863
0 0.496787 0.276453 0.0910833 0.0433065 0.371907
0 0.722236 0.61586 0.0917093 0.0349537 0.210911
0 0.883718 0.381629 0.0813198 0.0353079 0.955759
0 0.49839 0.276412 0.0880818 0.0424681 0.925655
0 0.351789 0.568199 0.080897 0.040439 0.921243
0 0.337636 0.418823 0.0878565 0.0352482 0.919205
0 0.720867 0.616703 0.0896733 0.0348482 0.793803
0 0.793156 0.512465 0.0646791 0.0314083 0.172259
0 0.381634 0.570924 0.145225 0.0464323 0.1284
0 0.342897 0.407992 0.110266 0.0608135 0.105823
0 0.885561 0.380356 0.0798979 0.0327219 0.817087
0 0.498594 0.275658 0.0830782 0.0390674 0.790874
0 0.350632 0.567489 0.0771158 0.039021 0.766548
0 0.340465 0.417744 0.0807208 0.0337082 0.689119
0 0.721575 0.615776 0.0864313 0.034045 0.624184
0 0.34639 0.407883 0.108778 0.059543 0.112091
0 0.88458 0.380641 0.0831415 0.0317098 0.758032
0 0.349748 0.566623 0.0760986 0.0364311 0.72089
0 0.498804 0.275966 0.079451 0.0378351 0.698178
0 0.340608 0.416881 0.0778693 0.0345417 0.569955
0 0.721894 0.615462 0.0832245 0.0340092 0.548514
0 0.792967 0.512318 0.056422 0.0284359 0.314716
0 0.313495 0.636333 0.0656706 0.0405829 0.177352
0 0.329449 0.642548 0.0346671 0.0265093 0.16094
0 0.350676 0.570112 0.0847123 0.0430255 0.914031
0 0.884548 0.377875 0.0814973 0.0371752 0.90864
0 0.499481 0.278745 0.0842314 0.0412322 0.854477
0 0.343859 0.417638 0.101272 0.0373736 0.847692
0 0.723891 0.615609 0.0914041 0.0350268 0.749555
0 0.883938 0.378346 0.081076 0.0354896 0.781066
0 0.351994 0.567511 0.0783533 0.0364964 0.642499
0 0.499301 0.27725 0.0817628 0.0352543 0.578644
0 0.341256 0.417073 0.0828459 0.0338236 0.477387
0 0.724677 0.615323 0.0855951 0.0322598 0.408717
0 0.790799 0.511992 0.059356 0.0261773 0.715987
0 0.882897 0.378173 0.0830506 0.0382836 0.705381
0 0.350977 0.568468 0.0810175 0.0405516 0.589803
0 0.344179 0.418323 0.105738 0.0382271 0.464607
0 0.497633 0.277444 0.0862734 0.0425729 0.438573
0 0.722802 0.616353 0.0933705 0.0340694 0.427304
0 0.712897 0.0647604 0.0449587 0.0227873 0.222939
0 0.655534 0.102947 0.0592474 0.0230721 0.161031
0 0.347456 0.405899 0.123337 0.0659102 0.108106
0 0.649724 0.50519 0.048699 0.0223235 0.103746
0 0.885554 0.378727 0.0777496 0.0374134 0.73498
0 0.350902 0.567778 0.0784238 0.0390074 0.696024
0 0.724428 0.616483 0.0845921 0.0329866 0.673281
0 0.343707 0.418517 0.080743 0.0362892 0.619264
0 0.498528 0.278197 0.0821623 0.0394436 0.567259
0 0.791678 0.512421 0.0537453 0.0245191 0.224886
0 0.345021 0.418548 0.0955511 0.0380783 0.865393
0 0.356046 0.568786 0.0711597 0.0401403 0.845594
0 0.884418 0.380692 0.0721369 0.0387667 0.784963
0 0.498778 0.27897 0.0760153 0.03749 0.399105
0 0.728409 0.606019 0.0994349 0.0541924 0.385567
0 0.719731 0.61544 0.0777271 0.0308487 0.341832
0 0.883167 0.379107 0.0785076 0.039439 0.774556
0 0.349487 0.568327 0.0774065 0.0412685 0.628785
0 0.49715 0.278397 0.0864244 0.0377018 0.618386
0 0.726724 0.614513 0.104752 0.0344316 0.609533
0 0.344131 0.417222 0.0999704 0.0366413 0.334091
0 0.294753 0.419055 0.50679 0.141039 0.33312
0 0.72239 0.601497 0.122547 0.0630149 0.171188
0 0.352405 0.568203 0.0761937 0.0371989 0.412611
0 0.3455 0.418932 0.096676 0.0352692 0.324429
0 0.886725 0.38064 0.0727312 0.03745 0.318971
0 0.728406 0.616643 0.105302 0.0315455 0.286437
0 0.499269 0.279348 0.0860199 0.0357081 0.242913
0 0.415415 0.420814 0.267818 0.159372 0.907452
0 0.88681 0.379035 0.0771417 0.0383805 0.779676
0 0.498269 0.277542 0.0846287 0.0359832 0.694954
0 0.726544 0.614776 0.106891 0.0349905 0.540735
0 0.349619 0.56707 0.0867651 0.0422778 0.459651
0 0.343238 0.416986 0.1029 0.0385303 0.398431
0 0.382286 0.569387 0.152989 0.0497498 0.348133
0 0.887823 0.380243 0.0727106 0.0306937 0.727551
0 0.499849 0.277714 0.078251 0.0313819 0.510445
0 0.344404 0.418784 0.0843781 0.0328067 0.39898
0 0.351298 0.565819 0.0843226 0.0328144 0.35777
0 0.728122 0.614862 0.0941169 0.0317605 0.255026
0 0.884221 0.38122 0.0858333 0.0359011 0.761706
0 0.498709 0.278559 0.0841525 0.0341089 0.710483
0 0.352506 0.569608 0.0910459 0.0408702 0.687388
0 0.726468 0.61693 0.100516 0.0334317 0.636894
0 0.345452 0.419415 0.101752 0.0351978 0.632668
0 0.190798 0.403893 0.212562 0.115445 0.135444
0 0.41389 0.402886 0.269527 0.131788 0.110563
0 0.884086 0.38045 0.0776711 0.0375897 0.708516
0 0.34967 0.567876 0.0786437 0.0401185 0.634659
0 0.497629 0.278493 0.0817919 0.03773 0.584734
0 0.725038 0.615999 0.0956729 0.0354994 0.437476
0 0.340471 0.41946 0.0908901 0.0375195 0.430234
0 0.35149 0.568757 0.0836073 0.0408311 0.863421
0 0.880745 0.38092 0.0886497 0.0357281 0.82709
0 0.497624 0.278284 0.086241 0.0381581 0.819097
0 0.725823 0.616364 0.10286 0.0348612 0.665533
0 0.342625 0.419775 0.0998856 0.0358097 0.46943
0 0.380619 0.570914 0.151575 0.0480857 0.123178
0 0.350165 0.568933 0.0799107 0.0413532 0.911439
0 0.881817 0.379445 0.083551 0.0364735 0.850953
0 0.496518 0.27809 0.0823114 0.0359541 0.838489
0 0.725098 0.616544 0.0958606 0.0336824 0.639814
0 0.340808 0.419482 0.0913707 0.0338013 0.592468
0 0.180033 0.41354 0.26967 0.136944 0.191201
0 0.3487 0.568118 0.0763126 0.0436867 0.813556
0 0.495048 0.278087 0.0772295 0.0372952 0.755564
0 0.882075 0.37876 0.0783792 0.037908 0.678987
0 0.343456 0.41925 0.085152 0.0355296 0.611293
0 0.7263 0.616712 0.089496 0.0340616 0.416023
0 0.348685 0.568998 0.0805104 0.041197 0.850233
0 0.883526 0.378007 0.0801255 0.0368963 0.812308
0 0.49576 0.27881 0.0806095 0.0369798 0.794059
0 0.341269 0.419451 0.086094 0.0365901 0.79223
0 0.725627 0.616433 0.0933451 0.0343725 0.743389
0 0.876449 0.388009 0.10754 0.0590723 0.118255
0 0.882944 0.378577 0.0876031 0.0369506 0.518316
0 0.497945 0.277848 0.0877169 0.0365498 0.51589
0 0.351912 0.570369 0.0834531 0.0402015 0.441774
0 0.726165 0.616575 0.094703 0.0330492 0.417604
0 0.340002 0.419583 0.0885503 0.0353501 0.373376
0 0.498127 0.276542 0.0846986 0.0371833 0.780447
0 0.885414 0.378006 0.0806435 0.0388621 0.726563
0 0.352143 0.567362 0.0774748 0.0374596 0.725796
0 0.724035 0.616565 0.086965 0.0335873 0.69219
0 0.342248 0.419191 0.0811232 0.0351803 0.55812
0 0.496066 0.277273 0.0818618 0.0366922 0.804839
0 0.349436 0.567556 0.0756179 0.0386972 0.771972
0 0.724556 0.615861 0.0880794 0.0346381 0.7665
0 0.88291 0.377844 0.077845 0.0384708 0.697476
0 0.342484 0.418809 0.0822863 0.0365449 0.5234
0 0.498281 0.277048 0.0826623 0.0391335 0.811855
0 0.350859 0.566429 0.0773562 0.0382439 0.789336
0 0.729156 0.616241 0.0931274 0.0336935 0.750469
0 0.883647 0.37797 0.0769343 0.0395231 0.750351
0 0.497944 0.278384 0.0820516 0.0394752 0.748802
0 0.883527 0.379963 0.0775435 0.0371268 0.674714
0 0.351642 0.568394 0.0783836 0.0413204 0.647534
0 0.727789 0.61686 0.0913635 0.0338143 0.645631
0 0.342618 0.418939 0.0839334 0.0343368 0.384181
0 0.496875 0.27593 0.0834854 0.040085 0.873354
0 0.883814 0.378556 0.0777302 0.0367703 0.8637
0 0.351273 0.566684 0.0782238 0.0354086 0.850445
0 0.341953 0.417716 0.0756416 0.0337074 0.831078
0 0.723381 0.615576 0.0848691 0.0337393 0.80793
0 0.497041 0.27761 0.0841223 0.0386316 0.831038
0 0.349757 0.569254 0.0754808 0.040365 0.821046
0 0.341511 0.417642 0.0787127 0.0346704 0.807289
0 0.885029 0.378712 0.0768429 0.0359906 0.766602
0 0.7234 0.616095 0.0859435 0.0338583 0.750296
0 0.497867 0.277261 0.0797724 0.0382816 0.858601
0 0.350857 0.567221 0.0748141 0.0379753 0.797905
0 0.34323 0.417751 0.0800009 0.035989 0.787831
0 0.883925 0.37943 0.0772016 0.0353755 0.781887
0 0.726586 0.616258 0.0868393 0.0331078 0.757213
0 0.792003 0.543808 0.046828 0.0204109 0.402489
0 0.787606 0.50969 0.0519188 0.0229608 0.152717
0 0.711679 0.0627099 0.0421986 0.0193767 0.131163
0 0.496542 0.277927 0.0848425 0.0430894 0.844065
0 0.883007 0.379444 0.0772562 0.0370644 0.799554
0 0.350841 0.568107 0.0806709 0.0385027 0.783172
0 0.726622 0.617126 0.0897551 0.0338203 0.769201
0 0.343277 0.419043 0.083671 0.0335377 0.633751
0 0.882148 0.37959 0.0753309 0.0347946 0.720484
0 0.498251 0.279718 0.0813069 0.0388484 0.692415
0 0.727984 0.61652 0.0841355 0.0326732 0.659304
0 0.351897 0.570021 0.0738622 0.0403244 0.657135
0 0.344772 0.418801 0.0730731 0.0319986 0.619935
0 0.338483 0.418094 0.0893735 0.0346476 0.816038
0 0.35212 0.569508 0.0824115 0.0401551 0.788326
0 0.876768 0.37825 0.0821952 0.0387664 0.785496
0 0.497567 0.279276 0.0846051 0.0402285 0.769229
0 0.724529 0.616372 0.0913163 0.0339239 0.709948
0 0.713432 0.0615967 0.0420037 0.0183321 0.13112
0 0.881875 0.378034 0.080282 0.0371935 0.757436
0 0.340967 0.417556 0.0814059 0.034211 0.752991
0 0.353312 0.567672 0.0811885 0.0378554 0.737796
0 0.498245 0.278357 0.0807636 0.0363643 0.670612
0 0.724234 0.61612 0.0868114 0.0331093 0.544169
0 0.882433 0.378467 0.0755847 0.0383416 0.831086
0 0.352593 0.568267 0.0790473 0.0384743 0.820845
0 0.344412 0.418644 0.0779599 0.0350057 0.775465
0 0.499277 0.278861 0.0800278 0.0381962 0.720595
0 0.726939 0.616993 0.0841276 0.0330995 0.598777
0 0.881001 0.378512 0.0730499 0.0360799 0.835839
0 0.498282 0.278311 0.0787448 0.0358662 0.830878
0 0.346417 0.418089 0.0788252 0.034872 0.811985
0 0.351633 0.567233 0.0766318 0.0366083 0.80936
0 0.725766 0.616832 0.0864867 0.0327913 0.801792
0 0.500083 0.278465 0.082538 0.0367951 0.760451
0 0.881374 0.378579 0.0749195 0.0367222 0.731056
0 0.346152 0.418079 0.0812333 0.0353119 0.729384
0 0.351887 0.566911 0.0765833 0.0372665 0.718933
0 0.726612 0.616531 0.0903159 0.0337994 0.612716
0 0.498893 0.277592 0.0818732 0.0355164 0.827555
0 0.878453 0.377881 0.0789643 0.0365072 0.819505
0 0.35128 0.565986 0.0721922 0.0350401 0.779074
0 0.724447 0.616097 0.0882752 0.0327891 0.767307
0 0.344366 0.417721 0.0772224 0.0344053 0.766545
0 0.499058 0.277791 0.0821609 0.0359061 0.816254
0 0.88191 0.37875 0.0781795 0.0347194 0.790586
0 0.345551 0.418472 0.0778916 0.0344566 0.755825
0 0.726607 0.616485 0.0870593 0.0322667 0.738973
0 0.353282 0.566857 0.0764824 0.0338977 0.729495
0 0.87996 0.377248 0.0765248 0.036898 0.83298
0 0.49753 0.27847 0.0794943 0.0365605 0.82272
0 0.345147 0.418147 0.0786301 0.0351023 0.816475
0 0.351307 0.56759 0.0763365 0.0361447 0.798293
0 0.727185 0.616293 0.0854765 0.0327801 0.753763
0 0.345565 0.418305 0.0801641 0.0351965 0.813622
0 0.352828 0.569488 0.0773711 0.0395265 0.769903
0 0.497652 0.278697 0.0780579 0.0372103 0.757439
0 0.880826 0.376936 0.0799964 0.0378437 0.750956
0 0.724792 0.616547 0.0833035 0.0318937 0.344201
0 0.345562 0.418322 0.0844814 0.0359631 0.839199
0 0.353196 0.568338 0.0784349 0.0383545 0.81696
0 0.498059 0.27803 0.0808619 0.0364366 0.8169
0 0.878901 0.377745 0.0851005 0.0379775 0.799686
0 0.724651 0.616644 0.0877817 0.0328689 0.625512
0 0.793587 0.544846 0.0481181 0.0182873 0.114929
0 0.496963 0.277127 0.0818864 0.0359399 0.7583
0 0.342742 0.417807 0.0833439 0.0358474 0.758176
0 0.351127 0.567634 0.0769093 0.0379595 0.749099
0 0.876129 0.377189 0.0838922 0.0381898 0.722819
0 0.721281 0.616038 0.0867621 0.0337412 0.63741
0 0.498972 0.278731 0.0874118 0.0371254 0.811132
0 0.351896 0.566843 0.075851 0.0348414 0.774179
0 0.878549 0.378006 0.0846847 0.0360578 0.772372
0 0.725152 0.616518 0.0922946 0.0329701 0.477515
0 0.345136 0.417939 0.0828829 0.0339533 0.416249
0 0.498097 0.279164 0.0855706 0.0367426 0.811243
0 0.877799 0.378603 0.0842174 0.0352165 0.786319
0 0.351655 0.567699 0.0753623 0.035697 0.784519
0 0.344603 0.418156 0.0817052 0.0349701 0.769701
0 0.723713 0.616232 0.0863782 0.0319914 0.738308
0 0.499095 0.278435 0.0827984 0.0393394 0.840878
0 0.72534 0.616622 0.0799663 0.032736 0.833875
0 0.343522 0.418211 0.0787861 0.0355381 0.830341
0 0.879245 0.378167 0.0813053 0.0370612 0.804009
0 0.353821 0.568047 0.0773018 0.0377569 0.784211
0 0.792705 0.543426 0.0454521 0.0188203 0.168946
0 0.343388 0.417979 0.0810375 0.0352198 0.820202
0 0.352608 0.567944 0.0740611 0.0374576 0.805355
0 0.877733 0.378424 0.0863881 0.0381277 0.79037
0 0.72554 0.616524 0.0802758 0.0324053 0.526458
0 0.498799 0.277331 0.081268 0.0372272 0.137393
0 0.498925 0.275946 0.0823717 0.0399459 0.854997
0 0.343357 0.417736 0.0765699 0.0339148 0.824666
0 0.726899 0.616426 0.0792273 0.0316908 0.80886
0 0.35167 0.566908 0.0694665 0.034355 0.802621
0 0.881185 0.377544 0.0795754 0.038063 0.801981
0 0.792251 0.54296 0.0490602 0.0184572 0.575926
0 0.498101 0.277309 0.0842241 0.0396578 0.825179
0 0.343972 0.418172 0.0799941 0.0347489 0.78545
0 0.727083 0.616551 0.08386 0.0321039 0.784538
0 0.352218 0.567917 0.0719795 0.0361037 0.76254
0 0.877512 0.378418 0.0881446 0.0394207 0.726291
0 0.792951 0.542927 0.0521429 0.0194125 0.372063
0 0.498058 0.275824 0.0844481 0.0390912 0.865981
0 0.352666 0.568077 0.0696351 0.0350428 0.838842
0 0.879951 0.377579 0.0884301 0.0399029 0.829527
0 0.345649 0.418437 0.0801756 0.0347069 0.825082
0 0.726522 0.616621 0.0809388 0.032153 0.809486
0 0.499022 0.27703 0.0849785 0.0410795 0.760219
0 0.343468 0.419275 0.0790015 0.036104 0.754272
0 0.352736 0.570917 0.0724749 0.0397816 0.733067
0 0.877878 0.378297 0.0888737 0.0409164 0.718899
0 0.724544 0.616786 0.0784476 0.0326931 0.710816
0 0.878877 0.378017 0.0873847 0.0380732 0.816339
0 0.499273 0.275049 0.0819533 0.0400475 0.791057
0 0.343395 0.418038 0.0794975 0.0344563 0.785699
0 0.352801 0.567715 0.0719161 0.0353281 0.744648
0 0.723157 0.616318 0.0788787 0.0309527 0.688253
0 0.879108 0.379133 0.0863776 0.0368834 0.842927
0 0.499358 0.277619 0.0804971 0.0360952 0.826347
0 0.342144 0.418345 0.0775824 0.0348991 0.787034
0 0.353281 0.568854 0.0733493 0.0345253 0.702751
0 0.723826 0.616809 0.076704 0.0311089 0.651199
0 0.794127 0.543485 0.0473438 0.0180594 0.205406
0 0.877605 0.378166 0.0904699 0.0416736 0.826163
0 0.353242 0.570493 0.0782391 0.0395765 0.771504
0 0.339257 0.418489 0.0899949 0.0367306 0.761213
0 0.721084 0.615797 0.0845141 0.0329559 0.601584
0 0.500084 0.274727 0.0845422 0.0433335 0.572268
0 0.794424 0.543164 0.0457247 0.0182496 0.12461
0 0.880778 0.3782 0.0833251 0.0397179 0.798814
0 0.352168 0.570578 0.071229 0.0367395 0.790337
0 0.345089 0.418563 0.0775583 0.0350073 0.777213
0 0.498342 0.276799 0.0818744 0.0402333 0.717413
0 0.724832 0.616408 0.0769537 0.0316812 0.208856
0 0.497525 0.277508 0.0854743 0.0407658 0.812138
0 0.351794 0.570649 0.0766401 0.0399311 0.797324
0 0.344781 0.417772 0.0811979 0.0360067 0.783333
0 0.880622 0.378593 0.085366 0.0388487 0.763277
0 0.72279 0.615749 0.0877397 0.0337977 0.666831
0 0.796046 0.54243 0.0484643 0.0211788 0.332096
0 0.497569 0.277249 0.0807565 0.0375076 0.783752
0 0.352196 0.570251 0.0732981 0.038835 0.781438
0 0.343117 0.417493 0.0776016 0.0345915 0.772458
0 0.880896 0.378746 0.0774913 0.0363698 0.768279
0 0.72307 0.615964 0.0797325 0.0319542 0.735385
0 0.793083 0.544289 0.0459679 0.0185019 0.432429
0 0.712442 0.0626666 0.0416873 0.0197882 0.195691
0 0.498822 0.276692 0.0804744 0.0364249 0.807231
0 0.344314 0.417609 0.077452 0.0349096 0.794467
0 0.883201 0.378901 0.0827542 0.0383108 0.786901
0 0.354364 0.568082 0.0722634 0.0348601 0.779298
0 0.724835 0.616173 0.0788363 0.0317767 0.748892
0 0.34266 0.418132 0.0745624 0.0356499 0.793683
0 0.497995 0.27722 0.0801203 0.0366509 0.789348
0 0.352986 0.568265 0.0724633 0.03508 0.78155
0 0.88131 0.379154 0.0843448 0.0393109 0.767096
0 0.723044 0.616374 0.077884 0.0320244 0.755775
0 0.497604 0.277583 0.0876236 0.0391409 0.810536
0 0.352441 0.567458 0.0746088 0.0350204 0.807522
0 0.884668 0.378233 0.0818596 0.0398149 0.804571
0 0.725166 0.616035 0.0830749 0.0326309 0.80441
0 0.344164 0.4178 0.0753452 0.0359133 0.800663
0 0.791601 0.543011 0.0438474 0.0177834 0.45603
0 0.352477 0.568983 0.0745994 0.0369248 0.800847
0 0.497072 0.277801 0.0882758 0.0407476 0.798875
0 0.722475 0.616188 0.0858767 0.0327228 0.795104
0 0.343155 0.417874 0.0766023 0.0357001 0.786871
0 0.883723 0.378213 0.0844758 0.0408106 0.77473
0 0.790741 0.543409 0.0451732 0.0182913 0.344987
0 0.885425 0.379044 0.0809532 0.0385252 0.848617
0 0.35363 0.567888 0.0729294 0.0354242 0.848139
0 0.499402 0.277239 0.0850751 0.0377079 0.819713
0 0.723949 0.616309 0.0795548 0.0316168 0.814856
0 0.343667 0.418128 0.0756417 0.0345041 0.813647
0 0.79044 0.544344 0.0436777 0.0186101 0.235532
0 0.884357 0.379012 0.083395 0.0405985 0.807531
0 0.352954 0.567211 0.0752056 0.0381427 0.799776
0 0.722253 0.616611 0.0811741 0.0318814 0.764595
0 0.499073 0.276081 0.0863649 0.0390855 0.763393
0 0.342373 0.418952 0.0756382 0.0349578 0.744738
0 0.790252 0.54408 0.0450937 0.0197892 0.311277
0 0.883198 0.378335 0.0838222 0.0411739 0.844383
0 0.353 0.567522 0.0730265 0.03471 0.826119
0 0.721792 0.615938 0.0808531 0.0319253 0.814822
0 0.499584 0.275115 0.0851814 0.0392353 0.539942
0 0.791774 0.543442 0.045466 0.0191588 0.493299
0 0.342895 0.419263 0.0731471 0.0336231 0.455072
0 0.499396 0.276414 0.0838751 0.0371111 0.808752
0 0.723136 0.616342 0.0845345 0.0325121 0.805305
0 0.883848 0.379218 0.0849224 0.0408483 0.804563
0 0.354046 0.568303 0.0724756 0.0347921 0.790199
0 0.343545 0.419301 0.077582 0.0357478 0.593977
0 0.792276 0.54354 0.049814 0.0199242 0.547635
0 0.880465 0.378805 0.0816159 0.0383056 0.835115
0 0.720227 0.615909 0.0806445 0.0315481 0.822506
0 0.354495 0.567321 0.071579 0.0331089 0.797267
0 0.498698 0.275639 0.0819207 0.0386538 0.784598
0 0.34207 0.419021 0.0785359 0.0347787 0.686996
0 0.790724 0.543541 0.0460702 0.0175313 0.208889
0 0.497937 0.275752 0.0838656 0.0389769 0.848169
0 0.882524 0.378508 0.078112 0.0370112 0.811007
0 0.722321 0.615854 0.0808102 0.0313525 0.785695
0 0.355174 0.566665 0.0722613 0.0336409 0.771756
0 0.344084 0.418523 0.0765935 0.0334671 0.729038
0 0.790752 0.543188 0.0443122 0.0167841 0.355461
0 0.496592 0.277338 0.0902935 0.0440097 0.855362
0 0.344516 0.418351 0.0837865 0.0362118 0.82303
0 0.353625 0.568397 0.0750243 0.0369382 0.817927
0 0.72301 0.615935 0.0861911 0.0335693 0.805326
0 0.883498 0.378583 0.0810723 0.0402389 0.789922
0 0.791247 0.543214 0.0496902 0.0194361 0.120394
0 0.497279 0.277583 0.0847466 0.039826 0.83466
0 0.35439 0.567544 0.0709333 0.0343453 0.806789
0 0.345027 0.418037 0.0793091 0.0349831 0.799574
0 0.884051 0.378262 0.0762389 0.0367908 0.795335
0 0.723917 0.615776 0.0805582 0.0326962 0.784997
0 0.884801 0.379019 0.0760157 0.0374081 0.848893
0 0.722631 0.616523 0.0795154 0.0335678 0.834604
0 0.496256 0.279735 0.0874302 0.0398276 0.832535
0 0.353562 0.568984 0.0753971 0.036524 0.814053
0 0.342515 0.418626 0.0805032 0.0351693 0.809766
0 0.790946 0.543089 0.0461744 0.018758 0.195961
0 0.885027 0.378817 0.0755989 0.0381672 0.826008
0 0.721986 0.616113 0.0785648 0.0336121 0.818348
0 0.496642 0.279644 0.0852621 0.0384458 0.806914
0 0.343383 0.41814 0.0790568 0.0359007 0.805798
0 0.354476 0.568192 0.0723688 0.0354915 0.770001
0 0.496349 0.278765 0.0825382 0.0377713 0.843188
0 0.7193 0.615937 0.0803716 0.032787 0.841575
0 0.882644 0.379094 0.0747875 0.0366692 0.829644
0 0.342699 0.417997 0.0780262 0.0334921 0.814768
0 0.35483 0.568326 0.070914 0.0344546 0.806863
0 0.496929 0.278982 0.084987 0.0384195 0.823832
0 0.719655 0.61631 0.0837015 0.0330612 0.82083
0 0.883032 0.379434 0.0786779 0.0382112 0.796199
0 0.34327 0.418359 0.0782608 0.0335793 0.77604
0 0.355226 0.569082 0.0712829 0.0351482 0.767573
0 0.49704 0.277644 0.0882975 0.0421493 0.852958
0 0.720925 0.615991 0.0796621 0.0332847 0.837498
0 0.88087 0.378767 0.079133 0.0388633 0.812761
0 0.353935 0.568569 0.0704318 0.0360891 0.809254
0 0.34181 0.418107 0.077671 0.0348532 0.804678
0 0.497218 0.278815 0.0880434 0.0392565 0.839158
0 0.722588 0.616318 0.077689 0.0329899 0.831782
0 0.342661 0.4183 0.0779835 0.0346878 0.808672
0 0.353203 0.568714 0.0709413 0.0353068 0.803746
0 0.882275 0.379073 0.0786315 0.038165 0.796371
0 0.497062 0.277116 0.0849127 0.0386728 0.86065
0 0.723146 0.616022 0.080082 0.0331674 0.843606
0 0.352703 0.569016 0.0725475 0.0373357 0.842355
0 0.342093 0.418056 0.082785 0.0354385 0.830135
0 0.879499 0.378218 0.0818055 0.0402084 0.795741
0 0.341744 0.418316 0.0785971 0.0355477 0.829482
0 0.497472 0.277638 0.0812837 0.0371559 0.823559
0 0.724699 0.616378 0.0763402 0.0326831 0.80742
0 0.352891 0.56899 0.0695802 0.0363826 0.794573
0 0.88104 0.378383 0.0766287 0.038664 0.773624
0 0.497498 0.276439 0.087373 0.0376178 0.842188
0 0.341815 0.418117 0.0834902 0.0353072 0.822041
0 0.722391 0.615845 0.0862777 0.0330752 0.81163
0 0.35355 0.567345 0.074088 0.0348787 0.769899
0 0.878786 0.378317 0.0864425 0.0388177 0.757791
0 0.498655 0.277168 0.0867665 0.0388966 0.857135
0 0.341808 0.418482 0.0823093 0.0362608 0.844423
0 0.723549 0.616348 0.083322 0.0339096 0.838451
0 0.882615 0.378469 0.0816008 0.0402567 0.797141
0 0.35449 0.567534 0.073848 0.0354722 0.795042
0 0.498013 0.277346 0.0879511 0.039215 0.823396
0 0.339285 0.418308 0.0837452 0.0357976 0.806146
0 0.721355 0.61628 0.0855873 0.0340752 0.794659
0 0.881362 0.377939 0.0756446 0.0387056 0.752196
0 0.35346 0.568551 0.0745869 0.0365261 0.738298
0 0.498475 0.277564 0.0868821 0.0377175 0.888285
0 0.342689 0.418041 0.0796648 0.034847 0.876143
0 0.723151 0.615826 0.0842227 0.033364 0.874077
0 0.883489 0.379012 0.076946 0.0359963 0.867613
0 0.354693 0.567695 0.0728649 0.0341812 0.831273
0 0.498593 0.278472 0.0883772 0.0396075 0.87132
0 0.723014 0.615797 0.0826025 0.0338224 0.864854
0 0.342837 0.418494 0.0787388 0.0365143 0.862082
0 0.88336 0.378949 0.0793847 0.0383946 0.857699
0 0.353724 0.568154 0.0740177 0.0362781 0.817619
0 0.498576 0.27909 0.0902964 0.0410013 0.862365
0 0.882944 0.379098 0.0822073 0.039355 0.852009
0 0.722533 0.616064 0.0840911 0.0339435 0.850675
0 0.342212 0.418819 0.0823072 0.0371699 0.846395
0 0.35358 0.56835 0.0735371 0.0362996 0.818426
0 0.882915 0.379119 0.0811687 0.0378767 0.822274
0 0.498145 0.278084 0.0862527 0.0380144 0.815217
0 0.343203 0.418517 0.0776805 0.035428 0.812513
0 0.722995 0.615754 0.0829327 0.0324949 0.809811
0 0.354081 0.567016 0.0693942 0.0337468 0.763718
0 0.882456 0.378766 0.0827693 0.039114 0.853657
0 0.34276 0.418336 0.0817868 0.0368584 0.852942
0 0.722724 0.615737 0.0839727 0.0332003 0.828154
0 0.498314 0.277344 0.0879707 0.0408509 0.815672
0 0.354506 0.566637 0.0713077 0.0350847 0.777426
0 0.343488 0.418144 0.0761103 0.0342871 0.843341
0 0.883814 0.379117 0.0773647 0.0359964 0.841903
0 0.724357 0.615937 0.0772352 0.0313328 0.822889
0 0.498203 0.277513 0.0837964 0.0366868 0.797738
0 0.35507 0.566985 0.0700776 0.0325041 0.77767
0 0.342714 0.417972 0.0780925 0.0355535 0.851796
0 0.882224 0.378644 0.0807387 0.0384187 0.843318
0 0.722883 0.615599 0.0786928 0.0324259 0.83305
0 0.496752 0.27749 0.0863187 0.0383112 0.81685
0 0.35446 0.567678 0.0745098 0.0355652 0.777675
0 0.34261 0.418173 0.0765236 0.0351133 0.828739
0 0.495935 0.277445 0.0857114 0.0397862 0.8256
0 0.722058 0.615817 0.0789659 0.0328045 0.813099
0 0.883316 0.379058 0.0782537 0.0397899 0.804719
0 0.35359 0.5686 0.0731952 0.036359 0.763669
0 0.34226 0.418582 0.0752076 0.0348035 0.862745
0 0.721802 0.616348 0.0789628 0.0325686 0.852471
0 0.497589 0.277918 0.0862341 0.0392131 0.847839
0 0.883087 0.37974 0.0783739 0.0392832 0.846281
0 0.354541 0.568658 0.0717094 0.0365984 0.793254
0 0.342042 0.417977 0.0765186 0.0349119 0.869271
0 0.721489 0.615653 0.0817889 0.0328022 0.86188
0 0.497879 0.277218 0.0875501 0.0389037 0.848386
0 0.881506 0.378416 0.0801301 0.0403277 0.839582
0 0.354257 0.567997 0.0716832 0.0373068 0.783625
0 0.342653 0.417936 0.0752496 0.0340097 0.85755
0 0.722 0.61582 0.0798177 0.0316617 0.853359
0 0.882346 0.379018 0.076123 0.0382117 0.843622
0 0.497813 0.27765 0.0867801 0.0377015 0.839508
0 0.354824 0.567499 0.0719801 0.0337348 0.777528
0 0.79057 0.543032 0.0443003 0.0182806 0.145783
0 0.72151 0.616008 0.082775 0.0322499 0.805594
0 0.496991 0.27834 0.0926486 0.0395561 0.802004
0 0.343065 0.418438 0.0772568 0.0349819 0.801961
0 0.881084 0.379077 0.0797506 0.0398262 0.792475
0 0.352625 0.568454 0.0754466 0.0351604 0.776539
0 0.722291 0.616066 0.0800518 0.0324337 0.80232
0 0.498286 0.277566 0.0878739 0.040448 0.7987
0 0.353439 0.568468 0.0746977 0.0343601 0.790873
0 0.881799 0.378876 0.0788153 0.039866 0.790669
0 0.343624 0.418674 0.0739194 0.0343603 0.757666
0 0.499007 0.27667 0.0907179 0.0430212 0.838169
0 0.721527 0.616134 0.0828725 0.0335795 0.829122
0 0.354083 0.568468 0.0732469 0.0360394 0.823616
0 0.881928 0.378782 0.0807387 0.0403874 0.821857
0 0.342722 0.418381 0.0745921 0.0348238 0.732686
0 0.790407 0.543234 0.0458836 0.0184822 0.189813
0 0.498546 0.275871 0.0918488 0.0425546 0.806215
0 0.72107 0.616311 0.083066 0.0325872 0.797378
0 0.354689 0.568126 0.0741835 0.035028 0.794905
0 0.880013 0.37883 0.0827727 0.0406197 0.789386
0 0.341715 0.418986 0.0758756 0.0340397 0.322223
0 0.790422 0.54371 0.0424993 0.0173553 0.251156
0 0.497897 0.276928 0.0879699 0.0418594 0.871958
0 0.881385 0.379542 0.0795647 0.0405246 0.856804
0 0.355951 0.568459 0.0734197 0.0362077 0.856026
0 0.723212 0.616631 0.0802007 0.0325847 0.855911
0 0.343144 0.418738 0.0720862 0.0348229 0.727031
0 0.791348 0.543519 0.0410654 0.0173308 0.563016
0 0.722216 0.616732 0.0837465 0.0330488 0.835398
0 0.354915 0.568752 0.0770791 0.0376396 0.820101
0 0.497546 0.275655 0.0927346 0.0456779 0.81439
0 0.876202 0.37909 0.0865572 0.040982 0.803571
0 0.79056 0.542904 0.0440822 0.0184108 0.496812
0 0.343124 0.419065 0.0793669 0.0363534 0.300855
0 0.723395 0.616487 0.078512 0.031409 0.844425
0 0.498171 0.27677 0.0880673 0.0402526 0.819122
0 0.879868 0.378997 0.0787455 0.0379269 0.81071
0 0.355238 0.568696 0.0719435 0.0352491 0.787114
0 0.342989 0.418567 0.0725018 0.0339333 0.331202
0 0.791097 0.542687 0.0423208 0.017305 0.13596
0 0.721449 0.616133 0.0819258 0.032159 0.867838
0 0.497601 0.277229 0.0875029 0.0407127 0.856974
0 0.88101 0.378843 0.0828634 0.0387249 0.85121
0 0.355311 0.568837 0.0729118 0.0368315 0.831996
0 0.341704 0.418027 0.0736235 0.0341771 0.745448
0 0.497618 0.277337 0.0896336 0.0420398 0.811486
0 0.720216 0.615917 0.0853836 0.0325618 0.802339
0 0.880879 0.378677 0.0889154 0.0401103 0.789552
0 0.355797 0.569412 0.0777105 0.0366107 0.785366
0 0.340977 0.417931 0.0758493 0.0342047 0.682579
0 0.497063 0.277199 0.0894506 0.0409757 0.821864
0 0.720807 0.616076 0.0850988 0.0330414 0.813574
0 0.883445 0.378709 0.0848892 0.0405583 0.807157
0 0.354483 0.568731 0.0736833 0.0346565 0.795782
0 0.342779 0.418483 0.0733815 0.0345349 0.670997
0 0.496654 0.276872 0.0869757 0.0400024 0.837573
0 0.72051 0.615537 0.0834928 0.0328002 0.825693
0 0.35476 0.56814 0.0740882 0.0344185 0.816786
0 0.882589 0.3785 0.0843926 0.0410268 0.815794
0 0.341518 0.417802 0.0749581 0.0347159 0.722242
0 0.792611 0.543239 0.0431084 0.0193079 0.114911
0 0.722259 0.615871 0.0817651 0.0322469 0.839616
0 0.497436 0.278577 0.0831861 0.0390456 0.829961
0 0.883863 0.379256 0.0807642 0.0396874 0.828032
0 0.355547 0.568501 0.0725548 0.0338795 0.820399
0 0.343435 0.418334 0.0751977 0.033823 0.778088
0 0.882397 0.378893 0.0808845 0.0410616 0.85786
0 0.496525 0.278216 0.0819216 0.0393367 0.851195
0 0.719874 0.615745 0.0809923 0.0335054 0.850053
0 0.355763 0.568081 0.0733794 0.0361519 0.8442
0 0.341213 0.417713 0.0767009 0.0351959 0.773465
0 0.790594 0.542943 0.0449321 0.0194933 0.195203
0 0.720001 0.616118 0.0822557 0.0336062 0.82319
0 0.496263 0.278085 0.0836665 0.0394148 0.819902
0 0.355805 0.568486 0.0750924 0.0363184 0.812813
0 0.88232 0.379442 0.0813992 0.0405312 0.812574
0 0.34123 0.41819 0.0779724 0.035405 0.722771
0 0.79095 0.542687 0.0462595 0.0196341 0.130645
0 0.496825 0.277518 0.0855941 0.037698 0.875592
0 0.721462 0.616123 0.0853631 0.0327113 0.867445
0 0.883581 0.379097 0.084019 0.0388865 0.859934
0 0.355068 0.568425 0.0757313 0.0349836 0.846276
0 0.342309 0.417972 0.0793149 0.0345535 0.737591
0 0.791075 0.542565 0.0452815 0.0182105 0.171385
0 0.495097 0.277553 0.0862034 0.0395293 0.859438
0 0.720495 0.6159 0.0834818 0.0333567 0.842017
0 0.881301 0.37882 0.085259 0.0407929 0.831347
0 0.353681 0.56819 0.074896 0.0361313 0.815195
0 0.340072 0.418102 0.0793489 0.0365117 0.717645
0 0.497014 0.27723 0.0855986 0.0388413 0.833541
0 0.721918 0.615692 0.0814461 0.0326079 0.826289
0 0.882381 0.379224 0.081856 0.0398914 0.799884
0 0.354534 0.567979 0.0733203 0.0348484 0.787961
0 0.341299 0.417712 0.0745889 0.0346954 0.589538
0 0.790706 0.542413 0.0442162 0.0176128 0.245365
0 0.721809 0.61568 0.0851169 0.0329035 0.861968
0 0.497577 0.277774 0.0897048 0.0395393 0.857081
0 0.88239 0.379093 0.0844253 0.0405608 0.840572
0 0.35478 0.567618 0.074207 0.0345425 0.836058
0 0.342692 0.417723 0.0777323 0.0346833 0.584139
0 0.79095 0.542412 0.0453026 0.0174351 0.251951
0 0.720272 0.615772 0.0831212 0.0327044 0.83008
0 0.497113 0.277197 0.0897247 0.0413302 0.825099
0 0.880714 0.378642 0.0840837 0.0408837 0.809026
0 0.354318 0.567948 0.0732727 0.0348161 0.79147
0 0.341346 0.417679 0.0755732 0.0344194 0.665173
0 0.791097 0.542659 0.0442623 0.0171905 0.178633
0 0.498339 0.277329 0.0910168 0.0430047 0.855323
0 0.721804 0.615887 0.082784 0.0331176 0.851525
0 0.883317 0.378872 0.082826 0.0412123 0.847348
0 0.356207 0.567854 0.074855 0.0350977 0.80656
0 0.343201 0.41789 0.0758372 0.0348511 0.677676
0 0.719606 0.615808 0.081552 0.0328105 0.85845
0 0.881716 0.379262 0.0819248 0.0392389 0.855474
0 0.496227 0.277494 0.0909702 0.0406978 0.85105
0 0.355422 0.568295 0.0754926 0.0350779 0.82414
0 0.340356 0.418164 0.0756677 0.0340483 0.65264
0 0.720459 0.615747 0.0817751 0.032548 0.85132
0 0.496571 0.276773 0.0916661 0.0415642 0.85114
0 0.882673 0.378983 0.0809244 0.0397215 0.839114
0 0.35558 0.568087 0.0754335 0.034971 0.82431
0 0.341574 0.418188 0.0761039 0.0344343 0.603208
0 0.496899 0.277282 0.0889273 0.0391065 0.8692
0 0.72108 0.615712 0.0806381 0.0318186 0.851468
0 0.881665 0.379043 0.0774862 0.0387361 0.841758
0 0.354572 0.568295 0.0717065 0.0342339 0.839463
0 0.34144 0.418232 0.0760133 0.0343454 0.689329
0 0.497947 0.277705 0.087724 0.0395484 0.868155
0 0.7224 0.615806 0.0816576 0.0323254 0.86285
0 0.882193 0.379387 0.0754097 0.0393916 0.848093
0 0.354155 0.568808 0.0723225 0.0350618 0.840855
0 0.341785 0.418076 0.0772593 0.0352524 0.818459
