0 0.488492 0.555649 0.0397151 0.0771062 0.731164
0 0.287707 0.744135 0.0509826 0.0994464 0.619504
0 0.54307 0.118972 0.0406226 0.0781996 0.469803
0 0.360562 0.305842 0.042988 0.098719 0.410735
0 0.629445 0.438179 0.0447184 0.0791929 0.261326
0 0.546311 0.761594 0.0264798 0.049118 0.166535
0 0.406025 0.708523 0.0206943 0.0536108 0.148235
0 0.276705 0.773528 0.0429415 0.084609 0.12571
0 0.967377 0.333186 0.0227582 0.0563682 0.107371
0 0.486184 0.603467 0.0532916 0.1697 0.10599
0 0.949595 0.075557 0.0225242 0.0844514 0.10085
0 0.463638 0.814444 0.0237612 0.0476068 0.10026
0 0.543606 0.119883 0.0415617 0.0840199 0.915818
0 0.288062 0.748514 0.052334 0.112189 0.865599
0 0.359838 0.306377 0.0470999 0.104517 0.632158
0 0.629242 0.43864 0.0450374 0.0872224 0.569753
0 0.486369 0.555963 0.0425588 0.0800068 0.291233
0 0.485836 0.603762 0.0515381 0.174051 0.190596
0 0.52182 0.342406 0.0311826 0.0956186 0.17169
0 0.426358 0.880782 0.0281435 0.0849095 0.157796
0 0.433319 0.324866 0.0230147 0.0460939 0.142412
0 0.98855 0.132229 0.0208532 0.0819211 0.112541
0 0.289617 0.758691 0.0573572 0.131341 0.537012
0 0.543228 0.119892 0.0443662 0.0915869 0.286881
0 0.485632 0.599277 0.0563323 0.169955 0.257549
0 0.36219 0.312602 0.0433225 0.114163 0.234496
0 0.630212 0.442159 0.0465584 0.088164 0.22568
0 0.363197 0.313457 0.0427272 0.112679 0.738797
0 0.54247 0.119387 0.0400847 0.086906 0.576663
0 0.287518 0.746797 0.0489445 0.106697 0.568628
0 0.630295 0.43801 0.0442474 0.0834705 0.552788
0 0.485325 0.591951 0.0564096 0.169748 0.300717
0 0.620117 0.515425 0.0206888 0.0456722 0.184274
0 0.52116 0.336786 0.0362262 0.106765 0.147249
0 0.365544 0.551742 0.0351699 0.0926815 0.123814
0 0.630054 0.438207 0.046568 0.0866863 0.94687
0 0.36072 0.312162 0.0514825 0.121931 0.925409
0 0.541853 0.117999 0.0425344 0.0834494 0.898316
0 0.287011 0.743492 0.0530567 0.108463 0.886953
0 0.359357 0.548813 0.0497096 0.100639 0.599927
0 0.486867 0.599356 0.0600088 0.172349 0.541983
0 0.520852 0.33725 0.0405582 0.116994 0.401579
0 0.358882 0.77102 0.0539908 0.129993 0.378123
0 0.948886 0.0698836 0.0231501 0.11389 0.23922
0 0.555722 0.549549 0.0461721 0.156179 0.22733
0 0.442188 0.376951 0.0472536 0.152466 0.197966
0 0.493074 0.437497 0.0332797 0.101894 0.120254
0 0.360229 0.31472 0.0482798 0.126438 0.864109
0 0.542542 0.119975 0.0402024 0.0816712 0.828324
0 0.629989 0.43883 0.0442675 0.0842722 0.803977
0 0.285302 0.746519 0.0530953 0.110148 0.751478
0 0.486193 0.597368 0.0611398 0.180326 0.583992
0 0.364918 0.556568 0.0351829 0.083189 0.367312
0 0.35572 0.770236 0.0470679 0.130152 0.353276
0 0.521067 0.337893 0.0384122 0.113419 0.215984
0 0.555569 0.553279 0.0451815 0.160067 0.188749
0 0.360459 0.543488 0.051548 0.121878 0.147797
0 0.949466 0.0885851 0.0217621 0.072372 0.117806
0 0.629787 0.436326 0.04364 0.084569 0.600192
0 0.305409 0.83392 0.177393 0.332161 0.535741
0 0.542624 0.119679 0.0410687 0.0913931 0.51405
0 0.359465 0.31186 0.0508504 0.118726 0.436263
0 0.287002 0.743586 0.0500084 0.11267 0.334318
0 0.48773 0.573698 0.0560551 0.13731 0.244386
0 0.3602 0.538817 0.0529892 0.129 0.217727
0 0.520459 0.33417 0.0386195 0.116876 0.113715
0 0.357055 0.765183 0.0497573 0.136996 0.103181
0 0.543404 0.119627 0.0403797 0.0898614 0.982675
0 0.286719 0.743912 0.0520006 0.105981 0.963372
0 0.359887 0.312186 0.0536578 0.118452 0.961685
0 0.629194 0.440611 0.0433663 0.0823852 0.909402
0 0.488426 0.574627 0.0571659 0.134285 0.839357
0 0.361233 0.554135 0.0496495 0.0960128 0.584737
0 0.520363 0.335791 0.0405913 0.114396 0.44109
0 0.949592 0.0925752 0.024413 0.0633094 0.217484
0 0.525612 0.36643 0.0290511 0.0552951 0.152533
0 0.543218 0.117048 0.0380139 0.0839346 0.889892
0 0.360022 0.311546 0.0528631 0.126076 0.796136
0 0.286236 0.739553 0.0498823 0.105082 0.783685
0 0.629053 0.439679 0.0416294 0.0826044 0.750538
0 0.487798 0.574798 0.0567855 0.139577 0.683033
0 0.521287 0.357481 0.0379415 0.0631084 0.401554
0 0.361185 0.547517 0.0506304 0.109582 0.312226
0 0.988391 0.131919 0.0229833 0.0770282 0.123472
0 0.950139 0.0763147 0.0273709 0.0925046 0.106962
0 0.313025 0.82732 0.177335 0.34536 0.101637
0 0.541836 0.117325 0.0377281 0.0829409 0.784292
0 0.629388 0.440996 0.0400222 0.0842327 0.698696
0 0.285744 0.741326 0.0472059 0.10596 0.665554
0 0.360294 0.309226 0.0491306 0.122554 0.586123
0 0.487367 0.573496 0.0536238 0.133175 0.543271
0 0.525924 0.364999 0.0259695 0.0461515 0.409372
0 0.988468 0.132439 0.021519 0.0779039 0.394766
0 0.520567 0.336624 0.0379782 0.112371 0.316506
0 0.363742 0.553304 0.0382044 0.0868601 0.210835
0 0.493401 0.436478 0.0304914 0.0971113 0.196912
0 0.950428 0.0791192 0.0255385 0.0904568 0.160114
0 0.286212 0.744839 0.0530425 0.117632 0.914313
0 0.542276 0.11976 0.0395067 0.0880326 0.833703
0 0.62949 0.44058 0.0435403 0.0893521 0.783555
0 0.488403 0.592979 0.059946 0.184207 0.643006
0 0.360738 0.311825 0.0579563 0.132051 0.623846
0 0.359293 0.550397 0.0508846 0.10301 0.152387
0 0.287811 0.740165 0.0474369 0.103481 0.735661
0 0.542428 0.116937 0.0383233 0.0825483 0.616143
0 0.629776 0.435707 0.040646 0.0774135 0.499394
0 0.488309 0.561378 0.0498253 0.116037 0.356688
0 0.362669 0.310703 0.0514577 0.123397 0.279259
0 0.361008 0.313653 0.0549039 0.131912 0.660518
0 0.629546 0.437114 0.0416734 0.0834236 0.635706
0 0.285816 0.748439 0.0516601 0.122804 0.503749
0 0.542081 0.119888 0.0384961 0.0910619 0.496231
0 0.487351 0.586523 0.0599903 0.169722 0.434104
0 0.359652 0.54249 0.0530384 0.132933 0.354665
0 0.357653 0.772311 0.050828 0.139163 0.318651
0 0.520643 0.335573 0.0393374 0.116271 0.140837
0 0.987728 0.131343 0.0241767 0.0786215 0.12774
0 0.522105 0.359985 0.0339385 0.0616622 0.118204
0 0.493057 0.435453 0.0322987 0.0968681 0.10438
0 0.286287 0.745387 0.0490498 0.114289 0.820425
0 0.629498 0.438162 0.0389227 0.0811612 0.741357
0 0.542706 0.117904 0.0371523 0.0861219 0.674106
0 0.361198 0.313817 0.0520742 0.132579 0.635146
0 0.485078 0.562604 0.0512849 0.114735 0.579054
0 0.519802 0.33754 0.0382969 0.117367 0.108953
0 0.288214 0.74943 0.0535564 0.0969042 0.871589
0 0.489773 0.569188 0.0453148 0.108232 0.855641
0 0.543928 0.118742 0.0369494 0.0819204 0.756198
0 0.631259 0.438806 0.0426395 0.0798486 0.58449
0 0.360652 0.309911 0.0505481 0.112489 0.535175
0 0.358452 0.293041 0.0299185 0.0683156 0.22884
0 0.459301 0.764688 0.0359898 0.164515 0.148144
0 0.520859 0.338366 0.0321305 0.113551 0.126448
0 0.437731 0.375803 0.0442108 0.15286 0.11749
0 0.291077 0.747198 0.0590712 0.110096 0.867838
0 0.541187 0.116595 0.0395223 0.0867579 0.534075
0 0.630092 0.439724 0.0444962 0.0888655 0.321725
0 0.48713 0.563984 0.0523533 0.115078 0.251654
0 0.489274 0.529875 0.175929 0.452209 0.211461
0 0.494214 0.814191 0.182864 0.308794 0.112325
0 0.290707 0.746721 0.0575277 0.113803 0.57643
0 0.630156 0.442808 0.0452814 0.08765 0.354825
0 0.544116 0.117698 0.0387053 0.0787883 0.274863
0 0.517601 0.634099 0.110056 0.324473 0.178124
0 0.286643 0.750972 0.0622541 0.140113 0.750034
0 0.629193 0.438894 0.0453643 0.0887694 0.632379
0 0.542369 0.116135 0.0412775 0.0848131 0.457664
0 0.497642 0.650445 0.155166 0.343904 0.133214
0 0.524146 0.338944 0.029828 0.113421 0.130662
0 0.288187 0.73909 0.0574678 0.1081 0.721686
0 0.54235 0.116113 0.0401086 0.0790728 0.446968
0 0.487147 0.562702 0.0530924 0.119389 0.318221
0 0.630471 0.442837 0.0440145 0.0768981 0.305459
0 0.270637 0.941117 0.078826 0.117766 0.147479
0 0.360196 0.290864 0.0426394 0.0766999 0.13071
0 0.361717 0.543915 0.0517713 0.0916007 0.122852
0 0.288498 0.752307 0.0644933 0.137977 0.791579
0 0.630178 0.441843 0.0449895 0.0816468 0.746485
0 0.541427 0.117933 0.0395198 0.0821757 0.641184
0 0.361373 0.552675 0.0513363 0.100447 0.532707
0 0.361651 0.310658 0.0507258 0.118032 0.522391
0 0.27086 0.940639 0.0795311 0.118723 0.382896
0 0.489183 0.561327 0.0532357 0.114566 0.309445
0 0.524074 0.355667 0.0297958 0.0789573 0.246726
0 0.949047 0.0955708 0.0217392 0.0623984 0.183393
0 0.288021 0.744391 0.0564246 0.120222 0.672554
0 0.541784 0.118039 0.0390833 0.085089 0.558331
0 0.629058 0.439822 0.0433705 0.0901894 0.50229
0 0.487788 0.558179 0.0496803 0.116523 0.287505
0 0.359564 0.299671 0.0477049 0.101899 0.116691
0 0.360731 0.550952 0.0514392 0.104211 0.111139
0 0.288207 0.745654 0.0604307 0.119938 0.829424
0 0.542487 0.117811 0.0401278 0.0833605 0.821964
0 0.630148 0.440537 0.0444319 0.0872721 0.751699
0 0.361173 0.31047 0.0536618 0.122411 0.510545
0 0.489248 0.559353 0.0554844 0.116066 0.328854
0 0.360407 0.553111 0.0531651 0.10246 0.258323
0 0.351372 0.948254 0.073682 0.103491 0.122037
0 0.541977 0.116333 0.038352 0.0839386 0.865062
0 0.285588 0.744659 0.0622564 0.121994 0.840368
0 0.630763 0.439256 0.0411844 0.0851324 0.768584
0 0.360967 0.305486 0.0506857 0.10904 0.35091
0 0.359698 0.554736 0.0524549 0.0965559 0.289322
0 0.488548 0.558222 0.0531454 0.110636 0.124444
0 0.630206 0.438692 0.0390339 0.0859102 0.839565
0 0.541421 0.117222 0.0361865 0.0848686 0.806657
0 0.285913 0.743516 0.0598109 0.123956 0.744656
0 0.361393 0.310335 0.051844 0.130419 0.29541
0 0.360467 0.555516 0.0522076 0.0986611 0.188367
0 0.488478 0.560053 0.0532535 0.116404 0.11952
0 0.629174 0.438397 0.0405407 0.0846131 0.915926
0 0.285847 0.741418 0.0566133 0.111571 0.9083
0 0.542136 0.117868 0.0391212 0.0842919 0.866876
0 0.361383 0.311771 0.0505506 0.128082 0.723753
0 0.488125 0.557906 0.053359 0.115402 0.404017
0 0.359117 0.552685 0.052482 0.0980984 0.382608
0 0.270011 0.759142 0.0338649 0.13409 0.135594
0 0.62927 0.43849 0.0424812 0.0833448 0.692644
0 0.288121 0.744021 0.0606662 0.111689 0.605702
0 0.540911 0.116304 0.0391499 0.0812656 0.537485
0 0.361112 0.312827 0.0519513 0.12668 0.326676
0 0.488353 0.558513 0.0548296 0.114997 0.204194
0 0.35795 0.55452 0.0548504 0.0992014 0.107465
0 0.62969 0.437711 0.0391514 0.0813293 0.878421
0 0.541803 0.115726 0.0358524 0.0803337 0.851762
0 0.287167 0.739132 0.0534754 0.106766 0.775105
0 0.488197 0.561596 0.0531107 0.113927 0.224405
0 0.541705 0.115411 0.0366434 0.0778232 0.87613
0 0.628995 0.436925 0.0395824 0.077713 0.866688
0 0.286316 0.739473 0.0539697 0.107237 0.827039
0 0.487707 0.568974 0.0545147 0.121251 0.298703
0 0.542497 0.116226 0.0379425 0.0778842 0.910915
0 0.286726 0.738899 0.0544205 0.109785 0.872654
0 0.629265 0.436696 0.04085 0.0788831 0.817009
0 0.362716 0.309235 0.0517416 0.127088 0.122471
0 0.4884 0.564672 0.0540535 0.127565 0.115113
0 0.542555 0.117331 0.0372449 0.0793575 0.839199
0 0.28644 0.742128 0.0537877 0.109348 0.756234
0 0.629474 0.439649 0.0405701 0.0843048 0.702796
0 0.361718 0.313858 0.0496439 0.126517 0.184376
0 0.541703 0.116099 0.034943 0.0810017 0.9369
0 0.285813 0.739079 0.0491473 0.104 0.909983
0 0.628769 0.435755 0.040134 0.0855274 0.753232
0 0.488294 0.563606 0.0537782 0.122597 0.202857
0 0.541741 0.117285 0.0351137 0.080485 0.87309
0 0.62866 0.438681 0.0420418 0.0868407 0.847897
0 0.286228 0.741407 0.0505243 0.105016 0.780278
0 0.488597 0.564931 0.0527605 0.118054 0.533506
0 0.360128 0.312425 0.0470797 0.121798 0.21091
0 0.359948 0.554084 0.0465686 0.0880248 0.114414
0 0.542057 0.117001 0.0379622 0.0809684 0.846292
0 0.628909 0.438073 0.041459 0.0866212 0.822197
0 0.288582 0.74197 0.0497346 0.10925 0.779713
0 0.488723 0.561428 0.0520396 0.112799 0.763001
0 0.362017 0.309784 0.0447964 0.120006 0.688561
0 0.359844 0.55441 0.0501957 0.095809 0.448385
0 0.526528 0.357579 0.0229455 0.0611559 0.115957
0 0.628904 0.438461 0.0416862 0.0863301 0.866369
0 0.541693 0.116248 0.0379089 0.0849638 0.865089
0 0.286794 0.743525 0.0523371 0.114835 0.832873
0 0.487782 0.564225 0.0552475 0.121716 0.55774
0 0.361481 0.310087 0.0495058 0.121483 0.497402
0 0.542287 0.116388 0.0352352 0.0818793 0.810058
0 0.629492 0.438793 0.0384787 0.0866018 0.791074
0 0.288102 0.740206 0.0527261 0.112855 0.787301
0 0.487636 0.56408 0.0541898 0.122605 0.377662
0 0.362147 0.306574 0.044909 0.110863 0.338125
0 0.286597 0.741909 0.0569059 0.116184 0.85652
0 0.542139 0.116497 0.0365879 0.083897 0.848918
0 0.62896 0.439291 0.0392696 0.0882639 0.831049
0 0.360996 0.306135 0.0468406 0.108504 0.475377
0 0.487935 0.561249 0.053218 0.121621 0.30538
0 0.542751 0.117131 0.0384998 0.0813564 0.816265
0 0.629529 0.437571 0.0408881 0.0858267 0.80369
0 0.287167 0.739683 0.0556661 0.109556 0.782846
0 0.490081 0.558359 0.0457377 0.105596 0.257706
0 0.361985 0.294783 0.043689 0.085576 0.10149
0 0.542617 0.116488 0.0379223 0.0807637 0.868355
0 0.629127 0.439273 0.0396234 0.0850386 0.867108
0 0.286912 0.744173 0.0495766 0.114786 0.821077
0 0.488917 0.559241 0.045931 0.106257 0.296457
0 0.541948 0.117844 0.0363609 0.0796432 0.896575
0 0.6287 0.437685 0.0382031 0.0827443 0.836084
0 0.285799 0.744139 0.0488628 0.111656 0.814413
0 0.487013 0.56211 0.0500856 0.116697 0.775328
0 0.361802 0.306891 0.0468996 0.109814 0.605288
0 0.359316 0.552548 0.0510102 0.0944126 0.410722
0 0.286685 0.742303 0.0522813 0.112322 0.767028
0 0.542525 0.118896 0.0379372 0.0830459 0.757277
0 0.62901 0.437854 0.0402535 0.0820147 0.748992
0 0.487745 0.565393 0.0514158 0.123611 0.673796
0 0.363678 0.30851 0.0497216 0.114798 0.248296
0 0.285766 0.741698 0.0463505 0.108836 0.880133
0 0.541784 0.117491 0.0377063 0.0825609 0.864239
0 0.628081 0.437511 0.0388196 0.0815024 0.837745
0 0.487808 0.561393 0.0488501 0.112959 0.801197
0 0.362144 0.307564 0.0477913 0.114888 0.364113
0 0.542643 0.117758 0.0380198 0.0809531 0.85904
0 0.286821 0.743276 0.0469412 0.108893 0.853005
0 0.628747 0.438848 0.0396573 0.0842214 0.805875
0 0.488371 0.565803 0.0516028 0.121229 0.785416
0 0.365037 0.310183 0.0535831 0.121735 0.432176
0 0.36027 0.552257 0.050586 0.0924347 0.27421
0 0.542007 0.116463 0.0372625 0.0812247 0.882031
0 0.48871 0.565702 0.0502708 0.118848 0.853096
0 0.285958 0.743777 0.0496074 0.113824 0.835377
0 0.627966 0.437391 0.0391733 0.0880973 0.833938
0 0.364067 0.311357 0.0499666 0.127583 0.683949
0 0.360776 0.54997 0.0502266 0.0938424 0.195702
0 0.542323 0.116203 0.0373295 0.0803141 0.839135
0 0.488766 0.564459 0.0509312 0.114999 0.799692
0 0.629051 0.438716 0.0390591 0.0850805 0.775103
0 0.285015 0.740268 0.047455 0.108628 0.761493
0 0.363246 0.310169 0.0509357 0.123648 0.205617
0 0.542592 0.116833 0.0389399 0.0802608 0.881121
0 0.286203 0.740935 0.0479278 0.10898 0.829411
0 0.489793 0.563675 0.0497064 0.10398 0.82136
0 0.629078 0.43921 0.0414541 0.0859019 0.799945
0 0.363062 0.300964 0.0481775 0.103911 0.185807
0 0.541793 0.116227 0.0380552 0.0800511 0.774702
0 0.285498 0.740851 0.0466453 0.11032 0.764649
0 0.627932 0.438449 0.0400835 0.0867652 0.758036
0 0.488299 0.562781 0.0486943 0.103295 0.731479
0 0.542271 0.11724 0.0382096 0.0815435 0.811516
0 0.629134 0.439078 0.0419608 0.0871119 0.807859
0 0.287646 0.741728 0.049192 0.107054 0.760987
0 0.489551 0.577428 0.0579395 0.138228 0.565583
0 0.362404 0.306088 0.050846 0.11502 0.158625
0 0.541952 0.117258 0.038513 0.0818585 0.820943
0 0.628524 0.438398 0.0411073 0.0836194 0.802139
0 0.285842 0.743359 0.0479087 0.106145 0.749653
0 0.487864 0.569032 0.0545856 0.120944 0.737613
0 0.361935 0.30917 0.0503307 0.119668 0.371981
0 0.488948 0.567406 0.0533175 0.116959 0.841793
0 0.629349 0.437092 0.0405454 0.0850059 0.838294
0 0.542962 0.116417 0.0383558 0.0829963 0.815693
0 0.285671 0.743824 0.0484199 0.110726 0.785848
0 0.362863 0.309307 0.049246 0.125015 0.540367
0 0.359294 0.554418 0.0506826 0.0956106 0.174292
0 0.542477 0.116375 0.0379832 0.0825139 0.804698
0 0.285549 0.744173 0.0505115 0.11456 0.784309
0 0.628601 0.437833 0.0410758 0.0848405 0.756441
0 0.488581 0.57564 0.0578001 0.135688 0.50505
0 0.627877 0.436667 0.0401908 0.0856436 0.839382
0 0.542059 0.115015 0.0370505 0.0785893 0.825794
0 0.286696 0.741352 0.0465626 0.108021 0.786388
0 0.487423 0.564508 0.0537648 0.112175 0.769338
0 0.628119 0.438912 0.0409915 0.0879093 0.825636
0 0.542201 0.115474 0.0374737 0.0810554 0.754281
0 0.287053 0.742838 0.0480614 0.110013 0.712602
0 0.486893 0.568479 0.0541818 0.122189 0.669044
0 0.362809 0.30764 0.0466243 0.123319 0.15003
0 0.628248 0.43935 0.0411365 0.0883638 0.885897
0 0.286736 0.740638 0.0489583 0.106668 0.856053
0 0.542325 0.116991 0.0368109 0.0833966 0.826717
0 0.487081 0.56231 0.054648 0.1101 0.727949
0 0.361723 0.304739 0.051424 0.122041 0.190591
0 0.628045 0.440289 0.0416424 0.0898851 0.778032
0 0.286045 0.742436 0.0492907 0.10781 0.748457
0 0.542029 0.117494 0.03693 0.085007 0.69671
0 0.486789 0.567281 0.0549511 0.118019 0.663505
0 0.360789 0.306799 0.0533387 0.129791 0.184129
0 0.286313 0.740727 0.0459085 0.102678 0.856566
0 0.628809 0.436047 0.0412496 0.0875601 0.818045
0 0.487742 0.563544 0.0549656 0.119059 0.791398
0 0.542506 0.11608 0.0376775 0.0818582 0.759999
0 0.360987 0.299898 0.0512272 0.116647 0.169078
0 0.28631 0.740831 0.0447684 0.0993908 0.869235
0 0.488366 0.565969 0.0502279 0.106577 0.829488
0 0.629198 0.438433 0.0416899 0.088552 0.823152
0 0.542769 0.117318 0.0382399 0.0799384 0.79247
0 0.362438 0.306984 0.0492536 0.123384 0.182808
0 0.286186 0.740141 0.046296 0.103746 0.861098
0 0.628164 0.436595 0.0414863 0.0896953 0.819961
0 0.488404 0.566331 0.0509044 0.118308 0.786871
0 0.54182 0.116317 0.0389384 0.08392 0.785545
0 0.361801 0.304712 0.0521387 0.140584 0.158464
0 0.628084 0.439245 0.0397149 0.0852468 0.849855
0 0.542089 0.116115 0.0373847 0.0814312 0.826056
0 0.286271 0.741708 0.0446988 0.10302 0.813736
0 0.488163 0.56754 0.0484807 0.112128 0.780526
0 0.541848 0.115682 0.0393771 0.0823518 0.801279
0 0.628331 0.438278 0.041028 0.0889243 0.796438
0 0.488824 0.5749 0.0550006 0.135144 0.793267
0 0.285856 0.743118 0.0497654 0.108497 0.792215
0 0.363523 0.310236 0.0523225 0.127762 0.666375
0 0.488605 0.570983 0.0507219 0.11918 0.78637
0 0.627986 0.437501 0.0405613 0.0861718 0.777361
0 0.285965 0.742148 0.0448018 0.102331 0.777328
0 0.54231 0.116815 0.0372748 0.0796676 0.766791
0 0.364464 0.309521 0.0457267 0.121963 0.759164
0 0.287446 0.741129 0.0455404 0.10196 0.82507
0 0.628925 0.437574 0.0411475 0.0860958 0.818649
0 0.489753 0.565265 0.0516585 0.113569 0.799668
0 0.542824 0.116045 0.037841 0.08171 0.791304
0 0.364532 0.306044 0.0471914 0.123353 0.336559
0 0.628286 0.438074 0.0400964 0.08652 0.816825
0 0.286209 0.741448 0.0449532 0.103306 0.812573
0 0.542437 0.115767 0.0377079 0.0798423 0.780148
0 0.488881 0.565275 0.0500808 0.109239 0.780033
0 0.628218 0.438312 0.0405482 0.0847985 0.859487
0 0.286529 0.738955 0.0475311 0.0997045 0.815104
0 0.542373 0.115418 0.038044 0.0797009 0.812771
0 0.487967 0.560699 0.0465109 0.100047 0.753923
0 0.362825 0.303696 0.0455545 0.115805 0.326014
0 0.527834 0.368931 0.0199683 0.0359974 0.154653
0 0.627801 0.437662 0.0416395 0.0857939 0.841417
0 0.285876 0.737906 0.0464537 0.100065 0.794115
0 0.541729 0.115525 0.0384959 0.0797519 0.784525
0 0.48763 0.560862 0.0479406 0.102078 0.7352
0 0.36122 0.299111 0.0476002 0.107306 0.17513
0 0.628446 0.436526 0.0426086 0.0856535 0.867005
0 0.286781 0.738218 0.0443367 0.100203 0.864622
0 0.489333 0.562656 0.0476408 0.104188 0.841438
0 0.542328 0.116376 0.0381511 0.0796898 0.839013
0 0.362389 0.292486 0.0438536 0.0873594 0.136909
0 0.628206 0.437184 0.0439104 0.0863422 0.818159
0 0.489607 0.562444 0.0495286 0.107605 0.816377
0 0.285538 0.739819 0.0455326 0.101314 0.81152
0 0.54165 0.116587 0.0390131 0.0815783 0.803607
0 0.362539 0.295457 0.0458155 0.0935502 0.140636
0 0.541683 0.116189 0.0371413 0.0806235 0.885669
0 0.62729 0.4369 0.0413368 0.0821025 0.875695
0 0.487551 0.562782 0.0472796 0.102994 0.871618
0 0.2851 0.740185 0.0451881 0.100263 0.842737
0 0.36197 0.29162 0.0447487 0.0875434 0.193032
0 0.542149 0.116865 0.0373902 0.0819223 0.860914
0 0.627948 0.437798 0.0411246 0.0835185 0.851615
0 0.488053 0.561984 0.0477672 0.102523 0.84778
0 0.286114 0.740742 0.0461844 0.100733 0.784004
0 0.362456 0.298649 0.0444682 0.103857 0.154185
0 0.542254 0.116911 0.0379159 0.0820196 0.873202
0 0.285984 0.740259 0.0435242 0.0992747 0.848198
0 0.487676 0.560633 0.0466785 0.103378 0.84722
0 0.627935 0.437114 0.0401636 0.0847552 0.824426
0 0.542367 0.117331 0.0380381 0.0812255 0.859452
0 0.487877 0.560306 0.0464009 0.102152 0.822001
0 0.286081 0.740369 0.0439893 0.0989119 0.819963
0 0.628194 0.437494 0.0394109 0.0833223 0.795377
0 0.542121 0.117682 0.0386538 0.0830635 0.869633
0 0.627897 0.438761 0.0409061 0.0903794 0.821107
0 0.285826 0.740459 0.0476165 0.0996347 0.814093
0 0.488426 0.561569 0.047555 0.105955 0.807474
0 0.363428 0.304171 0.0472723 0.106129 0.511207
0 0.54229 0.117381 0.0375089 0.0814559 0.839412
0 0.627725 0.436913 0.0403262 0.0851896 0.82375
0 0.286141 0.739736 0.0468065 0.0983098 0.808534
0 0.487888 0.561059 0.046833 0.103894 0.80455
0 0.489064 0.567612 0.0504931 0.11686 0.840688
0 0.627536 0.436919 0.0417497 0.0876167 0.840418
0 0.541977 0.118097 0.039202 0.0812069 0.826359
0 0.28662 0.739917 0.0514638 0.101142 0.82575
0 0.363486 0.302226 0.0474711 0.106548 0.136421
0 0.488338 0.566993 0.0488532 0.110023 0.830795
0 0.627748 0.435894 0.0414404 0.087363 0.808091
0 0.287056 0.738876 0.0517114 0.102435 0.799499
0 0.542063 0.116962 0.0388414 0.0804858 0.795168
0 0.487716 0.56676 0.0492094 0.108596 0.864086
0 0.287808 0.740952 0.0500482 0.101314 0.847819
0 0.627545 0.436964 0.0421672 0.0861221 0.842729
0 0.54214 0.116957 0.0385788 0.0797588 0.83593
0 0.361886 0.299557 0.0494735 0.103002 0.119957
0 0.488376 0.565994 0.0505998 0.113104 0.838205
0 0.627966 0.438793 0.0430846 0.0865368 0.816365
0 0.288154 0.742403 0.0504042 0.101238 0.809124
0 0.542436 0.117449 0.0389757 0.0820714 0.805348
0 0.362391 0.304314 0.0499212 0.110442 0.188996
0 0.487595 0.562649 0.0500013 0.113705 0.872877
0 0.542152 0.115604 0.0384521 0.0827422 0.845151
0 0.628413 0.437298 0.0423009 0.0871279 0.844726
0 0.286792 0.74177 0.0476169 0.10159 0.837215
0 0.360492 0.298103 0.0467429 0.0988822 0.22524
0 0.488 0.56351 0.0482808 0.109438 0.875958
0 0.628298 0.437918 0.0422317 0.0857874 0.85738
0 0.541985 0.115517 0.0395609 0.0809116 0.849045
0 0.286466 0.742084 0.0465428 0.0985997 0.828948
0 0.488229 0.562433 0.051069 0.115248 0.907521
0 0.628004 0.437383 0.0423911 0.0883882 0.907329
0 0.541455 0.115764 0.0406465 0.0819722 0.888658
0 0.285418 0.740725 0.0451865 0.0982034 0.842286
0 0.487897 0.56297 0.0489004 0.113057 0.881888
0 0.627892 0.438201 0.0401338 0.0876615 0.868399
0 0.541756 0.116218 0.0380815 0.0812829 0.84862
0 0.285533 0.741289 0.0425277 0.0969488 0.803303
0 0.486859 0.562343 0.0500145 0.110325 0.869253
0 0.626965 0.438584 0.0426953 0.0864669 0.827001
0 0.541741 0.115967 0.0392646 0.0811225 0.819188
0 0.286314 0.740147 0.0454513 0.099434 0.811276
0 0.361776 0.298843 0.0496625 0.100737 0.17395
0 0.487441 0.56195 0.048198 0.109625 0.878395
0 0.627389 0.43938 0.0423632 0.087964 0.839291
0 0.28665 0.741855 0.0446049 0.102285 0.839093
0 0.54211 0.116504 0.0392041 0.0821942 0.826392
0 0.487344 0.56057 0.0486224 0.10967 0.82741
0 0.541806 0.116593 0.0399765 0.0832401 0.797747
0 0.286339 0.741162 0.045348 0.100596 0.791273
0 0.627291 0.438074 0.0411308 0.0874538 0.790376
0 0.542789 0.116268 0.0390655 0.0819839 0.885009
0 0.487899 0.560927 0.0497127 0.109001 0.884368
0 0.628213 0.438499 0.0412403 0.0853301 0.877725
0 0.286969 0.740852 0.0457252 0.098557 0.860716
0 0.542118 0.1162 0.0394519 0.0817941 0.873367
0 0.627983 0.437527 0.0408725 0.0844486 0.857334
0 0.487863 0.561476 0.0502723 0.110067 0.852995
0 0.285869 0.739597 0.0478148 0.0996781 0.825964
0 0.48805 0.56321 0.0487171 0.106455 0.871101
0 0.54196 0.116092 0.039488 0.0812296 0.860773
0 0.627749 0.437577 0.0412514 0.084945 0.857988
0 0.286696 0.741075 0.0474812 0.104216 0.841708
0 0.4873 0.563955 0.0466603 0.105178 0.840215
0 0.286421 0.741216 0.0459718 0.100074 0.824116
0 0.542373 0.11625 0.0382027 0.0800314 0.81423
0 0.627445 0.437319 0.0405656 0.0848416 0.801803
0 0.487641 0.564667 0.0482958 0.111709 0.866784
0 0.286527 0.741724 0.046155 0.102211 0.862094
0 0.627236 0.437809 0.0404434 0.0902956 0.850339
0 0.542172 0.117084 0.0403154 0.0833554 0.831355
0 0.487643 0.5651 0.0460685 0.104547 0.847491
0 0.627592 0.438112 0.0388191 0.0877512 0.837872
0 0.286433 0.741658 0.0434614 0.0966529 0.836351
0 0.542773 0.117256 0.0384583 0.0802981 0.831107
0 0.627467 0.437391 0.0392016 0.0895457 0.855446
0 0.286258 0.740618 0.0463267 0.098643 0.854812
0 0.48717 0.564754 0.0483203 0.107293 0.852319
0 0.542384 0.11673 0.0390939 0.0820403 0.846938
0 0.48785 0.566515 0.0487445 0.112146 0.857933
0 0.627511 0.437118 0.0410476 0.0852856 0.831978
0 0.542272 0.116467 0.0396239 0.0826486 0.825892
0 0.286221 0.739778 0.0484797 0.097984 0.819071
0 0.542271 0.117238 0.0389116 0.0825042 0.878455
0 0.487931 0.567279 0.0498482 0.113496 0.869135
0 0.627675 0.437478 0.0394836 0.0850181 0.857415
0 0.286395 0.741094 0.047925 0.0974654 0.850685
0 0.541848 0.116757 0.0391572 0.0814287 0.892686
0 0.627244 0.436336 0.0399721 0.0859496 0.872859
0 0.487139 0.563402 0.0476063 0.107152 0.858201
0 0.285971 0.740786 0.0446096 0.098666 0.854149
0 0.363458 0.302638 0.0465029 0.111135 0.189794
0 0.542024 0.116593 0.0379249 0.0793743 0.884826
0 0.627352 0.436438 0.0393912 0.0845658 0.853613
0 0.487131 0.563597 0.0467593 0.102601 0.850754
0 0.285822 0.740269 0.044316 0.0950571 0.842936
0 0.362918 0.29536 0.0449974 0.0899132 0.23949
0 0.541961 0.116221 0.0406812 0.0804512 0.82286
0 0.486882 0.563965 0.0509288 0.109006 0.819449
0 0.285519 0.74024 0.0490541 0.0980534 0.808755
0 0.627512 0.436697 0.0421544 0.0864281 0.806243
0 0.62815 0.436665 0.0412807 0.083837 0.82449
0 0.542015 0.115523 0.0396273 0.0806305 0.819043
0 0.286123 0.74085 0.0471338 0.0974453 0.812931
0 0.486683 0.565298 0.0485727 0.110045 0.807754
0 0.486765 0.564471 0.0484037 0.108797 0.867343
0 0.627904 0.438257 0.0421054 0.0886599 0.850068
0 0.542296 0.116884 0.0390926 0.0833793 0.849099
0 0.284997 0.74082 0.0485387 0.10107 0.829174
0 0.486657 0.564722 0.0490297 0.107455 0.865256
0 0.542149 0.117514 0.0397514 0.0815767 0.840949
0 0.627981 0.43866 0.043124 0.0867494 0.823739
0 0.285248 0.740411 0.0483599 0.0997839 0.817399
0 0.487158 0.566729 0.04818 0.108343 0.903959
0 0.541882 0.117791 0.0390953 0.0817555 0.900941
0 0.628265 0.438159 0.04115 0.0882418 0.882584
0 0.286731 0.740636 0.0474788 0.100302 0.880115
0 0.486992 0.568294 0.0505414 0.114838 0.872689
0 0.286495 0.740561 0.0466933 0.102141 0.850591
0 0.627934 0.438903 0.0421838 0.0886694 0.847022
0 0.541346 0.11714 0.0397576 0.0833697 0.845248
0 0.541637 0.115919 0.0391129 0.0806268 0.859056
0 0.287146 0.738732 0.0463946 0.0942731 0.852427
0 0.628055 0.437964 0.0406306 0.0864749 0.842192
0 0.486516 0.568519 0.0480176 0.111643 0.819733
0 0.541651 0.116127 0.0396537 0.0800791 0.893323
0 0.287011 0.738654 0.0474898 0.0969552 0.876062
0 0.627787 0.437366 0.0412242 0.0867455 0.875419
0 0.487014 0.569536 0.0495659 0.115913 0.839984
0 0.487226 0.571021 0.0510793 0.118981 0.83715
0 0.628043 0.439449 0.0435281 0.0881879 0.836777
0 0.542484 0.116178 0.0404907 0.0811355 0.834956
0 0.28711 0.740203 0.0482885 0.0999815 0.818376
0 0.363626 0.297802 0.0455537 0.0938389 0.106208
0 0.487362 0.572293 0.0512876 0.119206 0.877582
0 0.628515 0.440221 0.0431683 0.0879974 0.863144
0 0.287384 0.741247 0.0482712 0.0997478 0.843293
0 0.542791 0.116455 0.0391681 0.0821997 0.832971
0 0.364185 0.298106 0.0457785 0.095258 0.24733
0 0.486719 0.571404 0.0526749 0.119811 0.894202
0 0.628194 0.439287 0.0428701 0.0877119 0.863506
0 0.287056 0.740193 0.0482744 0.100892 0.863389
0 0.542193 0.116356 0.0396327 0.082957 0.835846
0 0.363131 0.297337 0.0462992 0.0996657 0.363445
0 0.486829 0.571714 0.0521998 0.116517 0.885265
0 0.628578 0.439245 0.0418124 0.0869584 0.870493
0 0.287301 0.741777 0.0483361 0.100205 0.868789
0 0.542616 0.116686 0.0390297 0.081847 0.851192
0 0.36403 0.299224 0.0453467 0.0986725 0.275263
0 0.487185 0.569837 0.0513501 0.122015 0.883339
0 0.287238 0.740276 0.0502994 0.10465 0.875624
0 0.62783 0.437655 0.0411833 0.0866543 0.873576
0 0.541771 0.115944 0.0395677 0.0827266 0.86975
0 0.363254 0.297401 0.0450948 0.0971722 0.218572
0 0.487485 0.567602 0.0500525 0.116053 0.858085
0 0.5423 0.116419 0.0394983 0.0834801 0.849096
0 0.287177 0.740685 0.0500192 0.102569 0.848741
0 0.62831 0.438214 0.0421985 0.0877696 0.840853
0 0.36306 0.298422 0.0468603 0.0996405 0.135262
0 0.487923 0.564494 0.0487575 0.106399 0.895165
0 0.288172 0.740115 0.0489321 0.0982603 0.88617
0 0.628339 0.438615 0.0423767 0.086335 0.885663
0 0.54218 0.11662 0.0392466 0.0798876 0.878841
0 0.36437 0.288119 0.0400445 0.081424 0.16306
0 0.487091 0.563312 0.048108 0.106881 0.865625
0 0.627659 0.438259 0.0416271 0.0884833 0.861278
0 0.28683 0.739115 0.0474813 0.0995927 0.856959
0 0.541544 0.116289 0.0393674 0.0820521 0.854007
0 0.628318 0.438435 0.0414761 0.0865235 0.843397
0 0.488193 0.564598 0.0489698 0.109038 0.83365
0 0.542232 0.11662 0.0387761 0.0809042 0.825121
0 0.287702 0.739289 0.0469099 0.0987761 0.800696
0 0.628136 0.438017 0.0421476 0.085441 0.878141
0 0.489465 0.570299 0.0546121 0.126054 0.874612
0 0.542201 0.116869 0.0394585 0.0821231 0.856577
0 0.287926 0.739404 0.0496902 0.099843 0.845011
0 0.988768 0.131939 0.0224634 0.0792045 0.11552
0 0.486636 0.564761 0.0503879 0.111162 0.84185
0 0.627814 0.437573 0.0411728 0.0856701 0.836703
0 0.541944 0.116858 0.0388139 0.0833834 0.829236
0 0.287338 0.739059 0.0495931 0.100439 0.824092
0 0.487183 0.56663 0.0518511 0.115541 0.874055
0 0.628827 0.438444 0.0428037 0.0882691 0.866803
0 0.542904 0.117309 0.0399716 0.0861951 0.862592
0 0.28823 0.740754 0.0513976 0.103231 0.857668
0 0.486657 0.566281 0.0498325 0.114992 0.877096
0 0.287071 0.740243 0.0497561 0.100693 0.86149
0 0.542586 0.11769 0.0398887 0.0846607 0.859364
0 0.628288 0.437915 0.042424 0.0875314 0.856938
0 0.487259 0.566696 0.0502313 0.115018 0.874816
0 0.628407 0.43826 0.0418429 0.0883683 0.858423
0 0.542357 0.116938 0.039188 0.0846069 0.849895
0 0.287609 0.740522 0.0506591 0.102444 0.843618
0 0.487186 0.566178 0.0492179 0.113658 0.887388
0 0.627735 0.43777 0.0398948 0.0857797 0.872877
0 0.285804 0.740903 0.0496989 0.102866 0.859546
0 0.542028 0.11682 0.0379181 0.0820459 0.852584
0 0.487692 0.566223 0.0497542 0.112976 0.900002
0 0.627802 0.438206 0.0399604 0.0865687 0.87785
0 0.54215 0.116882 0.0380201 0.0809757 0.87099
0 0.285727 0.740685 0.0501747 0.102724 0.868936
