0 0.478334 0.611787 0.0618924 0.137572 0.916618
0 0.673894 0.44605 0.0738986 0.141897 0.903884
0 0.298858 0.581022 0.0631496 0.137446 0.775162
0 0.672637 0.472775 0.0539433 0.0778432 0.449705
0 0.462165 0.733556 0.0273783 0.0568638 0.107058
0 0.674332 0.445264 0.0764443 0.149483 0.949221
0 0.478229 0.609107 0.0680126 0.140349 0.941795
0 0.298029 0.580077 0.0657715 0.13992 0.940053
0 0.46434 0.732871 0.0332284 0.0783488 0.286171
0 0.984303 0.0352627 0.0313936 0.0705254 0.109314
0 0.67517 0.448212 0.0784775 0.155979 0.991025
0 0.478441 0.614448 0.0710589 0.149787 0.948978
0 0.298388 0.583351 0.0661573 0.148789 0.921583
0 0.477645 0.610419 0.0659419 0.139118 0.811747
0 0.299442 0.58036 0.0634836 0.136195 0.743639
0 0.67679 0.446062 0.0837939 0.146151 0.743143
0 0.930995 0.0246487 0.0259574 0.0492975 0.256876
0 0.985553 0.034899 0.028895 0.069798 0.143868
0 0.459754 0.735183 0.0241656 0.0620897 0.107843
0 0.477631 0.61208 0.0688673 0.141823 0.963064
0 0.673838 0.443116 0.0768594 0.147099 0.954078
0 0.299906 0.582165 0.0683277 0.14073 0.95184
0 0.984091 0.036894 0.0318187 0.0737879 0.399737
0 0.931496 0.0247309 0.0283676 0.0494618 0.278823
0 0.675117 0.592673 0.0376915 0.0654071 0.274074
0 0.474163 0.719137 0.0552709 0.0994821 0.114653
0 0.674853 0.444932 0.07591 0.156787 0.983287
0 0.477119 0.614248 0.0686254 0.144333 0.962531
0 0.301206 0.579643 0.0685995 0.146975 0.957724
0 0.984688 0.0371128 0.0306236 0.0742255 0.371596
0 0.932616 0.0255214 0.0277684 0.0510428 0.125442
0 0.29889 0.573501 0.0664776 0.14562 0.919711
0 0.675145 0.445687 0.0774695 0.162536 0.91387
0 0.477308 0.605268 0.0684269 0.152073 0.862118
0 0.98457 0.0371354 0.0308592 0.0742708 0.196552
0 0.299293 0.576515 0.0677001 0.141144 0.996373
0 0.67478 0.446781 0.0796953 0.155483 0.996363
0 0.477984 0.609796 0.0709119 0.149744 0.994175
0 0.984743 0.0381916 0.0305139 0.0763832 0.583999
0 0.933342 0.0283775 0.0313543 0.056755 0.165012
0 0.469154 0.737528 0.0433102 0.0770387 0.155477
0 0.293302 0.614846 0.0479786 0.0609705 0.145362
0 0.475831 0.714464 0.05753 0.1174 0.102614
0 0.675323 0.447484 0.0784452 0.157057 0.971808
0 0.29998 0.580196 0.0670422 0.14548 0.964812
0 0.478677 0.611583 0.0698942 0.14781 0.953804
0 0.98514 0.0372736 0.0297208 0.0745471 0.435659
0 0.676632 0.595497 0.0354197 0.0618621 0.120238
0 0.478158 0.61239 0.065293 0.143948 0.828249
0 0.675339 0.446745 0.0738763 0.144522 0.769636
0 0.299313 0.580726 0.0635451 0.134851 0.75038
0 0.985643 0.0362308 0.0287142 0.0724617 0.478247
0 0.678481 0.596604 0.0284877 0.0569136 0.239534
0 0.675491 0.446141 0.0760083 0.147102 0.976449
0 0.477349 0.6121 0.0694115 0.143843 0.971004
0 0.298935 0.581427 0.0655521 0.143333 0.965625
0 0.475637 0.697268 0.0569693 0.148821 0.110487
0 0.675192 0.44239 0.0737473 0.145187 0.919081
0 0.298944 0.575505 0.0644387 0.134835 0.888266
0 0.477835 0.609177 0.0647318 0.135396 0.880856
0 0.67467 0.447032 0.0750817 0.152001 0.862614
0 0.298284 0.579387 0.0656531 0.141774 0.805907
0 0.476495 0.61229 0.0679717 0.146714 0.743567
0 0.985091 0.0352724 0.0298176 0.0705448 0.37522
0 0.934669 0.0249432 0.0266994 0.0498865 0.290613
0 0.476516 0.684487 0.059512 0.173037 0.128608
0 0.675826 0.446602 0.0748549 0.147565 0.987852
0 0.477638 0.61122 0.0673075 0.143448 0.977268
0 0.298601 0.57984 0.0645396 0.139761 0.971601
0 0.985676 0.0363848 0.0286477 0.0699467 0.223873
0 0.67568 0.449608 0.0796288 0.154163 0.978158
0 0.299417 0.586058 0.0637226 0.148249 0.772682
0 0.935207 0.0240443 0.0354122 0.0480885 0.570094
0 0.477358 0.611149 0.0669449 0.142968 0.480349
0 0.68503 0.931824 0.0329002 0.0648309 0.269675
0 0.674143 0.446133 0.0745003 0.150478 0.994647
0 0.298879 0.581221 0.0636858 0.145488 0.943186
0 0.476352 0.608009 0.0679942 0.144902 0.876029
0 0.934669 0.0229931 0.0303093 0.0459861 0.262168
0 0.683875 0.928686 0.0294299 0.0652616 0.148082
0 0.674893 0.450801 0.0760252 0.158453 0.96034
0 0.300342 0.582728 0.0632984 0.145832 0.913751
0 0.478237 0.612043 0.0654321 0.145679 0.857077
0 0.673364 0.446073 0.0766721 0.154497 0.871489
0 0.299414 0.587289 0.065464 0.160294 0.868651
0 0.477901 0.612285 0.0665312 0.14948 0.670064
0 0.935246 0.0245857 0.0290298 0.0491713 0.359998
0 0.985525 0.0361007 0.0289491 0.0722014 0.252698
0 0.482349 0.714431 0.0432096 0.0971366 0.211125
0 0.47581 0.667259 0.0595002 0.200852 0.188203
0 0.303549 0.671734 0.0475475 0.109619 0.118413
0 0.684919 0.927663 0.0318427 0.0738187 0.107553
0 0.67471 0.443545 0.0770224 0.145121 0.885054
0 0.30103 0.578858 0.0647615 0.139321 0.848689
0 0.479093 0.609766 0.0673197 0.137813 0.803734
0 0.985927 0.0331094 0.0278925 0.0662189 0.302062
0 0.934789 0.0237733 0.0263896 0.0475466 0.221352
0 0.485876 0.728653 0.0312689 0.0605205 0.120981
0 0.674934 0.446728 0.0781271 0.154074 0.973537
0 0.300746 0.586853 0.0678079 0.156672 0.93716
0 0.478901 0.613992 0.0694402 0.146129 0.89746
0 0.985126 0.0352435 0.0297477 0.0704871 0.354831
0 0.477572 0.722379 0.0531757 0.0874479 0.269009
0 0.684633 0.928002 0.0329887 0.0713037 0.260019
0 0.934333 0.0281693 0.033159 0.0563386 0.218741
0 0.30286 0.672786 0.050311 0.105229 0.113582
0 0.674128 0.445692 0.079043 0.163196 0.945046
0 0.299089 0.579908 0.0667943 0.147319 0.93608
0 0.477079 0.608502 0.0678339 0.147133 0.86103
0 0.934039 0.0256443 0.0289537 0.0512887 0.188526
0 0.985265 0.0330831 0.0294707 0.0661662 0.163037
0 0.683448 0.924622 0.0325174 0.0735524 0.10107
0 0.67289 0.446048 0.0767246 0.15578 0.961581
0 0.298142 0.581967 0.0663742 0.147367 0.955154
0 0.477043 0.612817 0.0669641 0.148657 0.907668
0 0.984774 0.034836 0.030451 0.0696721 0.35614
0 0.68417 0.925421 0.0347296 0.0728521 0.222368
0 0.935099 0.0268455 0.0353344 0.053691 0.186822
0 0.476457 0.724008 0.0557691 0.0839223 0.150982
0 0.67624 0.445438 0.0800469 0.153123 0.953965
0 0.478827 0.611355 0.0709044 0.14939 0.949264
0 0.299504 0.585438 0.0680958 0.154275 0.915181
0 0.475316 0.723766 0.0559629 0.0836066 0.449574
0 0.935133 0.0258063 0.0317816 0.0516126 0.348416
0 0.985667 0.0356779 0.0286654 0.0713557 0.299958
0 0.475666 0.664197 0.0606431 0.204318 0.205918
0 0.674715 0.604891 0.0343986 0.0425867 0.114067
0 0.673373 0.444242 0.0783615 0.151378 0.863433
0 0.478049 0.609427 0.0662788 0.148673 0.854498
0 0.301555 0.582256 0.0716644 0.155299 0.730581
0 0.474612 0.729169 0.0544972 0.0748395 0.407298
0 0.934491 0.0249372 0.0274613 0.0498744 0.335784
0 0.985876 0.0354849 0.0282474 0.0709697 0.244678
0 0.475529 0.669148 0.061029 0.198526 0.169291
0 0.675482 0.60527 0.0317382 0.0429658 0.131705
0 0.477946 0.610247 0.0674182 0.140944 0.96839
0 0.675348 0.44561 0.073772 0.145678 0.960935
0 0.299394 0.57993 0.0681155 0.138219 0.960838
0 0.473675 0.728508 0.0543423 0.077471 0.516255
0 0.985449 0.0357511 0.0291023 0.0715023 0.387914
0 0.93526 0.0246581 0.0310948 0.0493161 0.273575
0 0.675376 0.59211 0.0366214 0.0670397 0.155174
0 0.476823 0.609863 0.0672912 0.142948 0.879534
0 0.673671 0.447167 0.0741611 0.154893 0.871851
0 0.299741 0.577243 0.0656206 0.139737 0.862101
0 0.474157 0.729349 0.056854 0.0765228 0.262694
0 0.984856 0.0357195 0.0302882 0.0714389 0.234365
0 0.935751 0.025186 0.0354647 0.0503721 0.170649
0 0.673946 0.448125 0.0724319 0.153996 0.899421
0 0.476337 0.611983 0.0639424 0.147279 0.898907
0 0.299446 0.577225 0.0637202 0.142707 0.877472
0 0.985812 0.0353322 0.0283758 0.0706643 0.349451
0 0.935152 0.0243393 0.0281072 0.0486786 0.345462
0 0.477122 0.611229 0.0646296 0.141595 0.889433
0 0.675183 0.446584 0.0775225 0.146795 0.881828
0 0.29955 0.580636 0.0642573 0.140691 0.86786
0 0.985347 0.0359666 0.0293055 0.0681971 0.288214
0 0.933604 0.0241553 0.0250577 0.0483106 0.140287
0 0.683049 0.923933 0.0323757 0.0720771 0.122398
0 0.676373 0.444424 0.0765176 0.152817 0.914386
0 0.30007 0.578701 0.0646437 0.140267 0.91127
0 0.478672 0.609301 0.0641929 0.140586 0.882704
0 0.985112 0.0350928 0.0297753 0.0701857 0.58818
0 0.936192 0.0249667 0.0313141 0.0499333 0.395549
0 0.676261 0.445104 0.077334 0.155323 0.857719
0 0.299899 0.579255 0.0647093 0.141825 0.853893
0 0.47941 0.613435 0.0659746 0.145708 0.835181
0 0.985165 0.036063 0.0296706 0.0721259 0.456775
0 0.93716 0.0255362 0.0339167 0.0510724 0.399585
0 0.474896 0.719601 0.0579655 0.0983382 0.113562
0 0.299115 0.577326 0.0655515 0.141221 0.955375
0 0.675628 0.443354 0.0777747 0.157242 0.950041
0 0.478536 0.611347 0.06496 0.143799 0.936447
0 0.985977 0.0350267 0.0280461 0.0700535 0.109591
0 0.674968 0.445178 0.0762498 0.150233 0.878176
0 0.299503 0.580576 0.0667964 0.138326 0.867663
0 0.477488 0.610926 0.0645088 0.141962 0.856741
0 0.985868 0.0349086 0.0282637 0.0698171 0.334846
0 0.937994 0.024428 0.0316073 0.0488561 0.170566
0 0.46814 0.731692 0.041849 0.0732783 0.126892
0 0.478279 0.609074 0.063819 0.14006 0.886584
0 0.300084 0.579014 0.0635623 0.136177 0.876848
0 0.674357 0.443176 0.0753703 0.148702 0.870829
0 0.98534 0.0345899 0.0293202 0.0691798 0.561237
0 0.937503 0.0240995 0.0327955 0.0481991 0.45084
0 0.474389 0.730774 0.0531287 0.0758117 0.277565
0 0.477567 0.612065 0.0673397 0.144569 0.929154
0 0.299415 0.580324 0.0655795 0.139512 0.926047
0 0.675123 0.446667 0.0763867 0.151143 0.921748
0 0.937537 0.0241997 0.0328161 0.0483993 0.146234
0 0.299884 0.578401 0.0656078 0.138322 0.904468
0 0.478739 0.609997 0.0639426 0.140684 0.865623
0 0.675718 0.446555 0.0765412 0.150781 0.827561
0 0.985959 0.0338385 0.0280821 0.0676769 0.199456
0 0.937919 0.0235603 0.029507 0.0471207 0.184588
0 0.299746 0.57898 0.0661274 0.141781 0.947372
0 0.478289 0.611307 0.0661177 0.144375 0.929147
0 0.675823 0.446317 0.0758259 0.151563 0.915494
0 0.98515 0.035165 0.0297006 0.0703299 0.419203
0 0.473252 0.730635 0.0543199 0.074819 0.240516
0 0.475479 0.675581 0.0594189 0.188701 0.168508
0 0.683511 0.925354 0.0320681 0.0690721 0.12677
0 0.937333 0.0240059 0.0340604 0.0480119 0.101184
0 0.298935 0.580167 0.0664109 0.140837 0.933888
0 0.674264 0.446902 0.0773957 0.153356 0.929623
0 0.477816 0.612166 0.0635241 0.14543 0.910816
0 0.985209 0.0341208 0.0295823 0.0682416 0.146843
0 0.299626 0.581346 0.0666592 0.142929 0.925005
0 0.477783 0.614434 0.0670208 0.149465 0.894275
0 0.675193 0.448567 0.0780301 0.156536 0.876085
0 0.30007 0.579418 0.0625609 0.134196 0.902891
0 0.478524 0.613987 0.0662638 0.1456 0.87025
0 0.675645 0.44875 0.0757414 0.153831 0.840324
0 0.985484 0.0340298 0.0290317 0.0680597 0.681477
0 0.937354 0.0229358 0.0308648 0.0458717 0.349586
0 0.474754 0.730839 0.0546278 0.0754859 0.316816
0 0.300008 0.580767 0.0635213 0.139692 0.866097
0 0.478832 0.612991 0.0645512 0.147272 0.828846
0 0.675391 0.447748 0.075533 0.153885 0.817175
0 0.475016 0.729207 0.052355 0.07598 0.206423
0 0.937684 0.0233163 0.0323681 0.0466327 0.129689
0 0.478532 0.608838 0.0633618 0.1431 0.933217
0 0.674359 0.446868 0.0760089 0.154757 0.931677
0 0.300016 0.577122 0.062757 0.13665 0.929729
0 0.984708 0.0349632 0.030584 0.0699264 0.433564
0 0.935205 0.0226948 0.0316494 0.0453896 0.431005
0 0.474516 0.729304 0.050246 0.0728743 0.283131
0 0.479087 0.612241 0.0652013 0.149436 0.945542
0 0.300459 0.579373 0.06501 0.141777 0.926197
0 0.674665 0.447808 0.0797417 0.156304 0.919389
0 0.475354 0.729949 0.0513174 0.0750952 0.699627
0 0.98495 0.0347323 0.0300992 0.0694646 0.62168
0 0.935659 0.0220946 0.0300547 0.0441892 0.459854
0 0.478458 0.610787 0.0659368 0.145476 0.916123
0 0.675125 0.445341 0.0769349 0.151762 0.908042
0 0.299505 0.58047 0.063662 0.13917 0.903059
0 0.474449 0.729937 0.0521267 0.0812872 0.524337
0 0.984892 0.0339173 0.0302159 0.0678345 0.453067
0 0.299753 0.578346 0.0645485 0.139703 0.860653
0 0.6751 0.445741 0.0776023 0.147416 0.821242
0 0.47807 0.610626 0.0656636 0.144052 0.816967
0 0.984973 0.034181 0.0300543 0.0683621 0.236533
0 0.474215 0.73019 0.0512579 0.0793074 0.184422
0 0.934933 0.0223444 0.0252159 0.0446887 0.144902
0 0.300591 0.578319 0.0648733 0.135782 0.901712
0 0.674991 0.448897 0.0768449 0.152013 0.876661
0 0.478194 0.611678 0.064776 0.144444 0.856297
0 0.935861 0.0232054 0.0284249 0.0464109 0.487161
0 0.98495 0.0352918 0.0300998 0.0701726 0.297659
0 0.673906 0.44832 0.0771946 0.155976 0.894626
0 0.300116 0.578307 0.0630307 0.132225 0.875065
0 0.47763 0.612293 0.0626465 0.146754 0.85034
0 0.301607 0.579272 0.0647931 0.133953 0.92806
0 0.674875 0.445522 0.0793195 0.155435 0.920239
0 0.478777 0.610792 0.0644845 0.142576 0.878871
0 0.984925 0.0376251 0.0281734 0.0662814 0.162414
0 0.301046 0.57962 0.0644359 0.134561 0.905779
0 0.674365 0.444781 0.0785822 0.153114 0.876938
0 0.478236 0.610681 0.0651572 0.141126 0.871477
0 0.985125 0.0341208 0.0297501 0.0682416 0.310134
0 0.478173 0.609739 0.064886 0.142465 0.877548
0 0.299592 0.577428 0.0639472 0.136243 0.858074
0 0.675276 0.444013 0.0750702 0.149495 0.845887
0 0.985601 0.034438 0.0287979 0.0688761 0.686896
0 0.937052 0.023243 0.0291096 0.0464861 0.148021
0 0.477823 0.611674 0.0655164 0.14501 0.870005
0 0.300019 0.580269 0.0651763 0.13755 0.86987
0 0.675786 0.445687 0.0765869 0.151974 0.854663
0 0.299738 0.579816 0.0644413 0.136552 0.923151
0 0.478155 0.612698 0.06253 0.144978 0.911209
0 0.67495 0.446949 0.0786298 0.155599 0.893369
0 0.985401 0.0337833 0.0291981 0.0675666 0.637896
0 0.936615 0.0205139 0.0295032 0.0410277 0.121158
0 0.47816 0.614447 0.0643623 0.149209 0.868599
0 0.299473 0.580554 0.0655211 0.139589 0.861469
0 0.674253 0.448385 0.0802337 0.158439 0.826348
0 0.985256 0.0346915 0.0294886 0.069383 0.474396
0 0.478981 0.611007 0.063131 0.140775 0.917689
0 0.300158 0.577873 0.0647741 0.133784 0.912118
0 0.6759 0.445244 0.077339 0.150592 0.891985
0 0.985622 0.0348508 0.0287557 0.0697017 0.300986
0 0.478787 0.613934 0.0632735 0.143799 0.867928
0 0.30025 0.578742 0.0650891 0.135339 0.867283
0 0.674958 0.447905 0.0792381 0.153741 0.84297
0 0.985683 0.035487 0.0286347 0.070974 0.182316
0 0.675659 0.445215 0.079187 0.156462 0.93374
0 0.299836 0.578183 0.0644604 0.13717 0.920344
0 0.478328 0.612899 0.0657334 0.146353 0.909759
0 0.985332 0.0343837 0.0293352 0.0687674 0.566076
0 0.299726 0.580279 0.0638903 0.135558 0.919205
0 0.676036 0.445703 0.0779609 0.154207 0.915433
0 0.477949 0.614278 0.0660289 0.146344 0.908518
0 0.984865 0.0356527 0.0302691 0.0688203 0.702046
0 0.299489 0.578333 0.0647411 0.136894 0.887746
0 0.47706 0.612531 0.0661487 0.146566 0.886058
0 0.675393 0.446238 0.076319 0.156216 0.869844
0 0.985334 0.0350871 0.0293325 0.0701743 0.525272
0 0.299891 0.579752 0.0656994 0.134154 0.884751
0 0.477793 0.611503 0.0655483 0.142372 0.878075
0 0.675385 0.446585 0.0751435 0.150064 0.858588
0 0.986143 0.0348222 0.0277149 0.0696445 0.396869
0 0.936111 0.0225748 0.024039 0.0451497 0.154295
0 0.299674 0.579057 0.0658309 0.137104 0.888099
0 0.47755 0.611745 0.0661841 0.145312 0.868054
0 0.67432 0.448515 0.0792046 0.15865 0.849514
0 0.985164 0.0350624 0.0296713 0.0701247 0.707397
0 0.936836 0.0233869 0.0287464 0.0467738 0.154897
0 0.299263 0.579354 0.0644014 0.135257 0.881602
0 0.674809 0.44797 0.0794984 0.159305 0.876988
0 0.477242 0.612034 0.0644496 0.143902 0.861635
0 0.985178 0.0349813 0.0296434 0.0699626 0.814426
0 0.935393 0.0231461 0.0272338 0.0462922 0.305397
0 0.675342 0.445558 0.0806239 0.158491 0.892697
0 0.299482 0.57816 0.0651793 0.138179 0.877827
0 0.477872 0.610069 0.0657558 0.142909 0.86931
0 0.98524 0.0356524 0.0295196 0.0713048 0.724759
0 0.299208 0.578137 0.064467 0.137436 0.86525
0 0.675473 0.447049 0.0788543 0.155214 0.864317
0 0.476628 0.611028 0.0637152 0.144832 0.851062
0 0.985396 0.0349956 0.0292073 0.0699913 0.500288
0 0.478073 0.609601 0.0643092 0.144689 0.851921
0 0.300314 0.578485 0.0660839 0.138318 0.841317
0 0.675 0.447994 0.0789557 0.157023 0.841293
0 0.985428 0.0349371 0.029143 0.0698742 0.759907
0 0.477389 0.609939 0.0642964 0.146523 0.847182
0 0.299962 0.579148 0.0654965 0.140783 0.819326
0 0.673404 0.447621 0.0807202 0.161364 0.809076
0 0.984938 0.0343507 0.0301231 0.0687015 0.601855
0 0.477475 0.609565 0.0641892 0.145451 0.916407
0 0.675782 0.445228 0.0791682 0.159295 0.901473
0 0.300273 0.577526 0.0639262 0.137186 0.898081
0 0.985171 0.0347665 0.0296578 0.0695329 0.556914
0 0.477312 0.611625 0.0671848 0.150595 0.876533
0 0.675539 0.446451 0.0816097 0.161162 0.863482
0 0.300166 0.580392 0.0663045 0.143071 0.857805
0 0.984786 0.0354135 0.0304276 0.070827 0.647603
0 0.675082 0.447018 0.0787961 0.15978 0.913445
0 0.477224 0.610998 0.0664796 0.146782 0.90442
0 0.299984 0.578412 0.0663565 0.136917 0.903546
0 0.984677 0.0346711 0.0306464 0.0693422 0.832166
0 0.676376 0.44711 0.0792664 0.158164 0.85807
0 0.300322 0.578629 0.0660718 0.134632 0.857706
0 0.477411 0.611096 0.0671182 0.143554 0.846892
0 0.984708 0.035023 0.0305834 0.070046 0.80133
0 0.936063 0.0234759 0.0293249 0.0469518 0.207798
0 0.676416 0.446539 0.0789024 0.161035 0.936666
0 0.300179 0.579218 0.0637522 0.137046 0.913182
0 0.477457 0.611255 0.0635081 0.143979 0.909399
0 0.984456 0.0347753 0.0310878 0.0695506 0.752045
0 0.676456 0.447372 0.0785093 0.156975 0.922258
0 0.477384 0.611768 0.0631371 0.141954 0.898998
0 0.300148 0.58 0.0629006 0.136463 0.896518
0 0.984748 0.0348399 0.0305045 0.0696798 0.746912
0 0.935075 0.0226342 0.0266215 0.0452683 0.175117
0 0.676409 0.448238 0.0779989 0.155752 0.920537
0 0.300027 0.579536 0.0637024 0.136891 0.906334
0 0.477355 0.611592 0.0645405 0.143322 0.904536
0 0.984484 0.036276 0.0310318 0.072552 0.733054
0 0.674867 0.594325 0.0385708 0.0847638 0.142334
0 0.936468 0.0236722 0.0298034 0.0473444 0.139425
0 0.685052 0.924498 0.0371379 0.0757994 0.131376
0 0.300528 0.57651 0.06432 0.133378 0.901513
0 0.676785 0.446728 0.0784296 0.15586 0.900796
0 0.478036 0.608625 0.0648754 0.140635 0.88432
0 0.984929 0.0353477 0.0301426 0.0706955 0.412588
0 0.300283 0.578399 0.0652153 0.134557 0.909049
0 0.47752 0.610633 0.0661801 0.142744 0.892456
0 0.676189 0.447978 0.0794513 0.160817 0.891519
0 0.984833 0.0355371 0.0303343 0.0695416 0.681384
0 0.475642 0.733765 0.0472802 0.0705304 0.175815
0 0.299975 0.578885 0.064119 0.133049 0.874844
0 0.477205 0.610638 0.0646867 0.140351 0.862745
0 0.675686 0.448165 0.0771537 0.153832 0.855908
0 0.984914 0.0354672 0.0301717 0.0686648 0.587039
0 0.674466 0.446291 0.0813174 0.158768 0.934688
0 0.300431 0.579587 0.0659051 0.137059 0.920833
0 0.477457 0.610634 0.0668975 0.142658 0.91267
0 0.984644 0.0376217 0.0302874 0.0680057 0.175505
0 0.674326 0.446794 0.0817898 0.159759 0.923564
0 0.477876 0.610997 0.067473 0.14338 0.895513
0 0.30085 0.579716 0.0661705 0.138817 0.894591
0 0.674231 0.446359 0.080391 0.15787 0.939531
0 0.300222 0.577369 0.0642223 0.13853 0.935906
0 0.477105 0.609162 0.0645811 0.145246 0.917404
0 0.984953 0.035991 0.0300949 0.071982 0.366959
0 0.300581 0.57677 0.0635775 0.133351 0.92474
0 0.477362 0.608821 0.0641685 0.141002 0.909924
0 0.674926 0.446093 0.0793952 0.154136 0.902565
0 0.985054 0.0362061 0.0298924 0.0695714 0.489789
0 0.300243 0.575757 0.064686 0.135985 0.935063
0 0.477056 0.607721 0.0664811 0.144593 0.916799
0 0.674952 0.445505 0.0809146 0.159154 0.899865
0 0.984919 0.0364224 0.030162 0.0702102 0.304445
0 0.675421 0.447913 0.0791547 0.160323 0.912607
0 0.300637 0.577334 0.0645298 0.137154 0.902005
0 0.476913 0.61035 0.0666935 0.146674 0.889718
0 0.985275 0.0376015 0.0294501 0.0697088 0.366364
0 0.935052 0.0231372 0.0246598 0.0462744 0.124845
0 0.67457 0.447214 0.0798148 0.159631 0.93742
0 0.476659 0.609964 0.06796 0.147424 0.915042
0 0.300115 0.577907 0.0659457 0.137381 0.910062
0 0.675498 0.447156 0.077208 0.157638 0.946921
0 0.477455 0.61044 0.0659714 0.146524 0.924543
0 0.300418 0.578404 0.0646569 0.136961 0.920957
0 0.674669 0.447963 0.0813367 0.160675 0.856
0 0.477349 0.611444 0.0691947 0.149093 0.835389
0 0.300602 0.580947 0.0673497 0.142966 0.829318
0 0.67545 0.446627 0.0791362 0.160407 0.914611
0 0.300162 0.57871 0.0668307 0.140302 0.908558
0 0.477784 0.610492 0.0677554 0.148757 0.892291
0 0.675176 0.445761 0.0765745 0.155362 0.884016
0 0.300211 0.577287 0.0635165 0.135197 0.883606
0 0.477396 0.609489 0.0634057 0.141495 0.857709
0 0.675292 0.44641 0.075926 0.154039 0.893886
0 0.30027 0.578167 0.0635201 0.132225 0.883281
0 0.477649 0.609591 0.0634293 0.137671 0.875641
0 0.984634 0.034798 0.030732 0.069596 0.131125
0 0.675141 0.447029 0.0752748 0.150971 0.902529
0 0.300282 0.578 0.0630349 0.130153 0.881202
0 0.477698 0.609232 0.0626951 0.135602 0.875318
0 0.98487 0.0351672 0.0299769 0.0691828 0.212327
0 0.674957 0.447108 0.0778655 0.159409 0.930402
0 0.300499 0.578472 0.0644147 0.135967 0.905408
0 0.477555 0.6099 0.0641551 0.141137 0.90455
0 0.984545 0.0345945 0.0308178 0.0691891 0.267077
0 0.675138 0.447636 0.0781384 0.157315 0.901603
0 0.300669 0.578919 0.0633332 0.130947 0.896061
0 0.477937 0.611206 0.0619695 0.139806 0.889157
0 0.984652 0.0362866 0.0306959 0.0706546 0.396312
0 0.67398 0.44562 0.0772049 0.161268 0.916667
0 0.29986 0.578075 0.0643261 0.133361 0.904886
0 0.477399 0.610787 0.0629502 0.141456 0.889017
0 0.984558 0.0360704 0.0308847 0.0711388 0.239598
0 0.675125 0.445689 0.0760347 0.156469 0.899298
0 0.300563 0.577004 0.0628783 0.130679 0.876553
0 0.477769 0.608642 0.0640765 0.139708 0.856521
0 0.300318 0.578089 0.0641407 0.130786 0.917309
0 0.675044 0.447862 0.0776175 0.155036 0.916526
0 0.477721 0.60953 0.0640471 0.139252 0.909918
0 0.984689 0.0371899 0.0306222 0.0679043 0.138392
0 0.674491 0.448367 0.0790445 0.160181 0.909089
0 0.300781 0.579463 0.0661626 0.13503 0.903781
0 0.477725 0.609557 0.0654857 0.142426 0.902981
0 0.984563 0.0359348 0.0308734 0.0693165 0.630391
0 0.674826 0.447362 0.0758265 0.153866 0.919551
0 0.300612 0.579378 0.0644906 0.131688 0.911346
0 0.477847 0.609366 0.0630889 0.137174 0.909063
0 0.984776 0.036922 0.0304471 0.068893 0.74146
0 0.936133 0.0233631 0.0280589 0.0467262 0.322904
0 0.300261 0.580121 0.0653647 0.133408 0.899364
0 0.675089 0.44674 0.076864 0.154085 0.896236
0 0.477045 0.61058 0.0662405 0.140011 0.887566
0 0.984272 0.0370804 0.0314555 0.0699288 0.523836
0 0.935852 0.02289 0.0274139 0.0457799 0.198112
0 0.300535 0.580069 0.0653772 0.132797 0.909975
0 0.674954 0.447175 0.0767859 0.153692 0.907622
0 0.477419 0.611196 0.0657972 0.140604 0.901395
0 0.984739 0.0360202 0.0305225 0.0695956 0.419179
0 0.93621 0.0222771 0.0264012 0.0445541 0.272903
0 0.30083 0.580301 0.0672248 0.1342 0.892084
0 0.673296 0.446454 0.0790915 0.159068 0.887598
0 0.477348 0.611058 0.0656653 0.142645 0.887349
0 0.984233 0.0360547 0.0315343 0.0721094 0.551873
0 0.936915 0.0228814 0.0287609 0.0457627 0.115425
0 0.673774 0.44555 0.079177 0.15836 0.870853
0 0.476824 0.612039 0.0650834 0.143445 0.862254
0 0.299515 0.580205 0.0654864 0.133217 0.854137
0 0.983895 0.0357349 0.032209 0.0714699 0.47705
0 0.675854 0.446279 0.0731378 0.154876 0.921594
0 0.299875 0.579849 0.0632485 0.132813 0.906645
0 0.477624 0.611662 0.0632743 0.14518 0.906174
0 0.984591 0.0380902 0.0308188 0.0693303 0.653262
0 0.936317 0.0225355 0.028041 0.0450711 0.209725
0 0.675363 0.446334 0.0780394 0.159034 0.886587
0 0.300641 0.579535 0.0658536 0.139101 0.877902
0 0.477723 0.61226 0.0686608 0.151425 0.875813
0 0.984423 0.0380086 0.0311532 0.0693015 0.545018
0 0.935513 0.0223586 0.0287361 0.0447172 0.279352
0 0.676201 0.445841 0.0785233 0.158394 0.914309
0 0.301581 0.580111 0.0667757 0.138233 0.90172
0 0.478809 0.611526 0.0686356 0.149701 0.889788
0 0.984599 0.0375699 0.0308022 0.0653302 0.212974
0 0.675542 0.445427 0.0785717 0.157252 0.940387
0 0.30064 0.579896 0.0669284 0.137758 0.927749
0 0.478165 0.610235 0.0682252 0.147486 0.917309
0 0.98427 0.0371883 0.0314595 0.0668156 0.151301
0 0.936276 0.0234119 0.0294955 0.0468238 0.117867
0 0.675136 0.445426 0.0780504 0.152985 0.898351
0 0.300498 0.579075 0.0662673 0.131337 0.894054
0 0.477805 0.609497 0.0674844 0.141173 0.891921
0 0.984148 0.0371094 0.0317036 0.0690423 0.275136
0 0.936198 0.0226894 0.0296071 0.0453788 0.132801
0 0.67535 0.447419 0.0770865 0.153473 0.913225
0 0.478349 0.610672 0.0668913 0.141295 0.912837
0 0.301021 0.579633 0.0662698 0.131505 0.898876
0 0.984605 0.037929 0.0307906 0.0688242 0.495958
0 0.93592 0.0220376 0.0278104 0.0440753 0.111006
0 0.477529 0.610309 0.0673933 0.14503 0.920961
0 0.673828 0.446139 0.0779717 0.155005 0.919045
0 0.300477 0.578502 0.0661676 0.131561 0.91134
0 0.984588 0.0373324 0.0308236 0.0703726 0.654118
0 0.937411 0.0231032 0.03225 0.0462065 0.111732
0 0.675172 0.448009 0.0774261 0.154562 0.913776
0 0.301034 0.579138 0.0658257 0.129122 0.908856
0 0.478201 0.610776 0.066097 0.140029 0.908355
0 0.984588 0.038057 0.0308237 0.0697174 0.502369
0 0.936881 0.023563 0.0318065 0.047126 0.227675
0 0.300419 0.578414 0.0649337 0.131788 0.912154
0 0.676032 0.446341 0.0764606 0.157532 0.911791
0 0.477992 0.608955 0.0653118 0.14101 0.904297
0 0.984349 0.0359955 0.031301 0.071483 0.629146
0 0.936364 0.0233132 0.0321059 0.0466264 0.37302
0 0.675627 0.446836 0.0766952 0.155846 0.890745
0 0.300154 0.578763 0.0646873 0.130465 0.887266
0 0.477801 0.609738 0.064688 0.138694 0.881404
0 0.98424 0.0365282 0.0315207 0.0706032 0.549435
0 0.936448 0.0237415 0.0333568 0.047483 0.187022
0 0.675661 0.447158 0.0761324 0.14734 0.929455
0 0.299821 0.578558 0.0644631 0.126241 0.918326
0 0.477283 0.609551 0.0630251 0.13296 0.913751
0 0.984491 0.0370788 0.0310178 0.0685751 0.616911
0 0.937297 0.0230156 0.033408 0.0460311 0.164162
0 0.674981 0.447004 0.0766421 0.152291 0.907044
0 0.477341 0.60972 0.0642882 0.137905 0.894006
0 0.299265 0.579987 0.063322 0.130725 0.893457
0 0.984186 0.036535 0.0316271 0.0697815 0.56905
0 0.477545 0.609985 0.0638356 0.139099 0.892853
0 0.675212 0.447662 0.0757584 0.152229 0.876745
0 0.299874 0.579501 0.0638593 0.131662 0.87165
0 0.984431 0.0374645 0.0304335 0.0690852 0.610886
0 0.937334 0.0228029 0.0317473 0.0456058 0.122191
0 0.477403 0.610329 0.0649723 0.140913 0.917362
0 0.299983 0.579875 0.0645244 0.132935 0.910018
0 0.674975 0.447166 0.0767481 0.154782 0.905214
0 0.984329 0.0372251 0.0313429 0.0701571 0.749564
0 0.937448 0.0228608 0.0321175 0.0457216 0.128861
0 0.29987 0.57977 0.0645087 0.133598 0.890481
0 0.477049 0.610406 0.0642102 0.142006 0.882762
0 0.675327 0.446515 0.0756003 0.152202 0.877446
0 0.983443 0.0373179 0.0306603 0.070822 0.699174
0 0.936487 0.0226184 0.0305509 0.0452367 0.190144
0 0.67522 0.445051 0.076638 0.156426 0.914205
0 0.300642 0.579449 0.0663573 0.134858 0.913331
0 0.478241 0.608659 0.0662393 0.142681 0.906323
0 0.983998 0.0375029 0.0313242 0.0722071 0.500372
0 0.936689 0.0228946 0.0305073 0.0457892 0.160108
0 0.299975 0.579732 0.0656238 0.13581 0.916215
0 0.673767 0.445545 0.0762123 0.154834 0.905482
0 0.476736 0.608392 0.064724 0.141527 0.90239
0 0.981893 0.0404263 0.0336905 0.0696827 0.178523
0 0.935591 0.0230921 0.0288746 0.0461843 0.131217
0 0.300128 0.580042 0.0646667 0.136592 0.902144
0 0.47755 0.610381 0.0633977 0.139812 0.893798
0 0.674124 0.44578 0.0757854 0.154227 0.890058
0 0.982254 0.039037 0.0341402 0.0680893 0.146229
0 0.300005 0.579423 0.0639772 0.131128 0.909477
0 0.477973 0.610951 0.0626563 0.13832 0.898027
0 0.674056 0.446391 0.0776171 0.155452 0.894361
0 0.984011 0.0383044 0.0314477 0.0700473 0.171318
0 0.300122 0.580268 0.0639615 0.129765 0.911828
0 0.674095 0.446506 0.0777332 0.154553 0.903745
0 0.47775 0.612008 0.0627297 0.138519 0.898925
0 0.984361 0.0382109 0.0312772 0.0716609 0.623103
