0 0.814826 0.399364 0.111723 0.0459474 0.874116
0 0.320883 0.511044 0.101454 0.0519846 0.752996
0 0.855535 0.501443 0.122885 0.0475918 0.746166
0 0.831683 0.282958 0.11246 0.048113 0.725444
0 0.88263 0.725005 0.113264 0.0453876 0.675481
0 0.859168 0.606397 0.122143 0.0481442 0.544511
0 0.177902 0.44144 0.072599 0.0229212 0.180027
0 0.336998 0.403581 0.0670312 0.0208679 0.147774
0 0.115027 0.585606 0.075934 0.0272741 0.122531
0 0.323146 0.510668 0.108249 0.052525 0.915384
0 0.826506 0.284092 0.124712 0.0517409 0.803549
0 0.881059 0.723075 0.120782 0.0480671 0.730238
0 0.856187 0.607945 0.126592 0.0489384 0.728904
0 0.855152 0.500962 0.126763 0.0488477 0.720087
0 0.8141 0.398612 0.118845 0.0475871 0.614284
0 0.806294 0.500078 0.140502 0.0450739 0.226349
0 0.819989 0.720403 0.102315 0.0451628 0.156414
0 0.111212 0.585522 0.0727557 0.0307785 0.125477
0 0.352715 0.476268 0.0845234 0.029182 0.113213
0 0.832148 0.285005 0.1179 0.0525635 0.814764
0 0.857369 0.50136 0.125094 0.0501837 0.760677
0 0.859542 0.608599 0.127981 0.0527896 0.732677
0 0.881774 0.724321 0.11823 0.0494173 0.595759
0 0.816788 0.399462 0.114157 0.0484984 0.562119
0 0.323219 0.511195 0.109301 0.0535954 0.3726
0 0.323412 0.568804 0.478947 0.250645 0.27433
0 0.309457 0.484582 0.457446 0.202529 0.122026
0 0.881777 0.72399 0.115018 0.046168 0.907331
0 0.829076 0.28394 0.112758 0.0470181 0.900755
0 0.859102 0.607783 0.122902 0.0480313 0.859078
0 0.855446 0.501069 0.123643 0.0460525 0.844075
0 0.819014 0.399521 0.107077 0.0454313 0.824482
0 0.31961 0.512402 0.103377 0.0486877 0.523755
0 0.350416 0.476379 0.0764627 0.0269756 0.210784
0 0.332852 0.405259 0.0571781 0.0230148 0.170347
0 0.792381 0.71799 0.0438854 0.0316526 0.132276
0 0.830892 0.284114 0.118874 0.0489881 0.9954
0 0.881644 0.72273 0.117343 0.0491379 0.993789
0 0.858294 0.607888 0.124349 0.0485822 0.98914
0 0.818359 0.397635 0.114169 0.0487794 0.979769
0 0.855097 0.500244 0.125787 0.0512493 0.978682
0 0.321393 0.511495 0.109649 0.0514809 0.8931
0 0.961677 0.0696179 0.0766455 0.0482871 0.309724
0 0.334093 0.404821 0.0659605 0.0251906 0.111398
0 0.831827 0.285526 0.110209 0.0478687 0.971854
0 0.882805 0.723864 0.107937 0.0478675 0.963011
0 0.856661 0.500568 0.118201 0.0500082 0.951332
0 0.857662 0.608924 0.118057 0.0469652 0.941822
0 0.819913 0.398475 0.109847 0.0483677 0.924863
0 0.32 0.512474 0.103677 0.0514905 0.835157
0 0.328373 0.500043 0.137647 0.0786555 0.408918
0 0.963318 0.069547 0.0733637 0.0451009 0.251853
0 0.24106 0.375642 0.357111 0.134093 0.132662
0 0.344869 0.475181 0.0653315 0.0253032 0.125659
0 0.242485 0.596837 0.386678 0.155159 0.885927
0 0.830129 0.284636 0.113495 0.0493264 0.678819
0 0.852628 0.500895 0.126593 0.0498929 0.641908
0 0.816333 0.398427 0.116933 0.0496157 0.625214
0 0.879593 0.722991 0.110017 0.0492582 0.608277
0 0.856477 0.607828 0.125386 0.0486056 0.600614
0 0.222583 0.37747 0.339763 0.153926 0.513593
0 0.317031 0.511655 0.10087 0.051178 0.381577
0 0.962529 0.0692715 0.0749417 0.0467054 0.328538
0 0.330729 0.499289 0.13003 0.0800445 0.131024
0 0.829869 0.284808 0.115083 0.0479725 0.988477
0 0.853511 0.501173 0.129475 0.0473322 0.987724
0 0.855359 0.608253 0.129678 0.048177 0.986452
0 0.882185 0.723088 0.111613 0.047676 0.985413
0 0.81592 0.398363 0.120197 0.0476524 0.984841
0 0.318676 0.511778 0.10501 0.0501093 0.957393
0 0.962517 0.0702622 0.0749654 0.0460047 0.46714
0 0.328852 0.490784 0.115177 0.0577007 0.387977
0 0.793041 0.716278 0.0433841 0.0293416 0.175902
0 0.341303 0.476644 0.0711175 0.0270451 0.108684
0 0.856441 0.607166 0.121892 0.04855 0.925823
0 0.853216 0.499546 0.124801 0.0475438 0.92556
0 0.816416 0.396473 0.120425 0.0467291 0.919634
0 0.881038 0.721704 0.110945 0.0468899 0.915957
0 0.82968 0.28364 0.110491 0.0467877 0.91115
0 0.321652 0.509369 0.11472 0.0561913 0.780515
0 0.248728 0.602567 0.393903 0.150146 0.348132
0 0.484115 0.420212 0.147176 0.0692118 0.274539
0 0.484065 0.437322 0.13933 0.0328964 0.202458
0 0.962446 0.0689934 0.0751075 0.0441507 0.171942
0 0.83097 0.283551 0.106609 0.0466 0.813784
0 0.816765 0.396107 0.113988 0.0466308 0.792405
0 0.88208 0.721345 0.106164 0.0465361 0.787812
0 0.858215 0.607279 0.117143 0.0476233 0.77457
0 0.854052 0.499472 0.119391 0.0469685 0.766287
0 0.317945 0.510054 0.102214 0.0497335 0.7025
0 0.279824 0.440532 0.0578607 0.0214779 0.314563
0 0.962426 0.0699565 0.0751473 0.0478513 0.306206
0 0.341935 0.47444 0.058224 0.0240362 0.23199
0 0.330193 0.479556 0.0970509 0.0389915 0.227187
0 0.331948 0.498696 0.134401 0.080525 0.120225
0 0.335619 0.404074 0.0586728 0.0230419 0.112336
0 0.882286 0.721586 0.113461 0.0472893 0.965658
0 0.816373 0.396156 0.116038 0.0472615 0.9628
0 0.856248 0.607297 0.128708 0.0482125 0.962518
0 0.855212 0.499642 0.125694 0.0495817 0.953434
0 0.831877 0.283463 0.109961 0.0464683 0.951087
0 0.320123 0.510889 0.110617 0.0512627 0.942447
0 0.335549 0.486534 0.10688 0.0533377 0.118313
0 0.881697 0.721555 0.106454 0.044975 0.85583
0 0.854166 0.498667 0.118216 0.0462631 0.830809
0 0.817583 0.395867 0.111872 0.0444553 0.83004
0 0.857502 0.606739 0.117481 0.0447067 0.797007
0 0.321064 0.510417 0.105563 0.0493775 0.794778
0 0.834961 0.283341 0.102451 0.0445291 0.761981
0 0.813786 0.397215 0.122399 0.0490105 0.676732
0 0.853951 0.606176 0.127785 0.0480309 0.66657
0 0.881346 0.72296 0.109282 0.0483244 0.645821
0 0.850299 0.500691 0.128477 0.050959 0.609049
0 0.320134 0.511382 0.112719 0.0534235 0.5983
0 0.831085 0.284827 0.110228 0.0486109 0.586988
0 0.277335 0.441503 0.054795 0.0233374 0.218013
0 0.960656 0.0707281 0.0786872 0.0492404 0.148542
0 0.884539 0.723757 0.107596 0.0474092 0.875633
0 0.817317 0.397979 0.115998 0.0485654 0.864731
0 0.853786 0.501297 0.123669 0.05045 0.863439
0 0.859393 0.606161 0.119657 0.0483078 0.858552
0 0.833202 0.285079 0.107826 0.0484493 0.802229
0 0.319079 0.511128 0.107057 0.0545686 0.784696
0 0.319504 0.51006 0.105021 0.0556177 0.789556
0 0.826085 0.284846 0.112165 0.0462342 0.738962
0 0.877066 0.725373 0.115487 0.0461956 0.695794
0 0.344465 0.484802 0.0846296 0.033791 0.45785
0 0.851666 0.501961 0.123614 0.048897 0.322089
0 0.348759 0.581965 0.0704685 0.0245239 0.289135
0 0.854313 0.605483 0.128022 0.0459995 0.238108
0 0.812083 0.398982 0.105974 0.0455316 0.169175
0 0.180102 0.440729 0.06704 0.0233494 0.165696
0 0.507686 0.405317 0.0847007 0.0234643 0.129142
0 0.827106 0.282977 0.112415 0.047547 0.754595
0 0.320265 0.509136 0.112386 0.0541272 0.740529
0 0.850619 0.500049 0.122979 0.0484957 0.721307
0 0.846001 0.606179 0.132797 0.0498453 0.51331
0 0.878558 0.723876 0.119046 0.0452179 0.412888
0 0.813466 0.398251 0.116204 0.0444147 0.19404
0 0.855717 0.607846 0.127436 0.0506216 0.598144
0 0.828166 0.285521 0.115904 0.0467645 0.574533
0 0.322299 0.510556 0.110977 0.052899 0.45015
0 0.880874 0.725218 0.115588 0.0468923 0.447587
0 0.854239 0.500502 0.120701 0.0478754 0.409948
0 0.179312 0.620546 0.23094 0.120769 0.11756
0 0.830657 0.283929 0.12068 0.0498779 0.883848
0 0.882668 0.722894 0.118939 0.0474251 0.775086
0 0.84339 0.607771 0.159856 0.0531874 0.772369
0 0.328717 0.503259 0.12618 0.0669771 0.771925
0 0.857299 0.499478 0.126418 0.0503111 0.740128
0 0.231934 0.610824 0.359207 0.158038 0.578359
0 0.816309 0.398101 0.116802 0.0491345 0.470639
0 0.830429 0.28427 0.115807 0.0446143 0.863561
0 0.883817 0.722839 0.112157 0.0431182 0.719169
0 0.857215 0.499607 0.117923 0.0471309 0.611462
0 0.846162 0.607555 0.148958 0.0493497 0.610254
0 0.327687 0.51056 0.115044 0.0479393 0.60582
0 0.820788 0.39829 0.110581 0.04345 0.351315
0 0.110897 0.404534 0.0615523 0.0241618 0.121254
0 0.33714 0.357059 0.0758278 0.0498476 0.114997
0 0.340926 0.369776 0.0635722 0.0227955 0.102685
0 0.829697 0.28552 0.118949 0.0473762 0.953234
0 0.883304 0.724149 0.115711 0.0460331 0.856118
0 0.83683 0.608958 0.170295 0.0516564 0.800336
0 0.855558 0.500911 0.123095 0.0499828 0.78158
0 0.821517 0.399484 0.119178 0.0472302 0.640578
0 0.329144 0.511317 0.122804 0.0510529 0.532968
0 0.490283 0.421996 0.141524 0.0694503 0.151621
0 0.959703 0.0713369 0.0805947 0.050557 0.150467
0 0.317318 0.350694 0.133469 0.0684264 0.11428
0 0.829939 0.284969 0.113411 0.0485607 0.837485
0 0.880758 0.724155 0.112255 0.0493689 0.778612
0 0.853933 0.500827 0.11893 0.0524477 0.773573
0 0.839071 0.607311 0.15634 0.0492884 0.754142
0 0.819253 0.399303 0.113627 0.0486932 0.499402
0 0.321357 0.51162 0.11376 0.0526818 0.455516
0 0.830153 0.284323 0.11563 0.0476131 0.920537
0 0.880743 0.724406 0.11544 0.0468578 0.919105
0 0.853749 0.501293 0.125456 0.0499868 0.897687
0 0.848127 0.607839 0.1509 0.0479046 0.872265
0 0.81771 0.399341 0.11616 0.0463238 0.742586
0 0.322671 0.511065 0.121441 0.0511318 0.46033
0 0.828855 0.283912 0.111326 0.0461383 0.970424
0 0.880409 0.723465 0.109537 0.0445431 0.953821
0 0.852804 0.500531 0.119341 0.0476148 0.93619
0 0.853074 0.606558 0.14165 0.0514971 0.934785
0 0.815805 0.398418 0.11635 0.0446079 0.899759
0 0.31948 0.510879 0.115357 0.050152 0.761538
0 0.789663 0.725336 0.0416552 0.027463 0.128936
0 0.11326 0.585616 0.0659217 0.0272524 0.118463
0 0.831114 0.282998 0.110517 0.0485828 0.954888
0 0.881686 0.723134 0.11139 0.0462263 0.928541
0 0.858522 0.606584 0.130092 0.0524952 0.911852
0 0.853967 0.500607 0.11977 0.0495129 0.895083
0 0.819031 0.398199 0.117679 0.0462745 0.888794
0 0.319225 0.509138 0.105911 0.0552447 0.670121
0 0.112755 0.585306 0.0580284 0.0268973 0.125776
0 0.115269 0.51208 0.062889 0.0278885 0.12051
0 0.883018 0.722805 0.112594 0.0462174 0.964827
0 0.831408 0.283878 0.111881 0.0463352 0.963396
0 0.859723 0.607219 0.118603 0.0495338 0.95598
0 0.855358 0.500091 0.120567 0.0488037 0.951358
0 0.818688 0.398281 0.117009 0.0449429 0.939064
0 0.318475 0.510113 0.110874 0.0516914 0.888539
0 0.113609 0.512234 0.0709488 0.0287405 0.229672
0 0.111937 0.585426 0.0651909 0.0270138 0.192317
0 0.500819 0.421869 0.112907 0.0679743 0.181417
0 0.332576 0.493514 0.117738 0.0691597 0.132578
0 0.109039 0.403877 0.0552855 0.0233951 0.128974
0 0.857936 0.607286 0.12778 0.0487309 0.778217
0 0.830636 0.284197 0.113188 0.045417 0.732185
0 0.880191 0.723015 0.114562 0.0456608 0.711036
0 0.818097 0.397788 0.118153 0.0449072 0.646318
0 0.854549 0.50013 0.122643 0.048905 0.643676
0 0.32412 0.510323 0.121033 0.0509386 0.588206
0 0.488798 0.423511 0.138527 0.0704277 0.127036
0 0.830876 0.283098 0.10746 0.0465561 0.889338
0 0.860977 0.606955 0.117885 0.0499377 0.880895
0 0.881977 0.722502 0.105032 0.0478933 0.876423
0 0.856329 0.500028 0.11417 0.0510618 0.840625
0 0.820695 0.397468 0.105798 0.0463736 0.810825
0 0.323788 0.510674 0.11487 0.0533182 0.75908
0 0.11283 0.58571 0.0692632 0.0287178 0.214924
0 0.487523 0.440223 0.127667 0.0291355 0.195644
0 0.499627 0.422901 0.113022 0.0709553 0.181432
0 0.280628 0.441758 0.0663425 0.0257044 0.160498
0 0.345263 0.583323 0.0688144 0.0279329 0.138886
0 0.114399 0.512924 0.0728191 0.0289052 0.127315
0 0.830813 0.283264 0.112774 0.0448531 0.898024
0 0.882629 0.723243 0.112252 0.0470295 0.891199
0 0.85942 0.606363 0.118704 0.0487513 0.886876
0 0.855399 0.500952 0.1209 0.0504364 0.852312
0 0.820743 0.397758 0.109066 0.0461792 0.84863
0 0.320244 0.510341 0.108227 0.0533932 0.793238
0 0.11298 0.512622 0.0712905 0.0292475 0.279038
0 0.482539 0.436059 0.140467 0.0387848 0.210182
0 0.494328 0.423108 0.123892 0.0705061 0.186008
0 0.111549 0.585827 0.0654059 0.0283508 0.179565
0 0.34409 0.583768 0.0719147 0.027499 0.127042
0 0.335518 0.406044 0.0664503 0.0253921 0.105877
0 0.883795 0.722013 0.114621 0.0487863 0.905797
0 0.831814 0.282984 0.115839 0.0462584 0.902408
0 0.858981 0.606398 0.124777 0.04909 0.900613
0 0.856149 0.498705 0.12152 0.0516405 0.900094
0 0.821147 0.397974 0.112462 0.0456797 0.890326
0 0.32804 0.510285 0.121689 0.052723 0.848417
0 0.486731 0.422478 0.146111 0.0706854 0.467309
0 0.113999 0.512441 0.0694554 0.0283184 0.424341
0 0.111792 0.585534 0.0655317 0.0272577 0.325178
0 0.278844 0.441051 0.0638951 0.0255119 0.324984
0 0.283539 0.654566 0.0716062 0.0271887 0.26264
0 0.480862 0.437217 0.143264 0.0342693 0.235788
0 0.347236 0.616196 0.0733941 0.0310174 0.200475
0 0.33901 0.40625 0.0714521 0.0252998 0.199275
0 0.117082 0.620918 0.0699281 0.025036 0.169697
0 0.111613 0.404805 0.061974 0.0240765 0.160267
0 0.515142 0.580808 0.0725137 0.0256287 0.140712
0 0.346391 0.584082 0.0731516 0.0248891 0.139107
0 0.347141 0.499116 0.16801 0.0848328 0.100668
0 0.820326 0.398427 0.109457 0.0460291 0.836415
0 0.88211 0.723642 0.113637 0.0476743 0.830484
0 0.859636 0.60736 0.122077 0.0500827 0.829071
0 0.856105 0.500074 0.119438 0.0499637 0.800967
0 0.831279 0.28351 0.110937 0.0475852 0.788842
0 0.324104 0.510944 0.113979 0.0528107 0.748452
0 0.483952 0.422855 0.146159 0.0701501 0.275529
0 0.279664 0.442523 0.0650065 0.0272835 0.270868
0 0.114363 0.513273 0.070531 0.028197 0.263566
0 0.338917 0.406656 0.0708021 0.0251032 0.213959
0 0.112416 0.585641 0.0669382 0.0268124 0.181395
0 0.118172 0.621014 0.0721426 0.0250828 0.164067
0 0.111628 0.405249 0.0633434 0.0244423 0.162684
0 0.346658 0.584303 0.0701599 0.0245247 0.13275
0 0.348955 0.616964 0.0721757 0.0278688 0.118613
0 0.882958 0.723433 0.105437 0.0453872 0.934896
0 0.820713 0.39742 0.103921 0.0461186 0.930592
0 0.858344 0.606918 0.125326 0.0491999 0.92402
0 0.854637 0.499959 0.117661 0.0479016 0.923286
0 0.831422 0.283767 0.104989 0.0458837 0.920027
0 0.319368 0.510493 0.106051 0.050915 0.91579
0 0.48409 0.423519 0.141017 0.065093 0.189381
0 0.280124 0.441621 0.0653449 0.026767 0.103472
0 0.862825 0.607097 0.116648 0.0494298 0.88546
0 0.832217 0.284288 0.108459 0.0447184 0.872061
0 0.884878 0.723796 0.106717 0.0456886 0.866158
0 0.822826 0.398697 0.103111 0.0447916 0.856569
0 0.857042 0.500636 0.117422 0.0474162 0.836213
0 0.320366 0.511158 0.10681 0.050774 0.833824
0 0.279721 0.441238 0.0637179 0.0239234 0.188241
0 0.34815 0.616222 0.0698591 0.0278804 0.187132
0 0.514309 0.579845 0.0734204 0.0270545 0.143808
0 0.286006 0.654835 0.0691306 0.0259138 0.115553
0 0.860849 0.606683 0.114553 0.0474828 0.89807
0 0.824218 0.397904 0.101574 0.0451733 0.870632
0 0.885915 0.723446 0.10673 0.0464711 0.868692
0 0.855625 0.499795 0.115788 0.0469686 0.867265
0 0.835907 0.283564 0.104827 0.0455748 0.84649
0 0.322556 0.51076 0.102893 0.0507712 0.843382
0 0.345604 0.615568 0.0687759 0.0274775 0.703666
0 0.339634 0.405256 0.0722742 0.0252997 0.62005
0 0.342016 0.368717 0.0551383 0.0228921 0.599106
0 0.3463 0.58246 0.065114 0.0250111 0.581418
0 0.279508 0.440756 0.0653447 0.0256419 0.543418
0 0.284351 0.654345 0.0693711 0.0261978 0.535909
0 0.514708 0.579463 0.0699092 0.0278725 0.394526
0 0.114221 0.510742 0.0691648 0.027755 0.388645
0 0.184507 0.54622 0.0612087 0.0238209 0.347839
0 0.108626 0.404353 0.0552405 0.0233944 0.231309
0 0.120865 0.619988 0.0620689 0.0226906 0.189931
0 0.112122 0.585072 0.0644373 0.0263401 0.180649
0 0.345156 0.473479 0.0580741 0.0260552 0.157159
0 0.176571 0.334846 0.0670999 0.0235461 0.133275
0 0.496455 0.439352 0.104863 0.0277399 0.119168
0 0.108819 0.368281 0.0562886 0.0231713 0.105481
0 0.509747 0.402557 0.0806759 0.0311178 0.102554
0 0.86009 0.606957 0.119177 0.0490231 0.906485
0 0.854589 0.500615 0.121779 0.0482965 0.8904
0 0.326155 0.511585 0.118067 0.052812 0.887329
0 0.884013 0.724062 0.111832 0.0467892 0.8809
0 0.833204 0.283334 0.110592 0.0467664 0.876236
0 0.818996 0.399097 0.113032 0.0459139 0.868876
0 0.34642 0.616547 0.065413 0.0264629 0.14975
0 0.342764 0.368768 0.0496279 0.022649 0.10345
0 0.861757 0.606657 0.111598 0.048431 0.857812
0 0.884585 0.722814 0.105444 0.046814 0.841556
0 0.833942 0.283231 0.104648 0.0461857 0.836546
0 0.858383 0.499469 0.111235 0.0494101 0.821843
0 0.32472 0.511772 0.112532 0.0525269 0.791585
0 0.81961 0.399437 0.109387 0.048374 0.787247
0 0.27935 0.441633 0.058782 0.0251284 0.189888
0 0.335515 0.405916 0.0550327 0.0238945 0.169539
0 0.34393 0.368894 0.0431969 0.0206091 0.151295
0 0.859905 0.606723 0.116203 0.04893 0.903459
0 0.881645 0.723162 0.110493 0.0464755 0.891295
0 0.831871 0.283502 0.107932 0.0465233 0.888656
0 0.816594 0.398002 0.117694 0.0479873 0.882869
0 0.320805 0.510468 0.108838 0.0534734 0.869886
0 0.855056 0.50003 0.118124 0.0495285 0.862516
0 0.880969 0.723388 0.10771 0.0451914 0.849001
0 0.322012 0.509965 0.10972 0.0513019 0.843782
0 0.862218 0.606309 0.114412 0.046762 0.836758
0 0.818899 0.398211 0.10968 0.0453587 0.832965
0 0.832466 0.283072 0.104293 0.0452271 0.81858
0 0.856152 0.500054 0.114058 0.0476633 0.814572
0 0.823548 0.398723 0.100735 0.0449595 0.873954
0 0.883042 0.723735 0.105074 0.0449902 0.870064
0 0.832006 0.283919 0.103198 0.0448491 0.858237
0 0.860837 0.607219 0.114178 0.0468951 0.855774
0 0.323754 0.510293 0.1146 0.0507616 0.845261
0 0.856314 0.501168 0.118855 0.04811 0.819493
0 0.821654 0.399147 0.104027 0.0456053 0.877015
0 0.882297 0.723615 0.107883 0.0458143 0.865623
0 0.830801 0.283702 0.106636 0.0446958 0.86159
0 0.857439 0.607288 0.113935 0.0458511 0.860639
0 0.324018 0.510823 0.112805 0.0508558 0.841859
0 0.854593 0.500871 0.117958 0.0483202 0.836356
0 0.882493 0.724013 0.110448 0.0451496 0.833863
0 0.831768 0.283698 0.109625 0.0459987 0.832722
0 0.858866 0.6067 0.117275 0.0478174 0.823832
0 0.325795 0.510526 0.116947 0.0517885 0.817306
0 0.821167 0.398671 0.110907 0.0459707 0.812206
0 0.85552 0.500899 0.120249 0.0487122 0.793644
0 0.881871 0.723549 0.106401 0.043907 0.922114
0 0.831838 0.283857 0.105801 0.0448029 0.903031
0 0.859361 0.605975 0.114827 0.0491827 0.902588
0 0.820957 0.3981 0.107705 0.0454015 0.893033
0 0.855722 0.500303 0.114679 0.0468729 0.88945
0 0.322617 0.510131 0.110595 0.0513796 0.870062
0 0.823707 0.398769 0.10209 0.0456076 0.903683
0 0.882712 0.72378 0.10763 0.0442036 0.893413
0 0.861003 0.60728 0.11746 0.0482157 0.892468
0 0.833293 0.283948 0.107728 0.0449708 0.873621
0 0.856858 0.500957 0.115862 0.048291 0.862387
0 0.323756 0.511008 0.113747 0.0519762 0.855489
0 0.881912 0.722587 0.10618 0.0457485 0.912448
0 0.822232 0.39776 0.101438 0.0458298 0.907648
0 0.858265 0.6071 0.115522 0.0475587 0.89353
0 0.853793 0.500119 0.114626 0.0494572 0.867409
0 0.8323 0.283942 0.105674 0.0456793 0.865132
0 0.321524 0.511106 0.106471 0.052597 0.848459
0 0.82106 0.398681 0.10332 0.0465735 0.862484
0 0.880951 0.722533 0.107015 0.0454119 0.843419
0 0.857921 0.607299 0.117515 0.0473627 0.820554
0 0.832507 0.283912 0.108685 0.0451374 0.810727
0 0.855635 0.501479 0.115588 0.0488447 0.796141
0 0.322225 0.51155 0.108104 0.0512718 0.756062
0 0.27974 0.441439 0.0605149 0.0251835 0.116435
0 0.348303 0.61654 0.0703261 0.0243856 0.114055
0 0.820826 0.398859 0.10745 0.0478532 0.890153
0 0.88082 0.72371 0.106412 0.0462811 0.843923
0 0.861836 0.607788 0.117299 0.0483465 0.840589
0 0.832789 0.28417 0.108163 0.045185 0.838498
0 0.854612 0.500981 0.116193 0.0479998 0.800665
0 0.324515 0.511306 0.112815 0.0526805 0.781574
0 0.280724 0.442089 0.0665671 0.02656 0.25782
0 0.336449 0.405703 0.0685801 0.0245968 0.208394
0 0.351005 0.617062 0.0689138 0.0246316 0.162275
0 0.81811 0.398246 0.112786 0.0484118 0.826192
0 0.859634 0.607675 0.116656 0.0489716 0.800174
0 0.881288 0.723577 0.10693 0.0474411 0.791864
0 0.8537 0.500657 0.114657 0.0489331 0.76519
0 0.831112 0.283517 0.104901 0.0454871 0.759601
0 0.322053 0.511294 0.11093 0.0529991 0.724863
0 0.279121 0.441892 0.0651815 0.0270108 0.137956
0 0.885289 0.72339 0.108729 0.0450911 0.871605
0 0.861111 0.607941 0.118185 0.0476374 0.835921
0 0.856381 0.500103 0.115568 0.0480568 0.832535
0 0.833338 0.283392 0.108336 0.0444016 0.83174
0 0.823877 0.398392 0.109243 0.0450117 0.831268
0 0.325766 0.510935 0.118038 0.0504294 0.773095
0 0.501916 0.423255 0.107888 0.0694092 0.107503
0 0.88376 0.723087 0.109851 0.0449466 0.872743
0 0.820653 0.398118 0.110111 0.0463256 0.849385
0 0.858814 0.607971 0.118962 0.046946 0.832525
0 0.855294 0.499862 0.116498 0.0474634 0.826434
0 0.832489 0.283505 0.106986 0.0440129 0.826074
0 0.321903 0.511142 0.109491 0.0494893 0.791449
0 0.821155 0.398004 0.103646 0.0473194 0.8934
0 0.321727 0.510532 0.10725 0.0511701 0.867331
0 0.861568 0.606267 0.118846 0.0479534 0.836445
0 0.834239 0.282837 0.106983 0.0452975 0.831759
0 0.884533 0.722736 0.108159 0.0468231 0.821229
0 0.855675 0.499855 0.116791 0.0473205 0.7903
0 0.820548 0.39833 0.10818 0.0474596 0.902514
0 0.321611 0.510754 0.109481 0.0513017 0.877479
0 0.859153 0.606356 0.126231 0.0483207 0.843552
0 0.855013 0.500162 0.119835 0.0479752 0.841565
0 0.882776 0.722866 0.106396 0.0469469 0.840721
0 0.833502 0.282944 0.10867 0.0452377 0.827282
0 0.823281 0.398176 0.100232 0.046413 0.887641
0 0.882842 0.722883 0.103648 0.046339 0.885836
0 0.32018 0.510809 0.105334 0.0509298 0.874924
0 0.855573 0.499976 0.115674 0.0477146 0.869726
0 0.831951 0.282586 0.104675 0.0465984 0.844218
0 0.861798 0.606549 0.116309 0.0475139 0.843683
0 0.346565 0.615515 0.0761607 0.0275386 0.480535
0 0.281294 0.44087 0.061458 0.0257711 0.180493
0 0.820445 0.398553 0.107816 0.0473774 0.840773
0 0.883009 0.723283 0.108379 0.047293 0.831886
0 0.320447 0.511157 0.106252 0.0496418 0.826221
0 0.855636 0.500513 0.119173 0.0486054 0.807452
0 0.831956 0.282877 0.106993 0.048218 0.807327
0 0.861617 0.606943 0.118891 0.0495249 0.790693
0 0.346639 0.615681 0.0782038 0.027679 0.573611
0 0.282313 0.441143 0.0626444 0.0266154 0.297055
0 0.8204 0.398546 0.110944 0.0464889 0.907273
0 0.882651 0.723065 0.111157 0.0462082 0.906112
0 0.832602 0.282943 0.110735 0.0456812 0.891168
0 0.321729 0.511017 0.11003 0.0489683 0.888615
0 0.855816 0.500162 0.121215 0.0470195 0.883583
0 0.863073 0.606712 0.118137 0.0482031 0.883518
0 0.34686 0.616143 0.0784159 0.0272305 0.23422
0 0.81982 0.398739 0.114541 0.0472052 0.845012
0 0.88123 0.723387 0.112379 0.0461913 0.826025
0 0.859991 0.607041 0.12147 0.0486497 0.817
0 0.83155 0.28352 0.110974 0.0462505 0.813731
0 0.854802 0.50072 0.121784 0.0471474 0.802558
0 0.321706 0.511808 0.112542 0.0496912 0.796009
0 0.81874 0.398129 0.111154 0.0479095 0.888366
0 0.882459 0.722745 0.111057 0.0471283 0.884364
0 0.831255 0.282553 0.110258 0.0456771 0.877344
0 0.861749 0.60683 0.119357 0.0470518 0.859094
0 0.856357 0.499191 0.122357 0.048202 0.846012
0 0.32403 0.510684 0.113693 0.0508442 0.83317
0 0.353444 0.617244 0.0661288 0.0254892 0.12196
0 0.820374 0.397911 0.106086 0.0464648 0.901853
0 0.882723 0.722794 0.108906 0.0460681 0.886418
0 0.831389 0.282991 0.108861 0.045481 0.884981
0 0.862192 0.607369 0.117908 0.0463654 0.866535
0 0.856338 0.500431 0.120945 0.0473535 0.845314
0 0.32483 0.511072 0.113312 0.0504118 0.81357
0 0.82032 0.39753 0.108854 0.0479849 0.885965
0 0.881727 0.722568 0.110825 0.0474106 0.865539
0 0.830078 0.282707 0.110783 0.0472314 0.846136
0 0.855905 0.500309 0.120019 0.0481289 0.835921
0 0.86165 0.606833 0.116733 0.0483853 0.830918
0 0.325075 0.510696 0.117086 0.0504398 0.797233
0 0.86228 0.607269 0.112462 0.0471666 0.858273
0 0.824599 0.398772 0.100966 0.0466994 0.843478
0 0.88361 0.723989 0.104713 0.0457241 0.832212
0 0.832218 0.28335 0.107815 0.046734 0.831887
0 0.322625 0.511702 0.111785 0.048748 0.827875
0 0.858541 0.500205 0.111188 0.0465354 0.823083
0 0.861075 0.60742 0.123077 0.0486135 0.875068
0 0.831316 0.283575 0.115909 0.047613 0.860769
0 0.882903 0.723374 0.110858 0.046426 0.832191
0 0.857363 0.500219 0.115789 0.0472652 0.818315
0 0.824437 0.39851 0.102059 0.0461275 0.811901
0 0.323921 0.511205 0.117825 0.0506237 0.784619
0 0.515978 0.512002 0.0626328 0.0259221 0.112332
0 0.861882 0.607621 0.118653 0.0471975 0.86438
0 0.832365 0.283959 0.111486 0.0459647 0.846721
0 0.858556 0.500467 0.111898 0.0460581 0.81684
0 0.883748 0.723652 0.105709 0.0447893 0.816676
0 0.82284 0.398659 0.101425 0.0444088 0.814946
0 0.32262 0.510563 0.110367 0.0487933 0.770751
0 0.281444 0.440792 0.0645181 0.0273438 0.373949
0 0.517245 0.511112 0.0580247 0.0235169 0.195251
0 0.823071 0.398595 0.103678 0.0449046 0.848876
0 0.885685 0.723744 0.106099 0.0439674 0.844113
0 0.863742 0.606586 0.12102 0.0482612 0.83362
0 0.323824 0.510867 0.112865 0.0490821 0.822782
0 0.834256 0.283928 0.111543 0.0467466 0.818707
0 0.859867 0.500565 0.120046 0.0468856 0.817657
0 0.28337 0.441306 0.0665923 0.0277073 0.126841
0 0.861548 0.606753 0.1201 0.0477071 0.836335
0 0.821069 0.399044 0.10701 0.0459007 0.835877
0 0.884344 0.724164 0.105441 0.0445269 0.834659
0 0.322111 0.511411 0.11316 0.0500496 0.808351
0 0.858142 0.50112 0.120557 0.0474984 0.805876
0 0.832811 0.283884 0.113811 0.0448925 0.803762
0 0.859905 0.60638 0.118457 0.047926 0.849416
0 0.831708 0.283346 0.112015 0.0459395 0.833477
0 0.883093 0.723868 0.106867 0.0439095 0.827645
0 0.820882 0.39819 0.110966 0.0462401 0.822072
0 0.322619 0.510582 0.112562 0.0503242 0.807428
0 0.859144 0.50039 0.115029 0.0472669 0.807016
0 0.513277 0.507718 0.0648727 0.0255949 0.196101
0 0.510466 0.579797 0.0717785 0.0256197 0.190718
0 0.283945 0.441397 0.0637039 0.0266367 0.179201
0 0.507863 0.402464 0.0877847 0.0303665 0.156801
0 0.350973 0.616031 0.0705509 0.024878 0.119838
0 0.858178 0.606178 0.119191 0.048233 0.83717
0 0.830306 0.282673 0.110995 0.0472995 0.825183
0 0.819181 0.398172 0.115415 0.0468284 0.812683
0 0.881862 0.723285 0.106524 0.0452434 0.804965
0 0.857454 0.500151 0.116139 0.0491907 0.78729
0 0.321595 0.510519 0.112436 0.0497054 0.783642
0 0.86236 0.606318 0.115963 0.047417 0.902042
0 0.833702 0.282679 0.108826 0.0468521 0.886954
0 0.820772 0.398216 0.107941 0.0460062 0.880533
0 0.884748 0.722991 0.104905 0.0461031 0.877241
0 0.86015 0.499932 0.113746 0.0498295 0.87657
0 0.323686 0.51089 0.109716 0.048551 0.875974
0 0.862706 0.606565 0.122192 0.047924 0.853703
0 0.833757 0.282968 0.115669 0.0476615 0.83849
0 0.821388 0.398493 0.107328 0.046598 0.836455
0 0.884152 0.723297 0.108383 0.0463231 0.83239
0 0.32504 0.511738 0.116168 0.0483211 0.825732
0 0.859047 0.500662 0.119168 0.0491131 0.823873
0 0.859593 0.606614 0.114941 0.046918 0.895462
0 0.830411 0.282692 0.112385 0.0474284 0.890485
0 0.884532 0.723846 0.109741 0.0458101 0.884544
0 0.820948 0.39852 0.109299 0.0458699 0.873133
0 0.858222 0.500484 0.115077 0.0476904 0.860858
0 0.323257 0.512304 0.112871 0.0483859 0.858808
0 0.860782 0.607044 0.114205 0.0466519 0.858876
0 0.83082 0.28263 0.113104 0.0472031 0.849233
0 0.82184 0.398522 0.109928 0.0462914 0.822616
0 0.885235 0.724042 0.109185 0.0461763 0.811471
0 0.859949 0.501076 0.112806 0.047938 0.799412
0 0.324715 0.512471 0.112606 0.0488217 0.797489
0 0.819679 0.398058 0.108533 0.0474108 0.892109
0 0.883638 0.723782 0.105075 0.0462452 0.86664
0 0.858609 0.500095 0.111579 0.0487609 0.865225
0 0.861816 0.607423 0.110229 0.0465336 0.860846
0 0.830472 0.282686 0.108587 0.046841 0.854693
0 0.323827 0.511435 0.10555 0.04862 0.836568
0 0.820937 0.397965 0.104964 0.0463738 0.869588
0 0.861639 0.607455 0.111346 0.0465776 0.863588
0 0.859479 0.499937 0.11161 0.0479908 0.847585
0 0.883674 0.723533 0.106184 0.0457937 0.840647
0 0.324634 0.511048 0.104913 0.0479637 0.838666
0 0.832263 0.283168 0.109808 0.0466016 0.834323
0 0.857687 0.500091 0.112518 0.0469358 0.889525
0 0.883259 0.723617 0.104911 0.0460842 0.878964
0 0.820961 0.398157 0.107204 0.0471705 0.873842
0 0.831024 0.283931 0.111507 0.0458012 0.873484
0 0.861405 0.607502 0.111815 0.0475938 0.872301
0 0.324319 0.511014 0.111092 0.0498833 0.870205
0 0.346382 0.615867 0.0767765 0.0275484 0.119098
0 0.858239 0.499539 0.109733 0.0467011 0.869524
0 0.831987 0.283378 0.106974 0.0453557 0.869421
0 0.883694 0.722998 0.101565 0.0456681 0.863303
0 0.859834 0.607277 0.111047 0.0463796 0.862006
0 0.822153 0.397985 0.10402 0.0452949 0.853162
0 0.323567 0.511096 0.109083 0.047675 0.836966
0 0.831406 0.283513 0.110454 0.0463615 0.884373
0 0.859912 0.607433 0.113059 0.0469208 0.881731
0 0.820497 0.397973 0.109229 0.047818 0.880961
0 0.883129 0.723404 0.1091 0.0476149 0.863502
0 0.856316 0.499808 0.11436 0.0490206 0.85894
0 0.324939 0.511157 0.113969 0.0489218 0.826786
0 0.819904 0.397421 0.10825 0.0485139 0.848092
0 0.83219 0.283093 0.110301 0.0464942 0.842713
0 0.856337 0.499497 0.114203 0.04922 0.841891
0 0.882838 0.722843 0.1085 0.047718 0.836769
0 0.860214 0.607188 0.112679 0.0469156 0.836154
0 0.324524 0.510751 0.113388 0.0498762 0.79528
0 0.857023 0.499942 0.115748 0.0482593 0.902313
0 0.818107 0.397608 0.111103 0.046518 0.894851
0 0.884629 0.723017 0.107396 0.0465006 0.883397
0 0.860839 0.607333 0.11374 0.0473621 0.874313
0 0.832307 0.283384 0.112115 0.0463827 0.860301
0 0.32407 0.51108 0.113015 0.0485264 0.860022
0 0.857849 0.500542 0.118662 0.0483223 0.877375
0 0.885147 0.723567 0.108726 0.0461133 0.861256
0 0.818228 0.397845 0.111603 0.0467722 0.854608
0 0.861556 0.607648 0.116828 0.0481361 0.85225
0 0.323142 0.511237 0.112821 0.0493429 0.832266
0 0.834184 0.284214 0.114447 0.0472941 0.829663
0 0.819182 0.398208 0.10785 0.0471806 0.901564
0 0.857303 0.499995 0.116972 0.0476978 0.89703
0 0.883524 0.723369 0.107189 0.0463241 0.882826
0 0.860059 0.607086 0.115968 0.0481989 0.872691
0 0.831677 0.283556 0.113304 0.0464357 0.863251
0 0.323183 0.511268 0.109553 0.0491883 0.859457
0 0.510605 0.403485 0.0783593 0.0305613 0.13697
0 0.819463 0.398536 0.10691 0.0466892 0.911396
0 0.860731 0.607365 0.112939 0.0454898 0.880185
0 0.832675 0.283683 0.111154 0.0443581 0.879389
0 0.857822 0.500084 0.117301 0.0467891 0.866294
0 0.883438 0.723545 0.106868 0.0457689 0.865384
0 0.322942 0.511663 0.108181 0.048559 0.858461
0 0.818927 0.397716 0.108523 0.0478832 0.937611
0 0.831607 0.282658 0.11573 0.0463143 0.909976
0 0.859432 0.606361 0.116006 0.0474222 0.907421
0 0.322169 0.511281 0.107534 0.0489823 0.885507
0 0.88392 0.722804 0.109487 0.0479977 0.874961
0 0.857143 0.499797 0.11973 0.0494454 0.872498
0 0.820121 0.397843 0.106573 0.0478576 0.911466
0 0.831824 0.282803 0.11195 0.0464614 0.879611
0 0.859348 0.606498 0.113047 0.0476923 0.872891
0 0.322689 0.511395 0.1055 0.0484495 0.860836
0 0.856076 0.500461 0.11705 0.0486689 0.85269
0 0.884493 0.723313 0.105509 0.0471588 0.848325
0 0.348043 0.615712 0.0727824 0.0267053 0.36528
0 0.508676 0.511436 0.0655326 0.0283749 0.195941
0 0.510456 0.403832 0.0797843 0.0307844 0.130427
0 0.818417 0.397482 0.113585 0.0467054 0.876547
0 0.854574 0.499798 0.120615 0.0485347 0.864438
0 0.884484 0.722658 0.107063 0.0471793 0.861347
0 0.830817 0.282651 0.114076 0.0464401 0.854595
0 0.323098 0.511371 0.114739 0.0483609 0.847809
0 0.858172 0.606345 0.115431 0.0473984 0.843021
0 0.820115 0.397795 0.111 0.0475974 0.902445
0 0.855852 0.499989 0.117706 0.0492428 0.889341
0 0.885316 0.72308 0.106208 0.0475792 0.879828
0 0.325389 0.511626 0.114278 0.0492111 0.877561
0 0.832418 0.283379 0.110927 0.0466588 0.863646
0 0.859354 0.606783 0.113836 0.0477815 0.862388
0 0.854736 0.500559 0.121965 0.0504258 0.831141
0 0.884594 0.723307 0.106645 0.0473912 0.820856
0 0.81912 0.398236 0.113138 0.0480425 0.820672
0 0.320579 0.511499 0.108642 0.0488293 0.817621
0 0.858355 0.607 0.113166 0.0487522 0.814374
0 0.832067 0.283558 0.11224 0.0480515 0.812906
0 0.885548 0.723007 0.106233 0.0460663 0.908016
0 0.859422 0.606885 0.111386 0.0476975 0.904876
0 0.832981 0.283234 0.109695 0.046928 0.894616
0 0.856471 0.49968 0.116276 0.0468849 0.893651
0 0.32133 0.511209 0.106031 0.0479391 0.892847
0 0.821676 0.397825 0.106431 0.0456731 0.888217
0 0.860222 0.606684 0.108437 0.0466813 0.894125
0 0.884196 0.723047 0.105782 0.0468775 0.888743
0 0.321712 0.511563 0.10693 0.0493419 0.888651
0 0.822115 0.397829 0.10393 0.0463384 0.883985
0 0.83253 0.282952 0.108998 0.0467665 0.878477
0 0.857206 0.4999 0.11294 0.0476448 0.867095
0 0.859593 0.606808 0.109905 0.0466249 0.904834
0 0.832083 0.283198 0.109634 0.0461399 0.89176
0 0.885065 0.723155 0.104488 0.0470375 0.886834
0 0.32297 0.51141 0.110856 0.0504686 0.884891
0 0.857337 0.500251 0.11405 0.0461424 0.874746
0 0.822094 0.398369 0.104771 0.0468529 0.868901
0 0.822783 0.397978 0.104141 0.0470447 0.871363
0 0.884326 0.723508 0.104859 0.0469453 0.855709
0 0.323935 0.510971 0.112339 0.0507435 0.851609
0 0.859242 0.607143 0.109954 0.0469494 0.85132
0 0.857443 0.500141 0.113745 0.0450464 0.844628
0 0.830704 0.282939 0.110366 0.047099 0.837736
0 0.348655 0.616431 0.0699373 0.024353 0.129298
0 0.82176 0.398158 0.107467 0.0484235 0.905821
0 0.88403 0.723159 0.10224 0.0480537 0.893416
0 0.858365 0.607323 0.113938 0.0485403 0.885113
0 0.325702 0.511549 0.116414 0.0510593 0.878594
0 0.854346 0.500267 0.118125 0.0502964 0.878407
0 0.830344 0.283126 0.110737 0.0475247 0.87369
0 0.450912 0.618584 0.0611023 0.0246493 0.178755
0 0.823111 0.398064 0.100337 0.0451915 0.888332
0 0.858861 0.607591 0.109054 0.0475391 0.881328
0 0.883782 0.723249 0.0991437 0.0453332 0.871493
0 0.831228 0.283199 0.106418 0.0459101 0.86707
0 0.324448 0.511195 0.111687 0.0490278 0.859178
0 0.85558 0.500078 0.112391 0.048041 0.855564
0 0.859031 0.607065 0.112806 0.0477125 0.897594
0 0.821141 0.397658 0.103858 0.0461677 0.895542
0 0.830125 0.282884 0.109932 0.0467642 0.895166
0 0.882925 0.722949 0.101625 0.0460991 0.884627
0 0.854538 0.499666 0.116459 0.048646 0.863617
0 0.324023 0.510875 0.113705 0.0497073 0.863153
0 0.860862 0.607097 0.1089 0.0477695 0.872132
0 0.323076 0.511116 0.113544 0.0501484 0.867275
0 0.822668 0.398643 0.102626 0.0459974 0.86571
0 0.831169 0.282762 0.110904 0.0465414 0.862452
0 0.858456 0.500202 0.112458 0.047193 0.851718
0 0.883323 0.723189 0.103781 0.0459417 0.848614
0 0.859983 0.60718 0.113076 0.0484232 0.904071
0 0.822493 0.398768 0.102453 0.0457869 0.897049
0 0.832514 0.28324 0.109197 0.0460896 0.891087
0 0.883928 0.723956 0.102324 0.0459485 0.885033
0 0.323691 0.511892 0.114705 0.0496483 0.883104
0 0.858727 0.500691 0.114929 0.0465229 0.865038
0 0.859752 0.606804 0.113979 0.0491672 0.900721
0 0.884404 0.723266 0.102936 0.0473108 0.892174
0 0.821579 0.398199 0.105863 0.0471168 0.890061
0 0.32394 0.511686 0.113743 0.0510783 0.874676
0 0.831386 0.282339 0.108209 0.0479203 0.870816
0 0.85407 0.500086 0.120444 0.0502706 0.866896
0 0.51101 0.402368 0.0785609 0.0300043 0.167765
0 0.349725 0.614889 0.0711447 0.0265164 0.118515
0 0.858776 0.606921 0.11171 0.0477194 0.898372
0 0.821775 0.397862 0.102612 0.0458752 0.894025
0 0.884154 0.722979 0.101606 0.0459484 0.884292
0 0.853998 0.499863 0.11625 0.0485466 0.881646
0 0.831731 0.282697 0.106203 0.0464682 0.876122
0 0.32358 0.511328 0.110724 0.0496967 0.873633
0 0.511828 0.403262 0.0780271 0.0301759 0.166913
0 0.351816 0.615361 0.0646088 0.0244371 0.145136
0 0.506352 0.43902 0.0838171 0.0258057 0.10945
0 0.85853 0.606895 0.121439 0.0479665 0.874359
0 0.830846 0.282732 0.115427 0.0470054 0.867148
0 0.818258 0.398039 0.113303 0.0480079 0.859962
0 0.852783 0.499995 0.123684 0.049144 0.848463
0 0.88358 0.722825 0.107201 0.0464527 0.838726
0 0.32424 0.511375 0.112649 0.0500031 0.832805
0 0.859807 0.606934 0.118096 0.0472689 0.886102
0 0.831822 0.282994 0.11362 0.0464581 0.880891
0 0.82033 0.39837 0.109858 0.0470186 0.871173
0 0.323904 0.511152 0.111227 0.048819 0.850154
0 0.88482 0.723323 0.105641 0.0466331 0.844144
0 0.855762 0.500453 0.122012 0.049462 0.835292
0 0.859622 0.607262 0.115036 0.0477579 0.902409
0 0.830629 0.28265 0.115347 0.0477684 0.886639
0 0.822513 0.397672 0.106021 0.0470283 0.873257
0 0.323595 0.511088 0.116085 0.0502171 0.866245
0 0.884485 0.723154 0.103208 0.046817 0.854626
0 0.856254 0.499979 0.116799 0.0475317 0.832773
0 0.859666 0.607259 0.116091 0.0471239 0.889889
0 0.83061 0.282537 0.118803 0.0474533 0.869802
0 0.820834 0.397722 0.108988 0.0464458 0.863383
0 0.854719 0.50024 0.119725 0.0459931 0.852308
0 0.32197 0.510972 0.115083 0.0493145 0.850183
0 0.883522 0.723296 0.103785 0.0465031 0.834332
0 0.859943 0.607339 0.112352 0.0475052 0.931655
0 0.831144 0.282639 0.115525 0.0474424 0.927619
0 0.820982 0.397799 0.106897 0.0467807 0.902927
0 0.856079 0.500191 0.11665 0.0462203 0.900546
0 0.885941 0.72343 0.105806 0.0467949 0.899597
0 0.323274 0.511092 0.112295 0.0499943 0.896571
0 0.499965 0.439051 0.0946528 0.0258735 0.104099
0 0.858765 0.607498 0.115428 0.0486166 0.879427
0 0.828694 0.28266 0.120073 0.0488008 0.872938
0 0.883953 0.723789 0.107961 0.0486091 0.862499
0 0.818074 0.398146 0.117208 0.0489029 0.859898
0 0.325299 0.511476 0.116236 0.0511475 0.852792
0 0.85365 0.500694 0.123421 0.0492845 0.834567
0 0.32447 0.511405 0.11174 0.0483347 0.866006
0 0.81991 0.398432 0.10906 0.0479871 0.857563
0 0.830536 0.282767 0.111413 0.0467977 0.853188
0 0.858623 0.607558 0.111479 0.047752 0.852978
0 0.854645 0.500065 0.117115 0.0475577 0.852156
0 0.884186 0.723884 0.104164 0.0478233 0.841362
0 0.354036 0.615383 0.0546564 0.0213671 0.102326
0 0.323549 0.511451 0.112918 0.0485363 0.895375
0 0.818912 0.398503 0.109961 0.0482266 0.889782
0 0.858573 0.607256 0.110159 0.0480881 0.889729
0 0.853473 0.500266 0.117251 0.0480318 0.888265
0 0.829894 0.283015 0.109643 0.0468737 0.881113
0 0.88382 0.723631 0.102209 0.0474022 0.879545
0 0.818686 0.398888 0.112297 0.0473764 0.858672
0 0.322183 0.511712 0.114418 0.0496327 0.853524
0 0.855388 0.50107 0.117041 0.047925 0.850649
0 0.859086 0.607037 0.114349 0.0484515 0.838424
0 0.88417 0.723786 0.105171 0.0465521 0.838344
0 0.83133 0.283103 0.113357 0.0468859 0.826147
0 0.354696 0.615264 0.0662844 0.0251408 0.202445
0 0.50921 0.404506 0.0868028 0.0336918 0.107417
0 0.860229 0.607395 0.114097 0.0485891 0.888439
0 0.857646 0.501008 0.115064 0.0477909 0.885694
0 0.833788 0.283026 0.115916 0.0479847 0.880158
0 0.884763 0.724241 0.106707 0.0468919 0.876067
0 0.323151 0.511938 0.113807 0.0498798 0.873244
0 0.82057 0.398856 0.109514 0.0471899 0.873152
0 0.352507 0.615745 0.0645294 0.0238306 0.442297
0 0.510634 0.404457 0.0840064 0.033028 0.33017
0 0.858614 0.606715 0.116492 0.0494841 0.902057
0 0.883849 0.723435 0.1059 0.0472868 0.892452
0 0.832906 0.28217 0.115882 0.0489425 0.888805
0 0.856912 0.500229 0.113605 0.047233 0.883434
0 0.322287 0.511555 0.11141 0.0495273 0.882986
0 0.821877 0.398186 0.104974 0.0468388 0.873807
0 0.351567 0.615745 0.0666379 0.0246933 0.235543
0 0.511571 0.403869 0.0816435 0.0323395 0.233604
0 0.857753 0.500792 0.112509 0.0465837 0.89911
0 0.859262 0.607284 0.115109 0.0484482 0.897202
0 0.88482 0.723931 0.103835 0.0463989 0.895491
0 0.833926 0.282812 0.112687 0.0475276 0.894506
0 0.323701 0.512196 0.109005 0.0483628 0.881659
0 0.8224 0.398889 0.103377 0.0455627 0.878808
0 0.353648 0.616529 0.0645705 0.0235464 0.197071
0 0.511259 0.407338 0.0814252 0.0352144 0.16369
0 0.821105 0.398408 0.105811 0.0476993 0.899795
0 0.856841 0.500372 0.114966 0.0479548 0.897911
0 0.883859 0.723435 0.10433 0.0482302 0.891123
0 0.859852 0.607062 0.115876 0.0489658 0.886583
0 0.324511 0.511489 0.113542 0.0500956 0.885345
0 0.831585 0.282396 0.115614 0.0480808 0.87948
0 0.510583 0.412096 0.0845135 0.0461615 0.295794
0 0.352993 0.614187 0.07051 0.0268081 0.214796
0 0.821212 0.398831 0.106754 0.0475899 0.855875
0 0.32397 0.51166 0.114792 0.0500959 0.855187
0 0.884128 0.723632 0.105944 0.0479311 0.853812
0 0.857673 0.500678 0.116065 0.048013 0.853056
0 0.859441 0.607445 0.117745 0.0485727 0.851964
0 0.830806 0.28281 0.117446 0.0475987 0.842686
0 0.351785 0.613694 0.0715083 0.0274131 0.224473
0 0.277619 0.335005 0.0608165 0.0257694 0.116664
0 0.884585 0.723398 0.105701 0.0458888 0.913079
0 0.823592 0.39819 0.104371 0.0455681 0.908942
0 0.325159 0.51092 0.115505 0.0494242 0.899972
0 0.832828 0.283138 0.112755 0.0465969 0.89519
0 0.860302 0.607791 0.116439 0.0474957 0.893425
0 0.857852 0.500169 0.118716 0.0471182 0.886619
0 0.512778 0.405051 0.0816926 0.02981 0.120798
0 0.883329 0.723042 0.104839 0.0474256 0.888308
0 0.822373 0.397854 0.104 0.0470949 0.879724
0 0.321961 0.511087 0.111211 0.050826 0.875879
0 0.831482 0.282785 0.113438 0.0476561 0.867781
0 0.856289 0.499958 0.118504 0.0490433 0.861767
0 0.859011 0.607466 0.115801 0.0486159 0.861456
0 0.321682 0.511395 0.109042 0.049627 0.867625
0 0.824882 0.398103 0.0997815 0.0451637 0.866201
0 0.833544 0.282599 0.113314 0.0473605 0.862137
0 0.885493 0.723452 0.101419 0.0453026 0.861526
0 0.861246 0.607392 0.11385 0.0483577 0.850773
0 0.858343 0.500295 0.114575 0.0476329 0.833649
0 0.516528 0.508854 0.0677644 0.024394 0.157739
0 0.512146 0.403303 0.0783984 0.0298672 0.155797
0 0.351929 0.615381 0.0668483 0.0225281 0.110869
0 0.321867 0.511542 0.111361 0.049527 0.899643
0 0.824327 0.398461 0.103118 0.0458092 0.896858
0 0.885221 0.723706 0.104112 0.0457978 0.893867
0 0.832476 0.282494 0.117048 0.0475344 0.893071
0 0.860452 0.607322 0.11613 0.0486354 0.889498
0 0.857495 0.500417 0.116317 0.0477778 0.871862
0 0.512159 0.403846 0.0810051 0.0306602 0.239648
0 0.516083 0.508813 0.0702334 0.0247562 0.209438
0 0.349086 0.61541 0.0735951 0.0261515 0.156229
0 0.511948 0.438558 0.0723056 0.0236771 0.106156
0 0.319943 0.511617 0.10751 0.049085 0.863456
0 0.883996 0.723644 0.103301 0.0464735 0.859624
0 0.82299 0.39858 0.103041 0.0466902 0.857905
0 0.858714 0.607353 0.11403 0.0492969 0.857019
0 0.830394 0.282559 0.116258 0.0481323 0.857017
0 0.855869 0.500438 0.115187 0.048424 0.831074
0 0.349718 0.61566 0.0673822 0.0257849 0.230279
0 0.514625 0.508618 0.0687554 0.0253773 0.110425
0 0.861398 0.607392 0.116016 0.0501896 0.898836
0 0.832631 0.282287 0.119582 0.0498532 0.884819
0 0.884906 0.723232 0.103984 0.0480022 0.884327
0 0.823242 0.397961 0.106406 0.0481946 0.878155
0 0.322054 0.511431 0.110522 0.0500061 0.875082
0 0.858065 0.500511 0.116611 0.0495058 0.869194
0 0.35097 0.615869 0.0659147 0.0257307 0.146253
0 0.449906 0.61739 0.0604605 0.0252506 0.1069
0 0.858023 0.607429 0.116357 0.0498831 0.888142
0 0.818616 0.398269 0.10887 0.0477061 0.88053
0 0.830294 0.282864 0.117775 0.0490686 0.87588
0 0.882894 0.723385 0.102155 0.0469536 0.869798
0 0.854707 0.50046 0.116293 0.0488544 0.867087
0 0.320426 0.511349 0.105785 0.0487772 0.863189
0 0.449271 0.61806 0.0613758 0.0259544 0.377831
0 0.860738 0.607695 0.113664 0.049605 0.879152
0 0.832003 0.28301 0.117973 0.0492123 0.86975
0 0.321962 0.511267 0.110311 0.0494601 0.86819
0 0.820272 0.398507 0.107805 0.0479973 0.867197
0 0.858151 0.500294 0.114305 0.0488625 0.861111
0 0.883626 0.723519 0.102131 0.0474709 0.854386
0 0.450469 0.617732 0.0624384 0.0258797 0.18812
0 0.858873 0.60773 0.109803 0.0478913 0.899329
0 0.320826 0.511403 0.108775 0.0481713 0.887235
0 0.829705 0.283101 0.113717 0.0479616 0.882299
0 0.820456 0.398531 0.107065 0.0465317 0.871398
0 0.857662 0.500356 0.111613 0.0469313 0.870133
0 0.8834 0.72338 0.102015 0.0449498 0.868806
0 0.85905 0.60771 0.109392 0.0475212 0.908697
0 0.829519 0.283182 0.114829 0.0473903 0.895776
0 0.320779 0.51203 0.108101 0.0479591 0.88381
0 0.857495 0.500872 0.111445 0.0464976 0.875361
0 0.883417 0.723489 0.101195 0.044793 0.873665
0 0.820916 0.399169 0.106172 0.045729 0.872415
