0 0.436733 0.490692 0.0268327 0.0640144 0.919353
0 0.817239 0.462516 0.0333462 0.0673299 0.585134
0 0.420641 0.742384 0.0353641 0.0666479 0.584623
0 0.563491 0.537447 0.0317625 0.071185 0.511465
0 0.527943 0.0380223 0.0376504 0.0697003 0.297382
0 0.396915 0.707169 0.0307934 0.0502628 0.2887
0 0.280952 0.515493 0.041035 0.0806038 0.270178
0 0.255723 0.400641 0.0413986 0.0615465 0.191748
0 0.411555 0.737182 0.0556639 0.0866101 0.173945
0 0.566278 0.676075 0.0215148 0.0462866 0.168879
0 0.292153 0.301307 0.0191925 0.0550802 0.158551
0 0.434948 0.488162 0.0311787 0.07945 0.906105
0 0.563182 0.541503 0.0335684 0.0849124 0.884291
0 0.2812 0.514974 0.0449536 0.0949715 0.547341
0 0.817065 0.462521 0.0323717 0.0818138 0.471074
0 0.526494 0.0398005 0.0382084 0.079601 0.461372
0 0.254303 0.400374 0.0440205 0.066402 0.435615
0 0.390385 0.729781 0.0962706 0.137591 0.371933
0 0.341294 0.333931 0.0245853 0.0735822 0.159311
0 0.41656 0.738629 0.041388 0.0991178 0.118016
0 0.85877 0.967611 0.024787 0.0647783 0.1152
0 0.956088 0.922786 0.0590397 0.105227 0.10792
0 0.899062 0.960565 0.0263999 0.0788697 0.10656
0 0.435237 0.49118 0.0352602 0.0826507 0.404772
0 0.391533 0.735996 0.0966281 0.154074 0.398659
0 0.288411 0.514908 0.0608251 0.11828 0.237659
0 0.448234 0.706464 0.220047 0.343464 0.217891
0 0.562938 0.543182 0.0346338 0.0867257 0.205065
0 0.534718 0.0451962 0.0531446 0.0903923 0.184574
0 0.813301 0.467884 0.0466682 0.0891623 0.121852
0 0.434521 0.486409 0.0335625 0.080002 0.878161
0 0.563159 0.539467 0.0335357 0.0814312 0.754772
0 0.281052 0.509055 0.0447732 0.10306 0.495403
0 0.407613 0.725217 0.073746 0.135426 0.421683
0 0.525867 0.0401737 0.0366853 0.0803475 0.398588
0 0.421778 0.744136 0.033022 0.0968431 0.310995
0 0.889364 0.966292 0.0273274 0.0674152 0.284916
0 0.956068 0.891355 0.0645653 0.177679 0.28013
0 0.25564 0.402262 0.0437654 0.066837 0.264942
0 0.815627 0.465736 0.0285466 0.0758452 0.252957
0 0.900005 0.96181 0.0215799 0.0763797 0.251027
0 0.286645 0.308274 0.0320272 0.0722971 0.23205
0 0.957135 0.918686 0.0428675 0.12162 0.128719
0 0.433843 0.488323 0.0357705 0.0804925 0.955342
0 0.562405 0.540943 0.0371317 0.0919982 0.890523
0 0.283878 0.517353 0.0536746 0.10387 0.883536
0 0.816974 0.46409 0.0346643 0.0845163 0.801289
0 0.531867 0.0432329 0.0509196 0.0864657 0.736788
0 0.956742 0.894047 0.0710285 0.190554 0.687717
0 0.420151 0.744752 0.0368856 0.0971665 0.675215
0 0.39242 0.73013 0.0934834 0.139857 0.420456
0 0.285634 0.308494 0.0421299 0.0787775 0.392988
0 0.889246 0.962709 0.0292014 0.0745827 0.362352
0 0.255044 0.399946 0.0481783 0.0711107 0.30765
0 0.700432 0.693435 0.0449085 0.0671431 0.246616
0 0.781945 0.326033 0.0492681 0.0988495 0.203451
0 0.724444 0.550249 0.0701151 0.106277 0.162881
0 0.364624 0.734696 0.0450562 0.126446 0.132354
0 0.874995 0.965051 0.0590855 0.0698986 0.125426
0 0.563174 0.537325 0.0343159 0.0760789 0.842334
0 0.434154 0.490025 0.0334732 0.0703263 0.835476
0 0.281307 0.518531 0.0459051 0.0925828 0.733866
0 0.531481 0.0444928 0.0480591 0.0852969 0.641064
0 0.956488 0.892477 0.0736691 0.199011 0.635993
0 0.392858 0.730709 0.0915981 0.136428 0.548139
0 0.816292 0.457701 0.0312679 0.0704282 0.469563
0 0.419731 0.74868 0.0350536 0.0889608 0.423754
0 0.886395 0.968496 0.0232932 0.0630088 0.125201
0 0.434295 0.488736 0.0340554 0.0797 0.542068
0 0.562448 0.537685 0.0350425 0.081002 0.513871
0 0.526208 0.0417755 0.0385005 0.0835509 0.382722
0 0.278154 0.505675 0.0396027 0.104523 0.36159
0 0.394133 0.728556 0.0897255 0.138222 0.338989
0 0.95535 0.901919 0.0685841 0.194063 0.175483
0 0.816795 0.459951 0.0336374 0.0770815 0.151535
0 0.414972 0.733943 0.0443487 0.102105 0.103501
0 0.434753 0.492316 0.0354212 0.0789908 0.971377
0 0.527321 0.0423608 0.0396563 0.0847217 0.940917
0 0.562921 0.539827 0.0341499 0.084624 0.926448
0 0.277886 0.511232 0.0372211 0.0952834 0.910544
0 0.400961 0.731427 0.0767539 0.1352 0.859548
0 0.81693 0.461836 0.0344462 0.0751443 0.83556
0 0.959097 0.897235 0.0774562 0.194195 0.736462
0 0.41651 0.745529 0.0424591 0.0937097 0.703014
0 0.871535 0.96556 0.0520796 0.0688809 0.357684
0 0.728112 0.550131 0.0655205 0.10951 0.234033
0 0.740041 0.563398 0.0426082 0.0809941 0.20116
0 0.889479 0.962407 0.0470913 0.0751853 0.120074
0 0.563283 0.536586 0.0333085 0.0779001 0.795615
0 0.278565 0.510429 0.0368776 0.0991106 0.786128
0 0.526571 0.0400089 0.0366097 0.0800177 0.782786
0 0.43431 0.492706 0.0344997 0.0751123 0.766897
0 0.400958 0.733531 0.0740043 0.124423 0.702302
0 0.81681 0.459838 0.0343754 0.0712719 0.647366
0 0.417506 0.74601 0.0390428 0.08503 0.632175
0 0.959227 0.891739 0.077343 0.205513 0.511214
0 0.725056 0.545651 0.0712384 0.11527 0.412415
0 0.740737 0.550475 0.040705 0.0997024 0.219538
0 0.863747 0.551176 0.0565503 0.107466 0.162316
0 0.364767 0.737305 0.0404485 0.124277 0.119772
0 0.38911 0.742969 0.104018 0.182724 0.113714
0 0.87151 0.967739 0.0501792 0.0645223 0.108048
0 0.783828 0.324093 0.0498552 0.0970217 0.105791
0 0.563402 0.534991 0.0324975 0.0749439 0.740447
0 0.278896 0.514769 0.0395992 0.0956949 0.707002
0 0.434573 0.492674 0.0339765 0.0735365 0.668623
0 0.418327 0.746439 0.0358164 0.0845235 0.645178
0 0.816263 0.460286 0.0322743 0.0712726 0.627052
0 0.531546 0.0411592 0.0468465 0.0823185 0.601765
0 0.737282 0.560793 0.0415387 0.0806296 0.320019
0 0.782254 0.326039 0.0460058 0.0937896 0.29838
0 0.870843 0.553873 0.0406112 0.10615 0.254997
0 0.344191 0.338917 0.0188041 0.0519813 0.245587
0 0.722477 0.547896 0.0730889 0.111835 0.239126
0 0.364976 0.738732 0.0408551 0.114067 0.237767
0 0.568371 0.164499 0.0386665 0.0911477 0.207167
0 0.87224 0.968167 0.0457128 0.0636658 0.180262
0 0.745189 0.567217 0.0327079 0.0606483 0.169834
0 0.709804 0.316306 0.0394056 0.0787845 0.15936
0 0.877874 0.561976 0.0252432 0.0777538 0.144648
0 0.774847 0.330345 0.030067 0.063689 0.112254
0 0.490204 0.202994 0.0179017 0.0431283 0.11088
0 0.696659 0.447663 0.0200429 0.0638125 0.1091
0 0.955119 0.89716 0.066644 0.1883 0.103558
0 0.434929 0.492775 0.0354055 0.0804726 0.927103
0 0.531921 0.0452744 0.0518887 0.0905487 0.877171
0 0.816827 0.462836 0.0348175 0.0870127 0.873042
0 0.28375 0.518409 0.0533129 0.103042 0.867743
0 0.418598 0.74483 0.0373249 0.09218 0.865194
0 0.562971 0.538003 0.0354453 0.087741 0.808481
0 0.955892 0.89379 0.0759224 0.196643 0.119096
0 0.419553 0.738779 0.0341997 0.0779691 0.765037
0 0.81618 0.460586 0.0329877 0.0765299 0.692538
0 0.56333 0.534757 0.0338263 0.0751115 0.691722
0 0.43457 0.48728 0.0332173 0.0710763 0.688973
0 0.28106 0.514171 0.0439305 0.0858815 0.519768
0 0.526325 0.0403065 0.0366969 0.0806131 0.388105
0 0.433652 0.486683 0.033177 0.0776816 0.648232
0 0.562888 0.538629 0.0342785 0.0826565 0.605335
0 0.525853 0.041968 0.0374727 0.0839359 0.477295
0 0.281114 0.512812 0.0461136 0.10722 0.455822
0 0.402117 0.748519 0.0694743 0.162101 0.444629
0 0.416334 0.737819 0.0417165 0.104306 0.389203
0 0.815913 0.461955 0.0348483 0.0840203 0.388652
0 0.952241 0.902628 0.0820504 0.194744 0.378409
0 0.279273 0.312412 0.0532894 0.0850362 0.334577
0 0.879174 0.96424 0.0680891 0.0715204 0.231469
0 0.864111 0.554164 0.05431 0.111148 0.198268
0 0.671683 0.322072 0.0303723 0.057936 0.159376
0 0.365024 0.73505 0.0435657 0.139687 0.133923
0 0.340761 0.335383 0.0292182 0.0642185 0.124524
0 0.78295 0.323001 0.0468836 0.0901852 0.117547
0 0.262553 0.308357 0.0456197 0.0796792 0.10004
0 0.563466 0.538868 0.0336654 0.0809625 0.776551
0 0.433693 0.489676 0.0304177 0.0697329 0.64575
0 0.278703 0.514249 0.0371096 0.089967 0.630677
0 0.41862 0.73951 0.0355576 0.0940742 0.567856
0 0.816969 0.462392 0.0328665 0.074779 0.520757
0 0.525932 0.0403986 0.0358133 0.0807973 0.480748
0 0.282714 0.313613 0.0456363 0.0841799 0.183007
0 0.36858 0.732557 0.0417773 0.139522 0.163558
0 0.950796 0.907912 0.0740289 0.184176 0.150243
0 0.872531 0.966846 0.0538598 0.0663079 0.137737
0 0.434516 0.486693 0.0296423 0.0795006 0.933761
0 0.289634 0.51475 0.0555482 0.0983116 0.851075
0 0.564229 0.544138 0.0311988 0.0894738 0.783769
0 0.817394 0.467761 0.0321436 0.0762889 0.700573
0 0.530665 0.0388152 0.043103 0.0776305 0.456204
0 0.280703 0.305185 0.0494099 0.0701384 0.342657
0 0.419362 0.737591 0.036408 0.0953699 0.296741
0 0.963575 0.938591 0.0266294 0.0763006 0.263041
0 0.56232 0.576773 0.0271389 0.0677165 0.22969
0 0.774153 0.588162 0.242334 0.3237 0.106072
0 0.433647 0.482826 0.0275792 0.0789674 0.790427
0 0.288421 0.512314 0.0608678 0.11202 0.634104
0 0.448927 0.447105 0.177294 0.423541 0.604572
0 0.815684 0.461915 0.0347528 0.0869644 0.314811
0 0.41034 0.728948 0.0571209 0.121381 0.270326
0 0.55141 0.128666 0.16369 0.24677 0.264645
0 0.563504 0.542798 0.0340004 0.101572 0.240043
0 0.529992 0.040977 0.0457621 0.0819541 0.195905
0 0.272613 0.304442 0.068841 0.0835006 0.159956
0 0.56429 0.535548 0.0319686 0.0675925 0.407235
0 0.43409 0.4901 0.0285522 0.0633819 0.325429
0 0.573926 0.137594 0.0975317 0.257614 0.301889
0 0.817109 0.463193 0.031698 0.0771151 0.200381
0 0.281722 0.519057 0.0448515 0.0990763 0.185455
0 0.953835 0.893951 0.0923295 0.212097 0.165904
0 0.736987 0.551909 0.0842568 0.107333 0.123077
0 0.420922 0.747535 0.0326797 0.083314 0.116764
0 0.272852 0.306994 0.0679876 0.0869755 0.101265
0 0.434978 0.480377 0.0332557 0.0875754 0.831511
0 0.562632 0.552756 0.0354224 0.114826 0.597433
0 0.288059 0.512965 0.0613068 0.123108 0.480706
0 0.417351 0.737421 0.0452915 0.106548 0.452292
0 0.809042 0.462386 0.0526667 0.100217 0.321324
0 0.271426 0.30631 0.0696375 0.0911945 0.249553
0 0.527074 0.0431459 0.0386916 0.0862919 0.210291
0 0.570836 0.134136 0.115947 0.268272 0.131768
0 0.257148 0.399658 0.0495519 0.0654586 0.112594
0 0.435259 0.483784 0.0310267 0.0656396 0.761977
0 0.562913 0.534546 0.0345978 0.0725123 0.621483
0 0.420376 0.744082 0.036832 0.0794111 0.400867
0 0.526486 0.0400143 0.0358598 0.0751165 0.389662
0 0.280883 0.515173 0.0429564 0.0846303 0.373317
0 0.272615 0.307661 0.068174 0.0830118 0.369631
0 0.407939 0.723574 0.0617122 0.119276 0.207313
0 0.810983 0.454845 0.0469068 0.0745971 0.177784
0 0.392689 0.742841 0.102109 0.167378 0.120259
0 0.435139 0.487485 0.0320678 0.0742807 0.754881
0 0.563166 0.552733 0.0376434 0.113628 0.709596
0 0.284218 0.520028 0.0522185 0.0955862 0.650966
0 0.272376 0.310315 0.0715553 0.088876 0.585038
0 0.530239 0.0438492 0.0444431 0.0834519 0.444642
0 0.394019 0.730046 0.0913334 0.129179 0.383689
0 0.417466 0.746413 0.0418612 0.0797985 0.287046
0 0.809719 0.462046 0.051206 0.0964082 0.232967
0 0.255818 0.402491 0.0457232 0.0614075 0.203965
0 0.698841 0.693988 0.0376004 0.063992 0.15244
0 0.497558 0.777614 0.093531 0.186403 0.131784
0 0.727951 0.547599 0.106439 0.118342 0.127417
0 0.392606 0.774686 0.104707 0.241678 0.110668
0 0.433742 0.487623 0.0323179 0.0787347 0.7087
0 0.562544 0.538012 0.0355154 0.0883683 0.539135
0 0.280138 0.517595 0.0433387 0.101308 0.476041
0 0.530686 0.0438818 0.046938 0.0877636 0.417285
0 0.420003 0.746489 0.033937 0.0772839 0.342371
0 0.401269 0.7266 0.0748924 0.126457 0.33598
0 0.271851 0.309798 0.0709988 0.0937531 0.260153
0 0.814505 0.460496 0.0364975 0.0809794 0.226691
0 0.435483 0.486392 0.0376813 0.0798736 0.876425
0 0.289484 0.51867 0.0629015 0.103084 0.825088
0 0.562688 0.541049 0.0369788 0.0913772 0.740577
0 0.531665 0.0437737 0.0502017 0.0875474 0.651083
0 0.399011 0.727775 0.0828786 0.126366 0.473313
0 0.414485 0.737631 0.0496395 0.103585 0.435481
0 0.273189 0.310721 0.0714901 0.0952025 0.417901
0 0.813373 0.463433 0.0416492 0.0826989 0.311212
0 0.43346 0.487325 0.0332686 0.0732656 0.910258
0 0.562913 0.541479 0.036247 0.0921188 0.786814
0 0.284829 0.520874 0.051529 0.103851 0.767935
0 0.531202 0.0422015 0.0503724 0.0844029 0.72697
0 0.406596 0.726762 0.0630627 0.12429 0.533416
0 0.418943 0.748852 0.0372224 0.0777751 0.464269
0 0.271019 0.309241 0.0726295 0.0916798 0.43679
0 0.462886 0.417719 0.163747 0.352133 0.220894
0 0.815533 0.466289 0.0353338 0.0816403 0.219768
0 0.39334 0.753045 0.101807 0.193144 0.108473
0 0.432927 0.489017 0.0312732 0.073608 0.790886
0 0.56345 0.535667 0.0342374 0.0884038 0.717865
0 0.286077 0.517073 0.0532005 0.115352 0.601923
0 0.53229 0.0432427 0.0514424 0.0864854 0.595078
0 0.418773 0.748587 0.0349346 0.0849518 0.530182
0 0.27214 0.30981 0.0723712 0.0932298 0.286119
0 0.81603 0.463519 0.0329972 0.0838562 0.279889
0 0.411754 0.727172 0.0537306 0.128402 0.251623
0 0.467811 0.414532 0.153791 0.330612 0.162675
0 0.562833 0.538726 0.0353884 0.0845763 0.868926
0 0.433397 0.488525 0.0332506 0.0763525 0.862454
0 0.284889 0.521902 0.0518533 0.102087 0.802008
0 0.531796 0.0426179 0.0522262 0.0852358 0.772605
0 0.815895 0.464119 0.0343466 0.0818266 0.66708
0 0.418985 0.746309 0.0342122 0.0787781 0.653415
0 0.273132 0.310287 0.0704167 0.0900109 0.567425
0 0.411297 0.725782 0.0533554 0.122312 0.289304
0 0.877519 0.965043 0.051884 0.0699137 0.2246
0 0.700829 0.692307 0.0415537 0.0650842 0.113571
0 0.255042 0.403608 0.047093 0.0673449 0.110059
0 0.434272 0.488374 0.0361319 0.0769369 0.647066
0 0.561945 0.538342 0.0367656 0.0767444 0.564359
0 0.287975 0.521997 0.0598338 0.10102 0.553496
0 0.532088 0.0425773 0.0536548 0.0851546 0.474412
0 0.816373 0.464559 0.034335 0.0785713 0.37764
0 0.416433 0.728355 0.0430962 0.112572 0.296976
0 0.271843 0.309066 0.0717685 0.0908086 0.265149
0 0.43353 0.490611 0.0343915 0.0765408 0.882353
0 0.525965 0.0410586 0.0396059 0.0821172 0.733956
0 0.419542 0.742391 0.0344935 0.0824997 0.719638
0 0.285168 0.518951 0.0514409 0.100486 0.688633
0 0.562347 0.536602 0.035426 0.0758901 0.675774
0 0.816667 0.463427 0.032378 0.0754599 0.663444
0 0.272835 0.307698 0.0691093 0.0902521 0.2739
0 0.432889 0.493627 0.0322939 0.0685726 0.826243
0 0.562889 0.536991 0.0350561 0.0809337 0.739025
0 0.418991 0.74364 0.0347772 0.0787065 0.726361
0 0.525698 0.0409183 0.0384403 0.0818367 0.725877
0 0.816042 0.464518 0.0337864 0.0763673 0.706015
0 0.279711 0.519341 0.0419444 0.096668 0.678828
0 0.563569 0.538304 0.0353298 0.080688 0.816753
0 0.43335 0.49253 0.0322508 0.0698288 0.806623
0 0.526778 0.0400376 0.040396 0.0800751 0.803365
0 0.81661 0.463705 0.0346752 0.0802456 0.780617
0 0.282346 0.515868 0.0478372 0.10842 0.730992
0 0.419555 0.745001 0.0359113 0.088179 0.440319
0 0.271705 0.306949 0.0754526 0.0911108 0.224429
0 0.255088 0.405088 0.0450749 0.0686528 0.161816
0 0.533369 0.0670243 0.0582249 0.134049 0.156771
0 0.412111 0.724466 0.0546894 0.130489 0.116564
0 0.563181 0.540797 0.0344872 0.0829037 0.762315
0 0.526738 0.0411212 0.0408543 0.0822423 0.661352
0 0.288176 0.517187 0.0600586 0.107194 0.64548
0 0.433649 0.493664 0.0325568 0.0684689 0.630471
0 0.817105 0.46658 0.0337642 0.0818977 0.621705
0 0.533695 0.0695112 0.0588072 0.139022 0.208548
0 0.420046 0.746328 0.0360008 0.0890148 0.207074
0 0.273791 0.310208 0.0703156 0.0912615 0.189916
0 0.254882 0.405403 0.0453559 0.0689408 0.135454
0 0.43173 0.49111 0.032276 0.0728417 0.903065
0 0.563093 0.537285 0.03311 0.0793064 0.892863
0 0.27916 0.51881 0.0413083 0.0966912 0.835009
0 0.52434 0.0377424 0.0355346 0.0754848 0.817377
0 0.816586 0.465401 0.0324653 0.0830105 0.712135
0 0.419405 0.743088 0.0342504 0.081275 0.435392
0 0.533127 0.0479905 0.0560348 0.095981 0.116397
0 0.433641 0.493644 0.0333218 0.0682464 0.807738
0 0.56286 0.538037 0.0342041 0.0793984 0.783966
0 0.816719 0.466752 0.0325912 0.0822001 0.770603
0 0.418593 0.74432 0.0339526 0.0815495 0.765507
0 0.524914 0.0396806 0.0363051 0.0788743 0.739838
0 0.278762 0.519356 0.0403724 0.0898028 0.736971
0 0.532874 0.0545719 0.0565516 0.109144 0.247372
0 0.272472 0.308392 0.0704543 0.0873773 0.155632
0 0.25409 0.404197 0.0448501 0.0702968 0.104579
0 0.433719 0.492163 0.0322922 0.0683396 0.810261
0 0.562708 0.539013 0.035289 0.0789847 0.804951
0 0.816257 0.462963 0.0340799 0.0782092 0.796832
0 0.419386 0.744252 0.0334993 0.08309 0.79272
0 0.525476 0.0404683 0.0377286 0.0809366 0.743234
0 0.279428 0.519305 0.0424881 0.0882971 0.716809
0 0.274941 0.307889 0.0673692 0.0878505 0.476758
0 0.253945 0.404173 0.0432305 0.0693481 0.395171
0 0.562719 0.540791 0.0353414 0.0812634 0.834676
0 0.433389 0.490556 0.0342782 0.0701708 0.803953
0 0.279454 0.519512 0.043171 0.0947897 0.803573
0 0.816988 0.465715 0.033789 0.0800217 0.759747
0 0.419591 0.743658 0.0361882 0.0834006 0.755151
0 0.525829 0.0414734 0.0398675 0.0829468 0.74985
0 0.414118 0.722945 0.0485678 0.126664 0.274729
0 0.27503 0.308979 0.0666347 0.0902467 0.160545
0 0.563247 0.539712 0.0330743 0.0780748 0.779103
0 0.43327 0.493858 0.0320363 0.0671351 0.759511
0 0.817334 0.466249 0.0316336 0.0852189 0.752903
0 0.419835 0.742404 0.0330695 0.0800754 0.67309
0 0.527822 0.0418317 0.0423647 0.0836633 0.659056
0 0.280928 0.52334 0.0409104 0.0870358 0.647091
0 0.57465 0.551488 0.0593508 0.113086 0.120203
0 0.56241 0.540998 0.0351869 0.0825188 0.810355
0 0.433629 0.493355 0.0341187 0.0697491 0.809097
0 0.52946 0.0432687 0.048911 0.0865373 0.747449
0 0.817384 0.467082 0.0323418 0.0881298 0.733006
0 0.27988 0.52244 0.0429406 0.0916272 0.703231
0 0.419218 0.742015 0.03359 0.0813364 0.647663
0 0.578376 0.555758 0.068542 0.121302 0.187236
0 0.254165 0.404427 0.0450673 0.0689021 0.175964
0 0.697921 0.693701 0.0461407 0.0731371 0.1126
0 0.562648 0.538619 0.0344232 0.0778457 0.80125
0 0.433669 0.492194 0.0334928 0.0697943 0.727283
0 0.277941 0.520107 0.0386962 0.0857418 0.672566
0 0.524804 0.0391923 0.0380572 0.0783845 0.654106
0 0.420275 0.74076 0.0330474 0.0773822 0.54837
0 0.816157 0.464755 0.0332501 0.0809276 0.435034
0 0.563053 0.541444 0.0338707 0.0816648 0.867162
0 0.278593 0.52105 0.0383877 0.0880398 0.826455
0 0.43412 0.492508 0.0330368 0.0712684 0.788607
0 0.524754 0.0396619 0.0368155 0.0793237 0.787142
0 0.420861 0.740282 0.0334314 0.0788651 0.671126
0 0.816216 0.466305 0.0321255 0.081387 0.602084
0 0.563499 0.540643 0.0336325 0.0796977 0.859457
0 0.278927 0.519437 0.0373486 0.0897568 0.847946
0 0.433665 0.49014 0.031933 0.07285 0.845264
0 0.419868 0.742402 0.0343803 0.0825922 0.836122
0 0.524717 0.0400637 0.0366132 0.0801274 0.835538
0 0.817112 0.464473 0.032414 0.0802278 0.825433
0 0.281489 0.310132 0.052077 0.0842473 0.111599
0 0.419964 0.741677 0.0345143 0.0822039 0.789522
0 0.434049 0.490581 0.0323757 0.0691374 0.767334
0 0.817303 0.465917 0.0321608 0.083007 0.741486
0 0.528417 0.0425887 0.0457602 0.0851774 0.738521
0 0.279082 0.52062 0.0407969 0.0932788 0.730132
0 0.563258 0.540642 0.0351432 0.0803883 0.710642
0 0.433485 0.490147 0.0323658 0.0656407 0.845278
0 0.419624 0.74134 0.0341884 0.0817771 0.844148
0 0.816727 0.464097 0.0315713 0.0790728 0.821293
0 0.562825 0.537449 0.0352997 0.0808929 0.818982
0 0.277916 0.519105 0.0390946 0.0897697 0.795026
0 0.523396 0.0388204 0.0366912 0.0776408 0.788288
0 0.42006 0.743317 0.0345502 0.082462 0.835483
0 0.434168 0.492281 0.0330847 0.0699073 0.832911
0 0.816989 0.465806 0.0316921 0.0806515 0.81511
0 0.563334 0.537849 0.0350308 0.0798561 0.79223
0 0.523771 0.0395733 0.0365801 0.0757836 0.762425
0 0.278985 0.521048 0.0401523 0.0896002 0.740113
0 0.699473 0.694499 0.0450734 0.0709967 0.106099
0 0.419426 0.740547 0.0339016 0.0847089 0.853848
0 0.815585 0.464515 0.0321318 0.0822847 0.841778
0 0.433481 0.491296 0.0319676 0.0756006 0.83699
0 0.562843 0.538716 0.0349411 0.0778728 0.832534
0 0.27824 0.520499 0.0385722 0.0893334 0.823243
0 0.523477 0.0377399 0.0352827 0.0754798 0.749772
0 0.530932 0.0497538 0.0560765 0.0995077 0.188527
0 0.562923 0.539146 0.0346708 0.0786219 0.818016
0 0.420104 0.74095 0.0333764 0.0826121 0.811374
0 0.816888 0.46387 0.0316488 0.0767164 0.796171
0 0.433936 0.49213 0.032156 0.0735426 0.773182
0 0.278939 0.520985 0.0399453 0.085165 0.771006
0 0.523706 0.037859 0.0352457 0.075718 0.72534
0 0.563203 0.538902 0.0363687 0.0798973 0.857881
0 0.420739 0.741597 0.0341746 0.0811356 0.82949
0 0.278861 0.520882 0.0408736 0.0851479 0.819481
0 0.81738 0.465746 0.0311751 0.074197 0.804413
0 0.434301 0.493585 0.0328989 0.0670686 0.804393
0 0.524325 0.0386992 0.0371364 0.0773983 0.77531
0 0.562822 0.536573 0.0363923 0.0792197 0.78451
0 0.523379 0.0376621 0.0372214 0.0753241 0.738908
0 0.278288 0.518001 0.0395851 0.0878099 0.737579
0 0.433187 0.492472 0.0322709 0.0661571 0.733438
0 0.41961 0.741842 0.0349357 0.0810094 0.728656
0 0.81668 0.462868 0.0316035 0.0745135 0.699402
0 0.414273 0.723415 0.0482604 0.115931 0.203318
0 0.563893 0.538141 0.0365743 0.0770391 0.806197
0 0.43326 0.490753 0.0326914 0.0679289 0.77233
0 0.278685 0.521806 0.0397849 0.0890166 0.76595
0 0.817301 0.463025 0.0326584 0.0754516 0.748141
0 0.524203 0.0388966 0.0397346 0.0777933 0.7466
0 0.419462 0.739299 0.0360307 0.0807627 0.717471
0 0.413119 0.724667 0.0519756 0.125627 0.264945
0 0.563561 0.539392 0.0361369 0.0778519 0.803797
0 0.278717 0.519261 0.0398567 0.0833484 0.798115
0 0.523899 0.038488 0.0387221 0.0769761 0.788491
0 0.433176 0.490699 0.0324738 0.0680452 0.763268
0 0.817107 0.464296 0.0326274 0.0777139 0.738523
0 0.41912 0.74181 0.0361539 0.0866029 0.732188
0 0.412235 0.725171 0.0522444 0.125466 0.366874
0 0.279002 0.518728 0.0395561 0.0856827 0.874716
0 0.524155 0.0393139 0.0372885 0.0786278 0.846391
0 0.419886 0.740098 0.0358934 0.0884965 0.81118
0 0.434275 0.490141 0.0327387 0.0725483 0.806634
0 0.563238 0.539136 0.0351104 0.0811463 0.798083
0 0.817478 0.46507 0.0330874 0.0808367 0.766025
0 0.411566 0.723822 0.0546541 0.128156 0.585054
0 0.269841 0.306514 0.0615385 0.08317 0.212418
0 0.433836 0.492015 0.0324822 0.0682006 0.815857
0 0.278673 0.519629 0.0397771 0.0847619 0.810214
0 0.563089 0.539008 0.0358435 0.0781789 0.747471
0 0.817752 0.465952 0.0330533 0.0832605 0.393241
0 0.42012 0.738579 0.0347216 0.0868758 0.203001
0 0.816645 0.463374 0.0311785 0.0759483 0.834692
0 0.278273 0.519546 0.0384689 0.0829457 0.82881
0 0.433565 0.48919 0.0324419 0.0693625 0.827835
0 0.524252 0.0368835 0.037378 0.073767 0.827749
0 0.563294 0.536797 0.0346106 0.0759749 0.814656
0 0.419394 0.741495 0.0338443 0.0812462 0.801355
0 0.411359 0.726336 0.0526682 0.11903 0.298958
0 0.816696 0.465523 0.0323173 0.0791718 0.804692
0 0.278325 0.520212 0.0388638 0.0844308 0.798239
0 0.52417 0.0375463 0.0377829 0.0750926 0.781051
0 0.433782 0.489239 0.0335761 0.072422 0.764891
0 0.563335 0.538257 0.0357857 0.0792912 0.75081
0 0.419304 0.742996 0.0344025 0.0821443 0.684529
0 0.409829 0.724958 0.0559769 0.123491 0.143488
0 0.278683 0.521384 0.038714 0.0848087 0.853513
0 0.524053 0.0373551 0.0373487 0.0747103 0.849373
0 0.434048 0.490366 0.0338589 0.0731717 0.845654
0 0.816755 0.466192 0.0318425 0.0781051 0.83469
0 0.563757 0.539102 0.0351782 0.0810502 0.808838
0 0.419237 0.742984 0.0339566 0.0835971 0.715277
0 0.433541 0.492595 0.0327973 0.065024 0.80861
0 0.277936 0.523081 0.0386494 0.0881684 0.746253
0 0.816603 0.468214 0.0331068 0.0823823 0.745592
0 0.563527 0.540738 0.0358593 0.0846613 0.721714
0 0.523462 0.0388997 0.0363777 0.0777994 0.713394
0 0.418971 0.743183 0.0340816 0.0895775 0.531907
0 0.434312 0.489484 0.0342906 0.0749148 0.802421
0 0.563187 0.537428 0.0348228 0.0763155 0.793491
0 0.816814 0.464453 0.0321708 0.0768115 0.766951
0 0.278907 0.52146 0.0406196 0.0878892 0.733361
0 0.524057 0.0373894 0.0360985 0.0747787 0.706622
0 0.419966 0.740695 0.0345186 0.0841554 0.678894
0 0.409814 0.724251 0.0582762 0.124484 0.156828
0 0.562906 0.538869 0.0349492 0.077253 0.821684
0 0.434172 0.493216 0.0335128 0.0694931 0.794847
0 0.420477 0.74376 0.0342439 0.0790018 0.781121
0 0.817147 0.466614 0.0323313 0.0758249 0.76391
0 0.52378 0.0394958 0.0353487 0.0733622 0.732325
0 0.278606 0.522438 0.0392746 0.0868919 0.704829
0 0.413817 0.72859 0.0497711 0.111704 0.130704
0 0.563162 0.537261 0.0365047 0.0846014 0.818313
0 0.433308 0.491693 0.0333867 0.0728135 0.791185
0 0.278431 0.519417 0.0404374 0.0910444 0.756084
0 0.524168 0.0397805 0.0373908 0.079561 0.737088
0 0.817556 0.466433 0.0323538 0.0806135 0.66525
0 0.420156 0.74103 0.0332465 0.0834131 0.559822
0 0.407351 0.723421 0.0622792 0.12982 0.227448
0 0.433046 0.492471 0.0317951 0.0691406 0.832973
0 0.420132 0.74201 0.0319614 0.0800639 0.814307
0 0.278951 0.521954 0.0388767 0.0846924 0.805725
0 0.56394 0.538463 0.0354133 0.0819021 0.776681
0 0.524055 0.0393125 0.0361236 0.078625 0.774178
0 0.817625 0.467118 0.0308351 0.0767 0.663955
0 0.817263 0.466502 0.0334288 0.083773 0.839086
0 0.419407 0.741164 0.0340254 0.0821016 0.805862
0 0.432874 0.491534 0.033 0.0700014 0.788081
0 0.278939 0.520881 0.0406442 0.0901555 0.778887
0 0.563627 0.539261 0.0361553 0.0826933 0.765237
0 0.523648 0.0395193 0.0367354 0.0790386 0.759779
0 0.817211 0.465325 0.0323972 0.0823184 0.808675
0 0.419712 0.741601 0.0324522 0.078885 0.790918
0 0.278411 0.51984 0.0386263 0.087752 0.785127
0 0.52281 0.0375771 0.0332316 0.0751542 0.772492
0 0.563251 0.538288 0.0346546 0.0781702 0.763356
0 0.433151 0.492085 0.031043 0.0670912 0.746577
0 0.696112 0.691003 0.0421765 0.0652558 0.258668
0 0.712698 0.316344 0.0343117 0.0712798 0.122888
0 0.676986 0.323737 0.0183442 0.0392984 0.111005
0 0.42073 0.740599 0.0337428 0.0802186 0.814939
0 0.817901 0.463164 0.0316191 0.0776282 0.796672
0 0.279303 0.519286 0.0398624 0.0907967 0.784017
0 0.563496 0.537929 0.0353696 0.0775817 0.777658
0 0.524219 0.0383197 0.0355343 0.0766395 0.773348
0 0.434017 0.49252 0.0329318 0.0696671 0.752303
0 0.42024 0.74203 0.0332868 0.0794958 0.815214
0 0.278897 0.520557 0.0386662 0.0875247 0.790151
0 0.817144 0.463625 0.0316225 0.0771783 0.767588
0 0.523762 0.0380912 0.0351491 0.0761824 0.766183
0 0.563368 0.538011 0.0344483 0.0785769 0.75938
0 0.433644 0.49281 0.0318561 0.0674141 0.751837
0 0.4199 0.741878 0.0323249 0.0770621 0.842129
0 0.433881 0.492707 0.0324946 0.0684096 0.83947
0 0.817247 0.465643 0.0329216 0.0798741 0.820635
0 0.279087 0.521798 0.0381619 0.0834084 0.807586
0 0.563818 0.5349 0.0347124 0.0766251 0.798706
0 0.524368 0.0384644 0.036481 0.0769289 0.779024
0 0.67719 0.322033 0.017822 0.0377477 0.105193
0 0.816914 0.465527 0.0333895 0.0804676 0.824289
0 0.433847 0.493131 0.0331668 0.0694869 0.816314
0 0.278523 0.521748 0.0384777 0.0825872 0.800541
0 0.419676 0.742654 0.0331108 0.0786342 0.799269
0 0.563216 0.535031 0.0353341 0.0770429 0.770656
0 0.523904 0.0387391 0.0379105 0.0774782 0.746626
0 0.818068 0.465389 0.0340217 0.0828464 0.858057
0 0.563276 0.536878 0.0345321 0.0767242 0.849684
0 0.420652 0.742744 0.0342002 0.0775491 0.843111
0 0.434831 0.492616 0.0331816 0.0696605 0.837538
0 0.279098 0.520909 0.0395859 0.0832241 0.837076
0 0.524121 0.038406 0.0368727 0.0768119 0.817639
0 0.433149 0.488872 0.0335908 0.0738511 0.833583
0 0.817957 0.465634 0.035569 0.0845889 0.818971
0 0.562793 0.536859 0.0352982 0.0782428 0.814365
0 0.277869 0.523387 0.0398189 0.085394 0.795934
0 0.419716 0.742701 0.0362695 0.080622 0.789134
0 0.523968 0.039114 0.0370511 0.0782281 0.762805
0 0.56292 0.534399 0.0352815 0.0754183 0.861611
0 0.419655 0.741773 0.032905 0.0782041 0.860779
0 0.278244 0.521589 0.0377927 0.0836629 0.85967
0 0.816572 0.463967 0.0331764 0.0762465 0.839624
0 0.433618 0.490704 0.0316132 0.0693792 0.839079
0 0.524067 0.0377032 0.0365849 0.0754065 0.821504
0 0.278733 0.521795 0.0380369 0.0844252 0.840022
0 0.420156 0.742414 0.0334181 0.0788948 0.832235
0 0.817272 0.464843 0.0332769 0.0780766 0.830197
0 0.43422 0.491684 0.0327029 0.0697998 0.804769
0 0.563416 0.535305 0.0356293 0.0773282 0.792882
0 0.524642 0.0392107 0.0377319 0.0784215 0.759812
0 0.52311 0.0374102 0.0350738 0.0748204 0.831023
0 0.2776 0.519517 0.0366757 0.0808356 0.828992
0 0.563073 0.535147 0.0342519 0.0723666 0.827685
0 0.433777 0.490179 0.0323526 0.0695393 0.81793
0 0.419881 0.742574 0.0345736 0.0797745 0.804825
0 0.817309 0.461228 0.0313398 0.0691982 0.798193
0 0.412827 0.725893 0.0519103 0.123229 0.111762
0 0.41996 0.742654 0.0348651 0.0810986 0.81647
0 0.278462 0.518521 0.037725 0.0861549 0.812845
0 0.523082 0.0375613 0.0347381 0.0733406 0.8108
0 0.56351 0.534111 0.03384 0.0722859 0.808579
0 0.433741 0.490497 0.0319206 0.0671355 0.791577
0 0.817556 0.459881 0.0312934 0.0669888 0.784733
0 0.433652 0.492289 0.0336556 0.0791777 0.840552
0 0.278584 0.518518 0.0397294 0.0945423 0.830358
0 0.816805 0.464489 0.034582 0.082124 0.808387
0 0.419461 0.74344 0.0367232 0.0875926 0.8053
0 0.523433 0.0383828 0.036407 0.0767655 0.797326
0 0.563538 0.536301 0.0358669 0.0774091 0.782076
0 0.433583 0.492014 0.0322888 0.0718279 0.832786
0 0.278492 0.519102 0.038606 0.0886041 0.823528
0 0.52376 0.037788 0.0359765 0.075576 0.796446
0 0.817471 0.463648 0.0327286 0.0774608 0.793337
0 0.419909 0.741984 0.0341969 0.082081 0.793267
0 0.563179 0.535667 0.0349548 0.0737787 0.791767
0 0.434013 0.493218 0.0330762 0.0712747 0.877265
0 0.278382 0.520938 0.0400194 0.0866476 0.846227
0 0.816877 0.464494 0.0331707 0.0778702 0.824943
0 0.524256 0.0392155 0.0370373 0.078431 0.820211
0 0.562868 0.537514 0.0349716 0.0736831 0.802225
0 0.419583 0.741549 0.0345723 0.0799563 0.741472
0 0.433713 0.492988 0.0322134 0.0699634 0.852436
0 0.278381 0.519855 0.0398136 0.0856921 0.818876
0 0.81684 0.463173 0.0333416 0.0775146 0.795137
0 0.562838 0.536645 0.0346592 0.0734688 0.794495
0 0.524565 0.0388466 0.0373397 0.0776932 0.793346
0 0.420041 0.741289 0.0333562 0.0781805 0.790037
0 0.278391 0.52065 0.039964 0.0855497 0.845786
0 0.562822 0.536246 0.0345635 0.0719157 0.839818
0 0.43338 0.492694 0.0321296 0.0694671 0.833078
0 0.817501 0.463127 0.0322378 0.0736405 0.824636
0 0.524077 0.0389749 0.0372279 0.0761643 0.802848
0 0.420143 0.740658 0.0331059 0.0757095 0.779487
0 0.278741 0.522397 0.0400399 0.0860639 0.829789
0 0.433517 0.492992 0.0325328 0.0706292 0.80911
0 0.563151 0.537451 0.0347154 0.073925 0.806465
0 0.817708 0.464651 0.0326594 0.0767009 0.799294
0 0.420142 0.741747 0.0340643 0.0781731 0.792291
0 0.524148 0.0397489 0.0374631 0.0760093 0.755284
0 0.563245 0.536463 0.0329262 0.0752544 0.848387
0 0.277664 0.52003 0.0383325 0.0852453 0.8477
0 0.817196 0.462334 0.0314983 0.0748447 0.828521
0 0.420018 0.740209 0.0347197 0.0823476 0.827052
0 0.523944 0.0387554 0.036604 0.0775108 0.822783
0 0.433517 0.491596 0.0329399 0.0732312 0.821346
0 0.277846 0.520223 0.0390873 0.0835275 0.853494
0 0.563094 0.537222 0.0330883 0.0743262 0.843936
0 0.433401 0.493018 0.0324383 0.0708865 0.831767
0 0.524176 0.0385449 0.0363472 0.076306 0.830315
0 0.419943 0.74086 0.0350842 0.0822033 0.828214
0 0.816763 0.463846 0.0315928 0.0752246 0.826795
0 0.277566 0.51947 0.0391354 0.0848493 0.899252
0 0.563123 0.536081 0.0338429 0.0758708 0.867545
0 0.419142 0.741095 0.0347039 0.0848413 0.862632
0 0.817045 0.463815 0.0324866 0.0778987 0.852697
0 0.433495 0.492658 0.0327441 0.0725852 0.850858
0 0.523972 0.0381976 0.036132 0.0763952 0.848616
0 0.277421 0.520655 0.0371286 0.0823023 0.870728
0 0.563403 0.53646 0.0332665 0.0754769 0.847636
0 0.419218 0.742622 0.0324586 0.0834848 0.839818
0 0.433634 0.493317 0.0312513 0.0704719 0.822858
0 0.817301 0.465163 0.0312965 0.0763217 0.818499
0 0.524288 0.0389741 0.0344859 0.0745788 0.813563
0 0.695016 0.693404 0.0350463 0.0597614 0.131086
0 0.277936 0.519158 0.0390036 0.0811053 0.830687
0 0.563487 0.535079 0.0345736 0.0751527 0.824088
0 0.419364 0.742055 0.034918 0.0807608 0.820903
0 0.817277 0.462839 0.0323732 0.0741452 0.809397
0 0.525189 0.0381733 0.0370547 0.0745242 0.801133
0 0.433659 0.491318 0.032356 0.0687089 0.785272
0 0.56343 0.535839 0.0350164 0.0765586 0.848223
0 0.41976 0.742022 0.0350323 0.0837839 0.838362
0 0.278076 0.519747 0.0394741 0.0831484 0.832964
0 0.816723 0.463226 0.0319775 0.074958 0.822086
0 0.525295 0.0388707 0.0371406 0.0769954 0.818537
0 0.433953 0.491446 0.0329207 0.0707252 0.806197
0 0.562917 0.53562 0.035597 0.0757691 0.806249
0 0.433599 0.491652 0.0332398 0.0728183 0.795074
0 0.277429 0.519107 0.0398545 0.0831896 0.794249
0 0.816529 0.462532 0.0318829 0.0726891 0.7819
0 0.524602 0.0387848 0.0374824 0.0775696 0.777552
0 0.419495 0.74163 0.0353698 0.0827187 0.773758
0 0.434043 0.492663 0.0324982 0.0710125 0.885357
0 0.563132 0.535677 0.0352984 0.0743747 0.883268
0 0.278295 0.519265 0.0389702 0.0807564 0.870779
0 0.525042 0.0381133 0.0371755 0.0753418 0.858277
0 0.419786 0.7417 0.0350523 0.0800322 0.851006
0 0.817336 0.462344 0.031581 0.0717822 0.845113
0 0.434141 0.492411 0.0322917 0.0730388 0.871749
0 0.562908 0.536052 0.0353534 0.0770604 0.864053
0 0.524495 0.0388598 0.0379325 0.0777196 0.844584
0 0.278166 0.521015 0.0385982 0.0837285 0.84401
0 0.419408 0.742676 0.0355931 0.0822421 0.799209
0 0.81657 0.464703 0.0314016 0.0772517 0.774385
0 0.410255 0.72667 0.0563681 0.120478 0.387284
0 0.434069 0.491556 0.0322863 0.0727715 0.861107
0 0.562967 0.536112 0.0353881 0.0764327 0.859869
0 0.419339 0.742581 0.0362734 0.0844931 0.845043
0 0.27792 0.521608 0.0383018 0.0847159 0.842371
0 0.524345 0.0398413 0.0387678 0.0796826 0.8306
0 0.816698 0.465628 0.0312972 0.0773305 0.786171
0 0.563062 0.53594 0.0347322 0.0738471 0.835803
0 0.433785 0.491504 0.0313956 0.0707759 0.827875
0 0.419323 0.742856 0.0347081 0.0838837 0.8162
0 0.52402 0.039241 0.0380336 0.0784819 0.794052
0 0.277726 0.522809 0.0375883 0.0849133 0.792542
0 0.817297 0.463997 0.0299469 0.0732284 0.696975
0 0.562944 0.535304 0.0349933 0.0750877 0.868156
0 0.433927 0.491015 0.0322533 0.076542 0.827877
0 0.277707 0.521309 0.0396066 0.0904433 0.819481
0 0.524058 0.0403984 0.0384707 0.0807968 0.8022
0 0.420062 0.742241 0.0352986 0.0876714 0.80128
0 0.817196 0.463793 0.0306255 0.0768686 0.763163
0 0.563202 0.535787 0.0336509 0.0720192 0.858109
0 0.43414 0.493831 0.0313839 0.0713888 0.81124
0 0.278152 0.521767 0.0385579 0.0867983 0.810813
0 0.420187 0.742299 0.0346841 0.0825872 0.7972
0 0.524338 0.0392656 0.0371301 0.0783466 0.786212
0 0.817015 0.463235 0.0301886 0.0731603 0.745212
0 0.563073 0.534994 0.0341963 0.0744253 0.861049
0 0.434014 0.492933 0.0322631 0.0737707 0.827712
0 0.278129 0.520426 0.0392144 0.0871514 0.826362
0 0.420127 0.740623 0.0353923 0.0860046 0.819534
0 0.524345 0.0399321 0.0377753 0.0798642 0.790776
0 0.816723 0.463463 0.0319874 0.0762243 0.786963
0 0.419469 0.741974 0.0347435 0.0855717 0.841723
0 0.56272 0.535651 0.0350264 0.0770302 0.837215
0 0.278023 0.521326 0.0397287 0.0847259 0.836038
0 0.433825 0.491589 0.0321021 0.0721755 0.821952
0 0.524142 0.0401704 0.0382661 0.0803407 0.770814
0 0.816225 0.464378 0.0318063 0.0774058 0.741548
0 0.562892 0.537487 0.0345687 0.0758865 0.872328
0 0.433946 0.49221 0.0318677 0.0697978 0.857049
0 0.419775 0.743138 0.0343091 0.0839766 0.856272
0 0.277818 0.52056 0.038264 0.0816236 0.854237
0 0.524004 0.0403798 0.0370738 0.0807597 0.804985
0 0.817058 0.464281 0.0303595 0.0751987 0.787884
0 0.56266 0.535851 0.0353981 0.0760157 0.881188
0 0.277234 0.520194 0.0379715 0.0824614 0.858228
0 0.523627 0.0390079 0.0371054 0.0780159 0.813119
0 0.434077 0.491376 0.0325212 0.0690402 0.806749
0 0.419959 0.742273 0.0345291 0.0832065 0.801243
0 0.817172 0.463191 0.0297905 0.073073 0.734161
0 0.562709 0.536304 0.0351312 0.0741552 0.873426
0 0.277686 0.521055 0.0379519 0.0822731 0.856252
0 0.434257 0.492782 0.0323709 0.0703238 0.825005
0 0.524023 0.0385137 0.0366644 0.0770274 0.797627
0 0.419884 0.740891 0.0345222 0.0838336 0.792795
0 0.816974 0.46558 0.0311821 0.0752359 0.764042
0 0.562629 0.536923 0.0356936 0.0760552 0.818277
0 0.278202 0.520496 0.0399871 0.0830534 0.816747
0 0.433723 0.491805 0.031923 0.0716527 0.813778
0 0.419434 0.741121 0.0346116 0.0872425 0.76895
0 0.524314 0.038773 0.0374975 0.077546 0.763348
0 0.816196 0.464383 0.0322286 0.0773955 0.744765
0 0.433776 0.491094 0.0314724 0.0699678 0.82884
0 0.278554 0.520699 0.0384802 0.0808025 0.819184
0 0.562837 0.536487 0.0344868 0.0757712 0.800115
0 0.524631 0.0385955 0.0369834 0.0771911 0.778787
0 0.419708 0.740711 0.0338424 0.085059 0.753198
0 0.816474 0.46347 0.0309616 0.0749766 0.697324
0 0.433605 0.491503 0.0326448 0.073943 0.863209
0 0.562983 0.536294 0.0338288 0.0778564 0.856038
0 0.277766 0.522437 0.0372876 0.0840693 0.853877
0 0.420004 0.741521 0.0361566 0.0884253 0.815826
0 0.523938 0.0401757 0.0378397 0.0803513 0.807962
0 0.816367 0.463815 0.0312082 0.076989 0.757492
0 0.277598 0.522544 0.037768 0.08262 0.826409
0 0.562957 0.536154 0.0332727 0.0756748 0.825046
0 0.433439 0.491779 0.0321074 0.0711749 0.817109
0 0.523904 0.039693 0.0381535 0.0793861 0.779711
0 0.419849 0.741719 0.0367911 0.0855757 0.768349
0 0.816539 0.464064 0.0306705 0.0734767 0.664138
0 0.27831 0.522691 0.0380875 0.0854752 0.881624
0 0.563152 0.537908 0.0335474 0.0777567 0.878743
0 0.434071 0.493192 0.0320506 0.0731373 0.876434
0 0.419607 0.742928 0.0367603 0.0874843 0.874362
0 0.81698 0.466072 0.0318027 0.0776705 0.837014
0 0.524624 0.0414987 0.038453 0.0809573 0.835899
0 0.27809 0.521793 0.0392346 0.0903769 0.854194
0 0.562978 0.536982 0.0346816 0.0780029 0.844841
0 0.433991 0.49229 0.0325164 0.0761318 0.829534
0 0.4192 0.74205 0.0381724 0.0899754 0.813358
0 0.524731 0.0409401 0.0389717 0.0799692 0.804838
0 0.816665 0.465218 0.0339629 0.0804893 0.800297
0 0.277789 0.52092 0.0382052 0.0832172 0.852155
0 0.563175 0.53649 0.0338566 0.0723758 0.841219
0 0.43394 0.492897 0.0314097 0.0721162 0.830134
0 0.524317 0.039443 0.0367711 0.0733811 0.824865
0 0.420239 0.739691 0.0353513 0.0825488 0.78631
0 0.817285 0.464431 0.0316906 0.077194 0.772357
0 0.277576 0.520367 0.0389315 0.0835316 0.881063
0 0.562832 0.536052 0.0347556 0.0725277 0.877258
0 0.434285 0.493556 0.0325182 0.0724624 0.870034
0 0.524178 0.038911 0.0376609 0.0743584 0.864597
0 0.42052 0.739906 0.0357925 0.0833207 0.836042
0 0.817294 0.463758 0.031445 0.0771246 0.832853
0 0.278612 0.522557 0.0407922 0.0854364 0.838958
0 0.562857 0.536246 0.0358618 0.0735418 0.826405
0 0.434372 0.493383 0.0333077 0.0708159 0.812933
0 0.41958 0.74074 0.0371933 0.0865249 0.810863
0 0.524374 0.0387596 0.0387592 0.0775191 0.803083
0 0.816399 0.464488 0.0332637 0.0800859 0.791231
0 0.27894 0.523164 0.0401891 0.0854206 0.859507
0 0.41957 0.741108 0.0363373 0.0860397 0.845873
0 0.434238 0.493961 0.0328577 0.0707837 0.831317
0 0.56343 0.536348 0.034974 0.0740222 0.829282
0 0.524795 0.0390506 0.0389295 0.0781012 0.811264
0 0.816413 0.464941 0.0321826 0.0790708 0.810953
0 0.278962 0.522538 0.0396276 0.0859493 0.864675
0 0.419738 0.740541 0.0350071 0.0860447 0.846161
0 0.434306 0.493503 0.0329224 0.0713086 0.842088
0 0.563492 0.536229 0.0346693 0.0773011 0.840117
0 0.524775 0.0385938 0.0380511 0.0771877 0.825463
0 0.816761 0.464081 0.0304357 0.0779065 0.823007
0 0.279154 0.523225 0.0394824 0.0841044 0.8678
0 0.434229 0.493835 0.0320803 0.0701392 0.857465
0 0.563733 0.53818 0.0341268 0.0764685 0.849966
0 0.525132 0.038776 0.0373913 0.0773539 0.846096
0 0.420053 0.742856 0.0333328 0.0834119 0.84544
0 0.817168 0.465259 0.0303586 0.0769346 0.830271
0 0.433782 0.492066 0.0321536 0.0703516 0.884455
0 0.278219 0.519758 0.0397554 0.0837214 0.878025
0 0.563049 0.537135 0.0343 0.0781704 0.867027
0 0.524311 0.0385624 0.0372106 0.0771248 0.865895
0 0.817279 0.463677 0.0310301 0.0787941 0.858128
0 0.41998 0.740014 0.0350839 0.0872485 0.825025
0 0.278434 0.521023 0.040309 0.0849921 0.850175
0 0.433871 0.492627 0.0328254 0.0709105 0.846389
0 0.562762 0.537785 0.0349197 0.0783343 0.843008
0 0.523907 0.038676 0.0371513 0.077352 0.835367
0 0.817309 0.464332 0.0317762 0.0789805 0.817367
0 0.420281 0.738042 0.0351448 0.092333 0.739354
0 0.433985 0.492689 0.0332953 0.0704791 0.873994
0 0.562995 0.536823 0.0351706 0.0743619 0.872941
0 0.278962 0.522354 0.0408197 0.0839235 0.863597
0 0.524824 0.0382713 0.0382025 0.0758377 0.861347
0 0.817385 0.463878 0.031707 0.0748416 0.855638
0 0.419474 0.74078 0.0344549 0.0845168 0.831276
0 0.562636 0.536301 0.0347856 0.0765161 0.850807
0 0.523996 0.0381552 0.037708 0.0763103 0.837139
0 0.4333 0.492607 0.032631 0.0716606 0.835827
0 0.278023 0.52174 0.0391226 0.0856745 0.835486
0 0.816522 0.463348 0.0308011 0.0753634 0.827024
0 0.41903 0.740489 0.0339524 0.0863013 0.806683
0 0.562999 0.536535 0.0339391 0.0760152 0.824026
0 0.433473 0.493476 0.0314985 0.0696204 0.818582
0 0.816756 0.464163 0.030012 0.0740741 0.808257
0 0.419576 0.74144 0.0327417 0.0844977 0.806444
0 0.27843 0.522771 0.0386702 0.0824947 0.803329
0 0.524515 0.0381802 0.0371838 0.0763605 0.802205
0 0.562968 0.536818 0.0347291 0.0775782 0.861383
0 0.433602 0.493021 0.0320198 0.069512 0.856625
0 0.817088 0.463727 0.0310676 0.0756401 0.841641
0 0.278114 0.521984 0.0393888 0.0817656 0.837081
0 0.419584 0.741184 0.0336492 0.0845146 0.836837
0 0.524616 0.0387573 0.0385451 0.0775147 0.827768
0 0.562657 0.537002 0.0342434 0.0772916 0.836635
0 0.816914 0.463657 0.0306846 0.0750606 0.828378
0 0.433427 0.492514 0.0315245 0.0691737 0.815756
0 0.277836 0.522059 0.0390874 0.0813504 0.815204
0 0.524266 0.0386542 0.0383435 0.0773084 0.812352
0 0.419365 0.739997 0.0331305 0.0854486 0.784955
0 0.563199 0.537039 0.0336979 0.0782727 0.86184
0 0.817403 0.464215 0.0310035 0.0763375 0.843647
0 0.434156 0.493054 0.0323925 0.071297 0.842622
0 0.524679 0.0394288 0.0387141 0.0788575 0.830296
0 0.420378 0.741289 0.0345606 0.0861373 0.80707
0 0.278768 0.523173 0.0399506 0.0834344 0.806418
0 0.523823 0.0382339 0.0372429 0.0764678 0.846111
0 0.562698 0.537049 0.0328962 0.0757617 0.84557
0 0.434082 0.492196 0.0325926 0.0700598 0.842305
0 0.816864 0.463702 0.0311842 0.0751326 0.84201
0 0.277864 0.52159 0.0379806 0.0838021 0.838511
0 0.419619 0.73992 0.0339889 0.0855502 0.814831
0 0.434219 0.491985 0.0327334 0.0713375 0.847247
0 0.524109 0.038526 0.0375244 0.077052 0.840731
0 0.563164 0.536783 0.0328729 0.0752003 0.837541
0 0.816864 0.463782 0.0319737 0.0757869 0.837284
0 0.278365 0.520554 0.0384193 0.08407 0.834651
0 0.419888 0.739756 0.0344357 0.0861133 0.831335
0 0.433539 0.491746 0.0315702 0.0695464 0.854611
0 0.419808 0.740185 0.0329287 0.0826332 0.851097
0 0.523854 0.0384123 0.0370064 0.0768246 0.849259
0 0.277912 0.519682 0.0377688 0.0822162 0.847453
0 0.563222 0.537587 0.0327461 0.0747532 0.845804
0 0.816333 0.463488 0.0304152 0.0748048 0.839702
0 0.816885 0.464659 0.0306941 0.0762603 0.879402
0 0.433645 0.492647 0.0316381 0.0718273 0.872117
0 0.563551 0.538393 0.0327433 0.0763109 0.861314
0 0.419996 0.740606 0.0327223 0.0848171 0.854528
0 0.524037 0.0389623 0.036668 0.0779246 0.853594
0 0.278135 0.52045 0.0378503 0.0840851 0.846726
