0 0.421623 0.477004 0.0666577 0.0295187 0.787024
0 0.877667 0.552083 0.0879516 0.0326866 0.755508
0 0.680064 0.745195 0.0909851 0.0384921 0.655841
0 0.337922 0.345927 0.118959 0.0571391 0.621082
0 0.514477 0.79798 0.0668254 0.0254474 0.583512
0 0.150318 0.475126 0.0864701 0.0281253 0.580341
0 0.451885 0.608913 0.0781912 0.0357492 0.556076
0 0.145999 0.474152 0.0819061 0.0330814 0.877484
0 0.432419 0.609772 0.124188 0.0395395 0.856732
0 0.418278 0.478349 0.0701264 0.0356474 0.853614
0 0.682432 0.747514 0.092985 0.0464142 0.835041
0 0.336739 0.339995 0.116181 0.0480767 0.644118
0 0.513822 0.799204 0.0647375 0.0301304 0.464255
0 0.874169 0.552935 0.0895563 0.0402215 0.440187
0 0.339164 0.821329 0.106537 0.0282024 0.252789
0 0.545787 0.294164 0.0686695 0.0280249 0.125023
0 0.451894 0.609627 0.0901994 0.0392349 0.688686
0 0.339654 0.347039 0.123337 0.0632714 0.423983
0 0.419439 0.479146 0.0705197 0.035025 0.343029
0 0.683867 0.747142 0.104422 0.0422871 0.21538
0 0.114538 0.442485 0.229075 0.101648 0.189875
0 0.153298 0.473138 0.0954602 0.0371625 0.162429
0 0.876848 0.556584 0.0971855 0.0486145 0.139847
0 0.454242 0.607173 0.0847105 0.0375118 0.769031
0 0.419005 0.47788 0.0691389 0.032288 0.694881
0 0.67746 0.748958 0.0881655 0.0455889 0.64072
0 0.14893 0.473527 0.0710457 0.0336586 0.528234
0 0.877684 0.555705 0.0945891 0.047312 0.492774
0 0.329739 0.346278 0.103536 0.0575239 0.450459
0 0.424932 0.487153 0.0895956 0.0538305 0.150026
0 0.512667 0.798563 0.0663361 0.0273376 0.117996
0 0.0934882 0.975705 0.171567 0.0485902 0.106208
0 0.440565 0.608566 0.120396 0.0402061 0.923523
0 0.680238 0.749548 0.0962918 0.049083 0.914143
0 0.87586 0.558383 0.0999053 0.0516918 0.852063
0 0.151957 0.47391 0.0887168 0.03563 0.847039
0 0.327278 0.345521 0.10653 0.0591325 0.834705
0 0.419962 0.486608 0.0806098 0.0528622 0.768148
0 0.513083 0.799334 0.0708725 0.0297554 0.633395
0 0.104178 0.974682 0.163628 0.0506352 0.340876
0 0.348278 0.81997 0.120537 0.0265339 0.315926
0 0.138111 0.978803 0.083684 0.0423939 0.129724
0 0.682208 0.747886 0.0929807 0.0453863 0.834314
0 0.446087 0.608175 0.0980607 0.0403597 0.826882
0 0.876729 0.554094 0.09118 0.0380151 0.7756
0 0.32612 0.340377 0.0972525 0.0485565 0.72626
0 0.152724 0.474578 0.0765468 0.03298 0.674012
0 0.418886 0.478694 0.074063 0.0347978 0.613937
0 0.513759 0.799413 0.0641248 0.0281206 0.381742
0 0.108463 0.974901 0.142453 0.0501986 0.186143
0 0.8652 0.56595 0.120426 0.0709511 0.11929
0 0.432465 0.608236 0.123323 0.0382572 0.60513
0 0.877125 0.552386 0.0949707 0.0415173 0.499625
0 0.470565 0.484943 0.444648 0.20055 0.43727
0 0.679284 0.74673 0.0858884 0.0426944 0.407111
0 0.417675 0.478428 0.0757027 0.0371056 0.341532
0 0.147436 0.473146 0.0812201 0.0351856 0.273405
0 0.325437 0.338125 0.0918181 0.0462583 0.207126
0 0.513326 0.798353 0.0654322 0.0311211 0.1495
0 0.323334 0.821379 0.0589957 0.0291351 0.111906
0 0.877936 0.552589 0.0939476 0.0409392 0.962414
0 0.437094 0.608737 0.123151 0.0380108 0.953914
0 0.67972 0.746887 0.0833741 0.0409836 0.949583
0 0.151177 0.473523 0.0770101 0.0355438 0.896009
0 0.418247 0.48095 0.077653 0.0402472 0.893786
0 0.324377 0.338647 0.0909846 0.0454782 0.824989
0 0.514015 0.798597 0.066488 0.0321873 0.613556
0 0.343789 0.345328 0.135254 0.0654064 0.383873
0 0.325115 0.821732 0.05905 0.0297337 0.355152
0 0.118222 0.974835 0.126311 0.0503308 0.258044
0 0.138241 0.988926 0.0827912 0.0221478 0.182268
0 0.449496 0.608257 0.0884696 0.0370567 0.860511
0 0.875055 0.551861 0.0897052 0.0390642 0.847152
0 0.678678 0.745928 0.080186 0.0388276 0.801904
0 0.325608 0.337326 0.088041 0.0420017 0.707568
0 0.418289 0.477236 0.0737985 0.0338257 0.688126
0 0.153098 0.473116 0.0726382 0.0343534 0.676303
0 0.515191 0.796865 0.0664209 0.0289677 0.529015
0 0.330398 0.820502 0.0607574 0.0261986 0.160004
0 0.106972 0.444518 0.213944 0.0940626 0.139169
0 0.876085 0.551977 0.0889389 0.0377185 0.790538
0 0.450211 0.608342 0.0836937 0.0380703 0.76094
0 0.676958 0.745688 0.0781746 0.0392799 0.724878
0 0.515655 0.797171 0.0597302 0.02819 0.650111
0 0.153117 0.473682 0.0719024 0.0348043 0.630261
0 0.415062 0.477347 0.0696382 0.0336024 0.613875
0 0.325196 0.337518 0.0885641 0.040762 0.604909
0 0.340137 0.820324 0.0818636 0.0276211 0.183102
0 0.251633 0.662381 0.0465925 0.0185999 0.127041
0 0.548436 0.295821 0.0770043 0.0309599 0.10123
0 0.682998 0.754206 0.103316 0.0606471 0.922805
0 0.418489 0.481428 0.0812355 0.0436525 0.874625
0 0.876624 0.553132 0.0941807 0.0396644 0.870743
0 0.45232 0.607444 0.0898798 0.0409771 0.865369
0 0.152819 0.474034 0.0840062 0.0362484 0.83131
0 0.326077 0.343171 0.0959572 0.0567788 0.797432
0 0.516235 0.798293 0.0604961 0.0285 0.238683
0 0.677274 0.743889 0.0793664 0.0376831 0.754725
0 0.877471 0.552011 0.09027 0.0367718 0.713724
0 0.450269 0.606988 0.0880791 0.0359266 0.704226
0 0.417548 0.477734 0.074843 0.033308 0.638395
0 0.151971 0.472396 0.0749125 0.0320964 0.635059
0 0.325747 0.336045 0.0835855 0.0410147 0.58394
0 0.515232 0.797261 0.0599921 0.0253784 0.224532
0 0.44787 0.607594 0.0950371 0.0390995 0.679036
0 0.153509 0.473139 0.0769245 0.0345253 0.602954
0 0.418706 0.478995 0.081273 0.0385887 0.508258
0 0.876378 0.552156 0.0942982 0.0401154 0.498584
0 0.330315 0.346967 0.106535 0.0658847 0.46394
0 0.676559 0.74569 0.0852426 0.0407579 0.455487
0 0.512701 0.798381 0.0665251 0.0268505 0.390646
0 0.325501 0.821706 0.0575165 0.0267032 0.146117
0 0.455295 0.608064 0.0877707 0.0370789 0.796997
0 0.676855 0.745253 0.0767384 0.037356 0.755931
0 0.873974 0.552577 0.0884344 0.0384756 0.74186
0 0.324027 0.338723 0.0830029 0.0453993 0.679692
0 0.15504 0.473438 0.074039 0.0337795 0.657402
0 0.418574 0.478416 0.0744142 0.0362385 0.654191
0 0.513195 0.799279 0.0650019 0.0272108 0.3121
0 0.327407 0.821532 0.0559262 0.0264828 0.168671
0 0.683814 0.746891 0.0777654 0.0337822 0.815298
0 0.419535 0.477919 0.0610069 0.034586 0.782859
0 0.340036 0.347739 0.116266 0.0595936 0.650127
0 0.443622 0.608896 0.0933883 0.0338655 0.638568
0 0.517061 0.799602 0.062706 0.0294395 0.585093
0 0.150563 0.473823 0.0884889 0.0316691 0.540043
0 0.880194 0.555428 0.0872647 0.0440564 0.45221
0 0.383076 0.81749 0.055296 0.021509 0.255302
0 0.684554 0.764926 0.0693393 0.0241721 0.192003
0 0.16092 0.465663 0.112951 0.0508856 0.14446
0 0.55258 0.300522 0.06005 0.0343879 0.11731
0 0.54431 0.381058 0.0680955 0.0281731 0.112365
0 0.433562 0.608473 0.122819 0.0364569 0.67562
0 0.33849 0.345608 0.113197 0.0615433 0.635862
0 0.678531 0.744861 0.0908472 0.0381517 0.492749
0 0.416493 0.476932 0.0686037 0.0351132 0.44401
0 0.150753 0.472993 0.0899696 0.0321879 0.426173
0 0.159665 0.494477 0.31933 0.188927 0.373563
0 0.439645 0.496396 0.42174 0.185411 0.252596
0 0.875251 0.55183 0.0913243 0.03983 0.208724
0 0.417243 0.478513 0.0651787 0.0312675 0.503207
0 0.451801 0.609242 0.0798178 0.0377707 0.486023
0 0.683488 0.745895 0.0949133 0.0404876 0.38345
0 0.342253 0.346683 0.12215 0.0619464 0.223526
0 0.152383 0.473265 0.0846564 0.0323998 0.211533
0 0.877381 0.553798 0.0958999 0.0365766 0.104594
0 0.680853 0.74749 0.0978878 0.046906 0.831298
0 0.44093 0.608163 0.104109 0.0403445 0.730441
0 0.339854 0.34642 0.127146 0.0649323 0.729725
0 0.417681 0.475553 0.0715818 0.0333202 0.721089
0 0.14995 0.473207 0.0807533 0.0360112 0.482299
0 0.19025 0.544737 0.278964 0.127284 0.396713
0 0.513144 0.797915 0.0651902 0.0288429 0.20971
0 0.0936189 0.973813 0.171848 0.0523735 0.189822
0 0.349321 0.820333 0.121459 0.0291862 0.156647
0 0.876127 0.551318 0.0963999 0.0396683 0.108219
0 0.41673 0.477221 0.0690561 0.0309874 0.671316
0 0.678523 0.74364 0.0833729 0.032548 0.599745
0 0.442515 0.608329 0.0995052 0.0370762 0.569275
0 0.327449 0.33703 0.0952772 0.0389628 0.513914
0 0.150351 0.473241 0.079204 0.033094 0.468179
0 0.875882 0.550956 0.0871907 0.0347071 0.264783
0 0.341436 0.346995 0.122138 0.0622075 0.127862
0 0.174827 0.548591 0.248861 0.114886 0.124444
0 0.681231 0.746325 0.10028 0.0400962 0.858344
0 0.44182 0.608692 0.108855 0.0389754 0.821243
0 0.41642 0.477729 0.069849 0.0318878 0.676883
0 0.150966 0.47376 0.0852006 0.034542 0.67641
0 0.338804 0.346991 0.121971 0.0612409 0.631493
0 0.876489 0.551965 0.0921079 0.0372612 0.362638
0 0.350969 0.820854 0.119167 0.0288978 0.316056
0 0.175443 0.548523 0.232232 0.106619 0.23112
0 0.106164 0.984906 0.139393 0.0301876 0.158244
0 0.414144 0.477229 0.0662588 0.0339333 0.709866
0 0.67874 0.744389 0.0913144 0.0396237 0.688365
0 0.876664 0.551074 0.0874906 0.0384689 0.541384
0 0.151104 0.472541 0.0842581 0.0341702 0.488537
0 0.451534 0.607316 0.0840636 0.0396379 0.484385
0 0.327211 0.338428 0.0951838 0.0459929 0.466359
0 0.35302 0.820963 0.113613 0.0296345 0.285696
0 0.682846 0.745173 0.099844 0.0397196 0.877869
0 0.416144 0.477654 0.0727581 0.0338959 0.858343
0 0.878548 0.551809 0.0920635 0.0390965 0.801612
0 0.444901 0.607976 0.0995457 0.0391281 0.730827
0 0.154286 0.472741 0.091999 0.0341222 0.722126
0 0.33528 0.343517 0.113539 0.0551633 0.688638
0 0.350522 0.820906 0.117695 0.0292721 0.521465
0 0.514149 0.798256 0.0670928 0.0284315 0.400974
0 0.1702 0.460971 0.129733 0.0575779 0.11191
0 0.415559 0.478028 0.0704848 0.0333003 0.90332
0 0.68076 0.746198 0.0965179 0.0417037 0.878071
0 0.877049 0.550725 0.0884611 0.0377071 0.835649
0 0.152723 0.474095 0.0870139 0.0352383 0.82193
0 0.325341 0.337525 0.0887511 0.0435875 0.755688
0 0.44435 0.608326 0.0973813 0.0398909 0.705741
0 0.350896 0.820377 0.114778 0.0277416 0.302506
0 0.335564 0.34591 0.124563 0.0640775 0.131318
0 0.0946564 0.974265 0.170857 0.0514696 0.11416
0 0.678895 0.74447 0.0850357 0.0396722 0.780614
0 0.874596 0.551177 0.0837689 0.0383356 0.765067
0 0.41416 0.477198 0.0646834 0.0337992 0.753122
0 0.154846 0.473368 0.0787424 0.035614 0.749856
0 0.452717 0.607786 0.086791 0.0405676 0.674606
0 0.322857 0.338431 0.0851367 0.0454139 0.610329
0 0.351795 0.820393 0.111787 0.028483 0.201055
0 0.0958097 0.975983 0.162479 0.0480347 0.155174
0 0.339677 0.346136 0.126305 0.0664959 0.154142
0 0.123337 0.986818 0.101672 0.0263634 0.147979
0 0.67721 0.74518 0.0906235 0.0391598 0.915614
0 0.451059 0.607524 0.090065 0.0395601 0.871739
0 0.876382 0.552264 0.0872137 0.0377741 0.86237
0 0.153161 0.473447 0.0862969 0.0351849 0.83352
0 0.324132 0.337462 0.0874185 0.0419664 0.833002
0 0.415015 0.478016 0.0716002 0.0344211 0.793068
0 0.104508 0.974024 0.146918 0.0519518 0.366633
0 0.114956 0.986079 0.12141 0.0278417 0.311169
0 0.138953 0.98758 0.0704807 0.0232792 0.280405
0 0.352748 0.820613 0.114923 0.0284041 0.277757
0 0.339591 0.346269 0.125923 0.0635097 0.271715
0 0.679224 0.745999 0.0948739 0.0392087 0.658668
0 0.447347 0.607617 0.0926213 0.0389267 0.653665
0 0.416213 0.478178 0.0771369 0.0327618 0.578044
0 0.878516 0.551938 0.0936277 0.0369932 0.57201
0 0.152041 0.473126 0.0877899 0.0356474 0.544674
0 0.330819 0.339925 0.103681 0.0494467 0.512389
0 0.102638 0.974081 0.154076 0.0518385 0.111077
0 0.453605 0.606827 0.0812035 0.038623 0.887866
0 0.154922 0.473198 0.0773827 0.0345009 0.87784
0 0.877277 0.551186 0.0857786 0.036122 0.832234
0 0.415655 0.47733 0.0754553 0.0330157 0.812348
0 0.679818 0.74502 0.0868496 0.0398375 0.797944
0 0.324058 0.33598 0.082473 0.0386971 0.681193
0 0.350759 0.820381 0.11215 0.0279304 0.153935
0 0.155579 0.472962 0.0787421 0.0325849 0.889686
0 0.454361 0.606581 0.0848157 0.0373685 0.887514
0 0.875605 0.551786 0.0859002 0.0367051 0.820278
0 0.677455 0.745327 0.0859778 0.03895 0.817847
0 0.414059 0.477219 0.0714476 0.0333061 0.791852
0 0.323595 0.336989 0.083727 0.0401933 0.741227
0 0.511459 0.798558 0.0692741 0.0280398 0.189957
0 0.456215 0.606707 0.0868623 0.0380833 0.894593
0 0.156758 0.472646 0.0813677 0.0328947 0.890563
0 0.325022 0.336949 0.0875764 0.0436394 0.866137
0 0.876723 0.55084 0.0908609 0.0368544 0.866116
0 0.678407 0.74597 0.0870702 0.0399582 0.830933
0 0.415162 0.477295 0.0717541 0.03392 0.827885
0 0.514355 0.798926 0.0709278 0.0284668 0.309264
0 0.878204 0.552785 0.0900656 0.0376055 0.83765
0 0.678177 0.747092 0.0879279 0.0417217 0.808833
0 0.454776 0.608286 0.0873799 0.0385243 0.805905
0 0.156409 0.473375 0.0797818 0.0334467 0.799289
0 0.32512 0.338358 0.0868241 0.0447214 0.743852
0 0.415874 0.478142 0.0738211 0.0347946 0.724602
0 0.512518 0.799182 0.0679685 0.028792 0.390175
0 0.115256 0.973677 0.140569 0.0526455 0.11322
0 0.878378 0.550923 0.0886727 0.0371305 0.910509
0 0.324477 0.337824 0.0821471 0.0428864 0.89958
0 0.154834 0.47284 0.0731561 0.0326141 0.899384
0 0.452992 0.607238 0.082736 0.0388044 0.889569
0 0.676493 0.746777 0.0827268 0.0408927 0.869615
0 0.415848 0.477093 0.0750795 0.0343789 0.864566
0 0.155288 0.473272 0.0736285 0.0319453 0.885392
0 0.452097 0.60748 0.0845234 0.0375133 0.875835
0 0.674942 0.746773 0.0838645 0.0414278 0.86737
0 0.877507 0.55206 0.0896748 0.0381194 0.832531
0 0.322821 0.338879 0.0813982 0.0435696 0.750452
0 0.416871 0.477653 0.0768752 0.0339359 0.734203
0 0.512245 0.7991 0.0635324 0.0270159 0.566341
0 0.352875 0.820085 0.108501 0.0278706 0.31487
0 0.155621 0.473098 0.080133 0.0333699 0.868816
0 0.453958 0.607324 0.0812568 0.0375963 0.859269
0 0.875903 0.551591 0.0880317 0.0380644 0.847053
0 0.676779 0.744769 0.0862759 0.0407505 0.821543
0 0.415347 0.477401 0.073392 0.0328257 0.770355
0 0.323088 0.336578 0.0863765 0.0414543 0.755931
0 0.512129 0.799241 0.0689348 0.0285252 0.744515
0 0.355128 0.820111 0.107927 0.0281575 0.489482
0 0.145646 0.987317 0.0582007 0.0253652 0.2139
0 0.15567 0.473501 0.0805072 0.0347688 0.879224
0 0.678069 0.745539 0.0906841 0.04002 0.854908
0 0.415685 0.477243 0.0758417 0.0331239 0.82746
0 0.453565 0.606957 0.0922672 0.0398945 0.811273
0 0.875529 0.551838 0.0916732 0.0400679 0.796733
0 0.322687 0.337834 0.0868421 0.0440173 0.756509
0 0.513807 0.798808 0.0683067 0.028792 0.612568
0 0.354533 0.820333 0.111079 0.0285416 0.149661
0 0.157161 0.473999 0.0720971 0.033959 0.84552
0 0.415716 0.477433 0.073526 0.0322397 0.822364
0 0.877129 0.551928 0.0842932 0.0390457 0.807916
0 0.678845 0.746641 0.0837706 0.0395024 0.751846
0 0.455979 0.606802 0.0841093 0.0383411 0.750952
0 0.323171 0.337811 0.0799601 0.0433142 0.731686
0 0.514213 0.798568 0.0649703 0.0270132 0.567903
0 0.355693 0.819608 0.118758 0.029372 0.245
0 0.156123 0.474138 0.0758094 0.0354807 0.852109
0 0.414062 0.477591 0.0772386 0.0333035 0.829459
0 0.87659 0.55197 0.0878772 0.0400362 0.827836
0 0.446636 0.607225 0.101386 0.0401115 0.8046
0 0.682453 0.746907 0.0937087 0.0418364 0.800685
0 0.32454 0.337607 0.0888432 0.0446116 0.752214
0 0.512996 0.799338 0.0674298 0.0275643 0.617869
0 0.351079 0.820553 0.114744 0.0291321 0.431404
0 0.344073 0.344814 0.134644 0.0675364 0.257467
0 0.140836 0.986674 0.0781751 0.0266529 0.148919
0 0.415392 0.477083 0.0754702 0.0329832 0.813679
0 0.876874 0.551929 0.0918455 0.0386549 0.769965
0 0.325433 0.337179 0.0888413 0.0428017 0.763619
0 0.681437 0.746301 0.091722 0.040399 0.75876
0 0.156915 0.473026 0.0781668 0.0340368 0.741645
0 0.448557 0.606653 0.0975416 0.0394891 0.73311
0 0.35147 0.820199 0.113055 0.0289284 0.178041
0 0.513003 0.79909 0.0671177 0.0274986 0.125838
0 0.416063 0.477141 0.0740086 0.0328856 0.882293
0 0.876035 0.553106 0.0908786 0.0408228 0.853205
0 0.451886 0.607618 0.0905411 0.039086 0.846925
0 0.323995 0.337843 0.0866823 0.0427578 0.826369
0 0.681575 0.747035 0.0903142 0.0400643 0.819834
0 0.156338 0.473648 0.0780126 0.0341627 0.797435
0 0.351513 0.820728 0.111753 0.0295861 0.355399
0 0.874759 0.553464 0.0877293 0.0387559 0.889733
0 0.415077 0.477226 0.0727779 0.0327097 0.88331
0 0.323093 0.338359 0.0838173 0.0434901 0.862971
0 0.451988 0.607202 0.0882475 0.0384278 0.856461
0 0.156232 0.473866 0.0774941 0.0336401 0.856128
0 0.680272 0.746983 0.0914652 0.040275 0.831472
0 0.350311 0.820585 0.110264 0.0288698 0.470648
0 0.512575 0.799209 0.0671476 0.0258778 0.431974
0 0.140149 0.987326 0.0593489 0.0253475 0.154478
0 0.876298 0.553306 0.0939516 0.0400203 0.7877
0 0.157423 0.47428 0.0793878 0.0335014 0.781183
0 0.684451 0.747039 0.0983939 0.0406053 0.76964
0 0.416308 0.47733 0.0776512 0.0340544 0.755443
0 0.324468 0.338194 0.0871757 0.0440814 0.741869
0 0.450801 0.606923 0.0928694 0.0384172 0.740414
0 0.351718 0.820229 0.11298 0.0286556 0.283672
0 0.87556 0.552475 0.0937466 0.0389906 0.877792
0 0.154766 0.473942 0.0794257 0.03316 0.857893
0 0.323052 0.336939 0.0871566 0.0421083 0.844192
0 0.415253 0.47702 0.0773861 0.0341611 0.837849
0 0.680371 0.746612 0.0898291 0.0402368 0.836284
0 0.450254 0.606873 0.0917139 0.0370134 0.804439
0 0.350741 0.82022 0.110859 0.0285263 0.615036
0 0.511984 0.7986 0.0660347 0.0262691 0.441412
0 0.137211 0.983439 0.0678115 0.0331215 0.115387
0 0.878132 0.552301 0.0916946 0.0392627 0.867147
0 0.682512 0.74688 0.0920085 0.0407652 0.841308
0 0.155552 0.474451 0.0793471 0.0327888 0.837003
0 0.417272 0.47696 0.0786172 0.0335287 0.828834
0 0.451765 0.607259 0.0896941 0.0372288 0.816983
0 0.323636 0.337194 0.0884088 0.0426411 0.802921
0 0.512618 0.799398 0.0655043 0.0271111 0.644306
0 0.351894 0.820648 0.110391 0.0295658 0.626891
0 0.132676 0.974212 0.0794693 0.0515769 0.182337
0 0.87692 0.551292 0.0893661 0.0391142 0.897209
0 0.450113 0.6069 0.0920408 0.0386736 0.882885
0 0.154521 0.473727 0.0798295 0.0347372 0.852839
0 0.679582 0.745912 0.0881739 0.0420821 0.846652
0 0.322525 0.336636 0.0874332 0.0433072 0.839808
0 0.415341 0.476794 0.0753674 0.0337055 0.83324
0 0.511496 0.799784 0.0665104 0.0275583 0.481453
0 0.350662 0.82089 0.106048 0.0302662 0.352835
0 0.878401 0.551674 0.0893462 0.0389128 0.867032
0 0.155796 0.473991 0.0801348 0.034 0.84734
0 0.447997 0.607217 0.0957065 0.0394136 0.836089
0 0.683156 0.746373 0.0926597 0.0410196 0.823781
0 0.415739 0.476686 0.0741402 0.0334448 0.784676
0 0.323602 0.336863 0.0888517 0.0424226 0.775514
0 0.357504 0.821221 0.0956519 0.0253719 0.170951
0 0.511519 0.799732 0.0635571 0.0268131 0.156937
0 0.879162 0.551769 0.0922914 0.0377628 0.894655
0 0.155442 0.474391 0.0815731 0.03375 0.874594
0 0.685482 0.746613 0.0978685 0.0406362 0.866046
0 0.324321 0.337204 0.0894458 0.04171 0.852388
0 0.416644 0.476799 0.0776725 0.0338297 0.847393
0 0.452461 0.607165 0.092173 0.0369263 0.842694
0 0.513794 0.799843 0.0649552 0.0273691 0.372301
0 0.361298 0.819527 0.096211 0.0270138 0.163596
0 0.877061 0.551464 0.0919421 0.037398 0.793891
0 0.154358 0.473709 0.0805388 0.0331795 0.783681
0 0.414191 0.476445 0.0770312 0.0342979 0.779122
0 0.680082 0.746205 0.0899554 0.0402355 0.775261
0 0.323024 0.337046 0.0876967 0.0419699 0.766383
0 0.445715 0.607464 0.0987061 0.0403531 0.758933
0 0.512882 0.799233 0.065731 0.0276684 0.285975
0 0.156823 0.473763 0.0811583 0.0318688 0.824759
0 0.876868 0.552288 0.0948686 0.0404484 0.818957
0 0.683114 0.746577 0.09116 0.0405421 0.798998
0 0.450118 0.606621 0.0983123 0.0368435 0.783744
0 0.415441 0.477243 0.0789447 0.0332905 0.773083
0 0.324784 0.33737 0.0863655 0.0433467 0.770507
0 0.358063 0.822031 0.0748512 0.0229464 0.180161
0 0.514147 0.798713 0.0683061 0.0265114 0.159643
0 0.155897 0.473961 0.0814347 0.0319442 0.821589
0 0.875229 0.552268 0.0937292 0.039875 0.811919
0 0.68065 0.746778 0.0894384 0.0413675 0.794345
0 0.414763 0.477636 0.0771673 0.0331752 0.772742
0 0.448661 0.607155 0.10026 0.0375859 0.770276
0 0.323414 0.337426 0.0858536 0.0434861 0.765476
0 0.513345 0.799066 0.0674486 0.0269861 0.256092
0 0.346865 0.820072 0.0983551 0.0264673 0.203957
0 0.156002 0.473422 0.0786637 0.0327925 0.861689
0 0.878202 0.551779 0.0912956 0.0404165 0.836412
0 0.416715 0.476624 0.0737835 0.0343969 0.812765
0 0.681885 0.746036 0.0877502 0.0408747 0.811044
0 0.324119 0.336955 0.0865201 0.0424819 0.785707
0 0.451977 0.606885 0.0940685 0.0391321 0.781316
0 0.512492 0.799227 0.066095 0.0280365 0.701718
0 0.352851 0.820254 0.103224 0.0282251 0.630084
0 0.877742 0.552081 0.0920618 0.0403343 0.832023
0 0.155794 0.473708 0.0775294 0.0319739 0.82096
0 0.416205 0.476823 0.0751846 0.0335315 0.813424
0 0.450703 0.606258 0.0955693 0.0376309 0.803711
0 0.323154 0.337323 0.0879224 0.0442003 0.794754
0 0.681147 0.745834 0.0900707 0.0403954 0.787547
0 0.354242 0.82119 0.107988 0.0273529 0.211972
0 0.875709 0.551408 0.0894087 0.0393459 0.845923
0 0.41596 0.476272 0.0746353 0.0324776 0.834932
0 0.154832 0.473439 0.0763531 0.0310911 0.832954
0 0.323164 0.335916 0.0841668 0.0408172 0.823922
0 0.678875 0.744809 0.0837057 0.0393397 0.797091
0 0.454495 0.605879 0.0846738 0.0367541 0.793058
0 0.353184 0.820789 0.1066 0.0268868 0.477039
0 0.512039 0.799027 0.0660479 0.0258713 0.144247
0 0.875938 0.551665 0.092255 0.0407248 0.800246
0 0.155534 0.473814 0.077673 0.0327486 0.794485
0 0.323382 0.337449 0.0857095 0.0441372 0.774521
0 0.416775 0.476806 0.0780603 0.0341294 0.772189
0 0.679381 0.745871 0.0849002 0.0415493 0.752638
0 0.453257 0.606253 0.0903593 0.0389215 0.742283
0 0.352747 0.820834 0.10848 0.0288828 0.509917
0 0.876801 0.551876 0.0906686 0.0404345 0.865881
0 0.15721 0.473842 0.0772341 0.0324756 0.853153
0 0.416967 0.477061 0.0775862 0.0340391 0.852611
0 0.324867 0.337391 0.0855243 0.0426842 0.837013
0 0.451095 0.605983 0.095709 0.0379921 0.832394
0 0.67945 0.746631 0.0873177 0.0414541 0.809466
0 0.353777 0.82111 0.0916168 0.0263771 0.127865
0 0.156309 0.474215 0.0765845 0.0345607 0.779904
0 0.876109 0.55201 0.0914242 0.0405267 0.764023
0 0.416591 0.477404 0.0772989 0.0348502 0.747954
0 0.44956 0.606831 0.0964749 0.0383885 0.737039
0 0.323372 0.337828 0.0828668 0.0428945 0.734846
0 0.678833 0.747728 0.0818112 0.0426768 0.721866
0 0.350678 0.821057 0.11113 0.0291036 0.117334
0 0.877007 0.551001 0.0925048 0.0383644 0.848792
0 0.45141 0.605668 0.0941801 0.0377388 0.820006
0 0.416612 0.476745 0.0763892 0.0325369 0.80391
0 0.681478 0.745275 0.0893397 0.0396868 0.801166
0 0.15648 0.473399 0.0790149 0.0325832 0.795651
0 0.324958 0.336546 0.0876536 0.040952 0.782786
0 0.877993 0.551657 0.0906749 0.0376203 0.871309
0 0.452936 0.606599 0.0922129 0.0377527 0.840751
0 0.682293 0.74556 0.0886998 0.0392156 0.827215
0 0.416276 0.478261 0.0771644 0.0343157 0.82672
0 0.325786 0.336975 0.0876735 0.0407472 0.796829
0 0.156306 0.474438 0.0799242 0.0312805 0.776706
0 0.350128 0.821017 0.100934 0.0263608 0.324555
0 0.512796 0.799869 0.0667666 0.0267346 0.173937
0 0.876391 0.551414 0.0923283 0.0401306 0.847419
0 0.4415 0.606383 0.114585 0.0414289 0.833171
0 0.680403 0.745357 0.0890353 0.0410961 0.826992
0 0.323577 0.336911 0.0905697 0.0428512 0.807793
0 0.416065 0.476466 0.0798665 0.0359587 0.801184
0 0.156436 0.473507 0.0796129 0.0337086 0.800447
0 0.34942 0.820577 0.101587 0.0273323 0.367089
0 0.877199 0.551613 0.0879219 0.0393572 0.824272
0 0.452458 0.60695 0.0894885 0.0358163 0.822735
0 0.157059 0.473497 0.0755261 0.0329292 0.818706
0 0.323949 0.337189 0.0850162 0.0414632 0.813155
0 0.680039 0.74582 0.0827149 0.0394443 0.790803
0 0.414658 0.476099 0.0749859 0.0346549 0.779128
0 0.155928 0.473576 0.0778815 0.0336311 0.840187
0 0.876558 0.552341 0.0943522 0.0411211 0.805333
0 0.450614 0.606448 0.0960362 0.0367441 0.794635
0 0.68026 0.745433 0.0873598 0.0400198 0.79099
0 0.324005 0.33706 0.0896649 0.0425809 0.787763
0 0.415697 0.476589 0.0803398 0.0360924 0.761133
0 0.355605 0.818431 0.0889729 0.0276123 0.149235
0 0.155448 0.473612 0.0763188 0.0318704 0.81469
0 0.876492 0.552423 0.0899384 0.0386782 0.783895
0 0.450293 0.606221 0.0935204 0.036598 0.781019
0 0.680394 0.745566 0.0837508 0.0385243 0.781005
0 0.324013 0.336603 0.0849778 0.0408692 0.772155
0 0.414334 0.476384 0.0755673 0.0336031 0.765694
0 0.513402 0.798706 0.0658241 0.0258957 0.157367
0 0.3592 0.819733 0.0789335 0.0248575 0.117064
0 0.68144 0.745922 0.0880799 0.0411518 0.811529
0 0.157144 0.473973 0.0777962 0.03174 0.808498
0 0.41569 0.476703 0.076435 0.0335287 0.795786
0 0.452675 0.606956 0.0947829 0.0390442 0.788389
0 0.876858 0.552139 0.0931951 0.0389401 0.784129
0 0.325371 0.336637 0.088117 0.0412854 0.772692
0 0.680066 0.746332 0.0843245 0.0400167 0.808785
0 0.156448 0.473779 0.0754791 0.0308176 0.805234
0 0.324381 0.336963 0.0854808 0.0417077 0.776571
0 0.414668 0.477017 0.0752934 0.0332322 0.773943
0 0.875619 0.552609 0.0922024 0.0383701 0.76413
0 0.451027 0.607466 0.0968822 0.0370798 0.758573
0 0.156695 0.473273 0.0787711 0.0318915 0.84323
0 0.680105 0.746351 0.0846613 0.0397224 0.836601
0 0.452311 0.607614 0.0933103 0.0365959 0.815581
0 0.875958 0.551367 0.0913619 0.0394487 0.802846
0 0.414521 0.475819 0.0772056 0.0338925 0.789075
0 0.323336 0.337002 0.0841721 0.0407487 0.786738
0 0.514597 0.799152 0.0660848 0.0260744 0.645419
0 0.679564 0.745472 0.0866156 0.0397367 0.826537
0 0.155363 0.47347 0.0779841 0.0320887 0.821424
0 0.322048 0.336844 0.0850432 0.0410601 0.778329
0 0.448223 0.607044 0.09874 0.0382972 0.775576
0 0.413998 0.476011 0.0781463 0.034373 0.761703
0 0.875211 0.551295 0.092977 0.0394171 0.753687
0 0.157011 0.473761 0.0792986 0.0315588 0.864972
0 0.452111 0.607088 0.0942974 0.0381104 0.854398
0 0.681135 0.745177 0.0885652 0.039639 0.852436
0 0.32385 0.336483 0.088173 0.0414931 0.850752
0 0.87548 0.551707 0.0943917 0.0397061 0.826164
0 0.415826 0.476655 0.0774731 0.0335716 0.825507
0 0.15649 0.47338 0.0817243 0.0331257 0.814344
0 0.323083 0.336587 0.0909019 0.0408649 0.800291
0 0.874625 0.551765 0.0962694 0.0411023 0.797969
0 0.452206 0.607307 0.0968255 0.0378949 0.790637
0 0.415566 0.476795 0.0774056 0.0342971 0.784552
0 0.679946 0.745091 0.089776 0.0396141 0.765461
0 0.873632 0.551167 0.0889554 0.0388498 0.88037
0 0.322163 0.336535 0.0850861 0.0403584 0.87674
0 0.155302 0.473137 0.0775016 0.0335426 0.858495
0 0.679394 0.745277 0.0851433 0.0381655 0.858047
0 0.450926 0.607366 0.0923842 0.0365482 0.847971
0 0.414821 0.475903 0.0735931 0.0330694 0.84777
0 0.323889 0.336799 0.0860732 0.0404766 0.844293
0 0.87514 0.55148 0.0905366 0.0391903 0.843593
0 0.681838 0.74628 0.0883661 0.04011 0.833726
0 0.156911 0.473241 0.0786266 0.0335402 0.822896
0 0.451809 0.60722 0.0940586 0.0370792 0.810977
0 0.416134 0.476285 0.0779335 0.0340006 0.804958
0 0.324546 0.336814 0.0870833 0.0409499 0.858596
0 0.873805 0.55151 0.0899477 0.0389509 0.853441
0 0.156783 0.473338 0.0782068 0.0336169 0.824592
0 0.414404 0.476599 0.0746102 0.0330981 0.823687
0 0.680741 0.746491 0.0875896 0.0414976 0.813901
0 0.451005 0.606601 0.0936314 0.0374966 0.808972
0 0.324752 0.336797 0.0873477 0.0403848 0.837036
0 0.874058 0.551429 0.0906682 0.0379543 0.836733
0 0.452553 0.606335 0.0925292 0.03735 0.81745
0 0.157139 0.473574 0.0799488 0.0335842 0.80464
0 0.41484 0.476465 0.0742953 0.032567 0.788741
0 0.679476 0.746186 0.0863352 0.039988 0.773731
0 0.324015 0.337115 0.0888399 0.0418656 0.855275
0 0.874791 0.551961 0.0926586 0.0395368 0.836226
0 0.156494 0.474293 0.0834905 0.0367036 0.829883
0 0.452387 0.607619 0.0947031 0.0389696 0.821528
0 0.415612 0.476752 0.0781799 0.0335741 0.791654
0 0.679832 0.747098 0.0886046 0.0423189 0.785552
0 0.514844 0.798691 0.0701144 0.0249304 0.194256
0 0.324587 0.336906 0.0857407 0.040849 0.8319
0 0.156455 0.473132 0.0802324 0.0333376 0.82281
0 0.452237 0.606702 0.0900365 0.0366232 0.821825
0 0.875232 0.551414 0.0908434 0.0384071 0.810996
0 0.41558 0.47636 0.0746977 0.0328566 0.802564
0 0.67948 0.746254 0.0826709 0.0395591 0.781053
0 0.155349 0.47313 0.0805132 0.0329372 0.857939
0 0.450699 0.606782 0.0927657 0.0390919 0.848259
0 0.32377 0.33747 0.0871347 0.0421114 0.823373
0 0.874615 0.552314 0.0958981 0.0396532 0.813824
0 0.680021 0.746629 0.0902597 0.0417961 0.805694
0 0.415786 0.476762 0.0775871 0.0332054 0.805014
0 0.511716 0.79844 0.0677486 0.0249531 0.162246
0 0.155612 0.473047 0.0796916 0.0324806 0.819609
0 0.450993 0.606483 0.0929903 0.039786 0.807677
0 0.324201 0.337255 0.0860143 0.0416409 0.801479
0 0.415571 0.476588 0.0762224 0.033343 0.787235
0 0.680756 0.745885 0.0921056 0.0420452 0.780356
0 0.874775 0.552415 0.0936798 0.039272 0.773866
0 0.324316 0.337103 0.0837646 0.0404058 0.855184
0 0.157059 0.473346 0.0789124 0.0334391 0.842827
0 0.413758 0.477165 0.0745578 0.0334396 0.826969
0 0.874366 0.552242 0.0933307 0.0396238 0.823636
0 0.446484 0.607456 0.102894 0.0409495 0.819262
0 0.680814 0.745786 0.0878971 0.0401772 0.812972
0 0.324845 0.337488 0.0848709 0.0408935 0.834315
0 0.157661 0.47343 0.0796411 0.0345367 0.803761
0 0.681988 0.746729 0.0887384 0.0402522 0.794791
0 0.414548 0.477404 0.0754402 0.0343544 0.792896
0 0.874911 0.552289 0.0959953 0.0410048 0.787198
0 0.44929 0.607907 0.100938 0.0396312 0.774779
0 0.324075 0.336638 0.08586 0.0411468 0.857962
0 0.156148 0.472858 0.0766216 0.0339577 0.847885
0 0.873663 0.551364 0.0903375 0.0401361 0.840884
0 0.679538 0.745799 0.0840594 0.0393031 0.834059
0 0.414632 0.477055 0.0743456 0.0343987 0.828255
0 0.445101 0.60757 0.0997439 0.0400022 0.816915
0 0.352373 0.819658 0.108208 0.0258976 0.361969
0 0.512508 0.798847 0.0636723 0.0241176 0.323261
0 0.323505 0.336723 0.0841675 0.040749 0.859224
0 0.679929 0.746413 0.085155 0.0389244 0.858284
0 0.874194 0.551647 0.0929998 0.0387257 0.856535
0 0.156121 0.473068 0.0790964 0.0331075 0.846776
0 0.448999 0.607731 0.0975437 0.0381578 0.823681
0 0.415294 0.476919 0.0741299 0.0334898 0.821809
0 0.351651 0.819188 0.110908 0.0242496 0.214359
0 0.511944 0.798993 0.0634173 0.023535 0.111944
0 0.15611 0.473227 0.0797319 0.0331373 0.897914
0 0.680247 0.746246 0.0860458 0.0402861 0.894415
0 0.873196 0.551439 0.0961947 0.0391382 0.891276
0 0.323375 0.336437 0.0848104 0.0411625 0.890931
0 0.447784 0.607169 0.103989 0.0404269 0.872296
0 0.415886 0.476772 0.0776819 0.0342162 0.833678
0 0.348074 0.820877 0.1012 0.0263832 0.119059
0 0.156812 0.473615 0.0756282 0.0327419 0.878986
0 0.323928 0.336869 0.0803737 0.0406605 0.86341
0 0.87376 0.551859 0.0898895 0.0384943 0.857814
0 0.449986 0.607444 0.0971434 0.0400286 0.851807
0 0.680576 0.746586 0.0813685 0.0397169 0.844417
0 0.416451 0.47695 0.0753737 0.034281 0.813082
0 0.512345 0.799361 0.0639754 0.0251012 0.560341
0 0.353699 0.820417 0.0869794 0.0270191 0.25029
0 0.156906 0.472785 0.0767204 0.0319325 0.853658
0 0.873498 0.551085 0.0943502 0.0385597 0.835272
0 0.322832 0.33649 0.0861127 0.0407159 0.83277
0 0.680283 0.746107 0.0852266 0.0386036 0.815088
0 0.447767 0.607283 0.101408 0.0392303 0.807075
0 0.41638 0.477055 0.0767168 0.0337075 0.804323
0 0.355483 0.81974 0.085009 0.0249283 0.116843
0 0.156222 0.473272 0.0774861 0.0328516 0.853313
0 0.324083 0.336804 0.0857704 0.0414305 0.842959
0 0.874976 0.551655 0.0951958 0.0395708 0.842199
0 0.417101 0.477445 0.0759942 0.0343519 0.838587
0 0.450083 0.607524 0.0960111 0.0387923 0.829695
0 0.680497 0.746567 0.0848933 0.0388138 0.805367
0 0.356148 0.820163 0.0895966 0.025816 0.157765
0 0.512968 0.798298 0.068102 0.0244816 0.12788
0 0.155292 0.473234 0.0780717 0.0332928 0.829298
0 0.415975 0.477451 0.0751661 0.0344861 0.808904
0 0.874185 0.551733 0.0983954 0.0403799 0.788832
0 0.322921 0.33636 0.0869541 0.0419765 0.778561
0 0.678922 0.746276 0.0860979 0.038982 0.777194
0 0.448329 0.6076 0.100098 0.0399534 0.767743
0 0.355526 0.820132 0.095149 0.0285313 0.131723
0 0.416836 0.477155 0.0741639 0.0336794 0.887383
0 0.156551 0.473259 0.0773346 0.032786 0.876682
0 0.875119 0.552027 0.0945116 0.0393568 0.87208
0 0.323779 0.336026 0.086435 0.0410956 0.858119
0 0.450491 0.607854 0.09755 0.0389587 0.849948
0 0.681286 0.746744 0.0848492 0.0391595 0.84065
0 0.350566 0.820678 0.100546 0.0262444 0.170501
0 0.513369 0.798382 0.0686542 0.0252712 0.159952
0 0.416993 0.47697 0.0745915 0.034095 0.872727
0 0.156299 0.473364 0.078191 0.0326858 0.869995
0 0.874517 0.552414 0.0954877 0.03971 0.86556
0 0.322882 0.336021 0.0873604 0.041599 0.858393
0 0.450896 0.607383 0.0957126 0.0383731 0.841382
0 0.67955 0.746266 0.0847782 0.0390388 0.827728
0 0.354183 0.82102 0.103588 0.0252052 0.240299
0 0.513191 0.79869 0.0685824 0.0254137 0.129884
0 0.41669 0.476824 0.0758647 0.0333557 0.865369
0 0.874922 0.552562 0.0954577 0.0397213 0.862301
0 0.156524 0.473132 0.0795626 0.0322768 0.858646
0 0.449954 0.607441 0.0963852 0.0376422 0.850946
0 0.322821 0.336179 0.0872609 0.0415666 0.845679
0 0.679303 0.746104 0.0860905 0.0386739 0.831448
0 0.352443 0.820991 0.102691 0.0250656 0.329142
0 0.513564 0.798511 0.0669951 0.0246711 0.229523
0 0.156159 0.473165 0.0780486 0.0320442 0.852851
0 0.449318 0.607487 0.0941698 0.0379891 0.820596
0 0.41612 0.47648 0.0750308 0.0327812 0.818396
0 0.874683 0.552128 0.0941084 0.0396382 0.818361
0 0.325106 0.336097 0.0860579 0.0409523 0.784791
0 0.678753 0.745751 0.0833527 0.0384715 0.77466
0 0.351491 0.820516 0.101146 0.0239388 0.484853
0 0.516222 0.798484 0.0557831 0.0251932 0.230393
0 0.155646 0.473768 0.0812533 0.0342229 0.85811
0 0.447814 0.607574 0.0980628 0.0414304 0.846828
0 0.87407 0.552279 0.100479 0.0422832 0.829093
0 0.679466 0.745681 0.0856824 0.0404452 0.82774
0 0.32496 0.335924 0.0884098 0.0423515 0.820716
0 0.416725 0.47692 0.0787543 0.0345335 0.818718
0 0.350813 0.82035 0.103861 0.0257174 0.562891
0 0.515532 0.798122 0.0593844 0.026144 0.271173
0 0.156317 0.473971 0.0785588 0.0331287 0.850302
0 0.450141 0.607891 0.0914821 0.0392942 0.842565
0 0.876098 0.552256 0.095809 0.0398319 0.826083
0 0.416948 0.476823 0.075799 0.0332162 0.82278
0 0.680626 0.746374 0.0836079 0.0395891 0.811292
0 0.325853 0.335971 0.086435 0.0404286 0.799979
0 0.351318 0.820578 0.10085 0.0248304 0.523967
0 0.156281 0.473476 0.0792006 0.0334227 0.853325
0 0.448743 0.607476 0.0961034 0.0397354 0.841026
0 0.680633 0.746022 0.0849052 0.0409069 0.838154
0 0.416403 0.476785 0.0766062 0.0339941 0.828177
0 0.875615 0.551992 0.0950013 0.0403786 0.825376
0 0.325011 0.335688 0.0881116 0.0414325 0.814696
0 0.349776 0.820682 0.101295 0.0255408 0.551295
0 0.322566 0.336315 0.0887866 0.042309 0.833444
0 0.679662 0.746012 0.0852187 0.0400031 0.828666
0 0.156233 0.472601 0.0791918 0.0326172 0.828661
0 0.449054 0.606516 0.0986425 0.0376411 0.812172
0 0.415702 0.477282 0.0763303 0.0352153 0.807768
0 0.875119 0.55209 0.0956044 0.0413173 0.794546
0 0.349604 0.82076 0.103878 0.0252497 0.303756
0 0.155836 0.473047 0.0773884 0.0325429 0.866989
0 0.87561 0.552454 0.0939359 0.0410926 0.855539
0 0.323641 0.336603 0.0885896 0.0411819 0.853315
0 0.416353 0.477283 0.077366 0.0349716 0.852391
0 0.679779 0.746529 0.0820915 0.0389101 0.847004
0 0.44775 0.607479 0.0993952 0.0381129 0.840741
0 0.34877 0.821254 0.102662 0.0239857 0.423902
0 0.874811 0.551959 0.0923046 0.0403248 0.867153
0 0.154889 0.472976 0.076806 0.0324888 0.866197
0 0.324365 0.334862 0.085825 0.0392509 0.857974
0 0.446694 0.606836 0.100927 0.0392535 0.851254
0 0.677906 0.7452 0.0797193 0.0380388 0.850995
0 0.416256 0.476604 0.0789086 0.0348483 0.840546
0 0.346936 0.82061 0.100813 0.0245066 0.483533
0 0.874474 0.551947 0.0873401 0.0381209 0.863561
0 0.154843 0.473409 0.0767387 0.0326623 0.857951
0 0.447966 0.60725 0.0944502 0.0375963 0.846132
0 0.416028 0.476764 0.0759343 0.0337728 0.844719
0 0.324664 0.334562 0.0828271 0.0379357 0.841242
0 0.678825 0.744648 0.0778089 0.0363848 0.831843
0 0.348131 0.820708 0.0986794 0.0235153 0.400254
0 0.154906 0.473606 0.081401 0.0324482 0.802293
0 0.874899 0.552528 0.0921267 0.0395467 0.792626
0 0.448036 0.607429 0.101105 0.0383348 0.789679
0 0.680137 0.745551 0.0832328 0.0381638 0.784721
0 0.324967 0.334244 0.086168 0.0380624 0.783295
0 0.416048 0.477004 0.0764909 0.0339779 0.774404
0 0.156648 0.472883 0.0785585 0.0320906 0.820289
0 0.449437 0.607513 0.0986088 0.0373666 0.816409
0 0.680163 0.745374 0.0792405 0.0376784 0.794463
0 0.876942 0.552395 0.0908396 0.0399854 0.79381
0 0.417047 0.476922 0.0753123 0.0334695 0.789993
0 0.325982 0.334553 0.0850136 0.03792 0.769252
0 0.156416 0.473227 0.0770183 0.0330375 0.849455
0 0.876588 0.552539 0.0915468 0.0411968 0.840724
0 0.681085 0.745799 0.0779364 0.0385399 0.840435
0 0.449438 0.607502 0.0958761 0.0378774 0.838521
0 0.416922 0.476731 0.0774419 0.034667 0.83665
0 0.324993 0.335247 0.0838345 0.0398213 0.833524
0 0.875565 0.552492 0.0941624 0.0407377 0.82444
0 0.448853 0.607159 0.0996167 0.0373234 0.820457
0 0.15639 0.473511 0.0767718 0.0319246 0.813547
0 0.416815 0.476647 0.0771756 0.0339233 0.802853
0 0.325444 0.335349 0.0848523 0.0391791 0.799486
0 0.681204 0.745694 0.0798803 0.0383717 0.79857
0 0.450465 0.607968 0.0976351 0.0385208 0.886765
0 0.874721 0.552739 0.0938135 0.0409861 0.886729
0 0.325067 0.336531 0.0853729 0.0399434 0.875029
0 0.682085 0.746424 0.0814615 0.039607 0.86482
0 0.156087 0.474127 0.079332 0.0334126 0.861259
0 0.417942 0.477108 0.0767868 0.0344442 0.856896
0 0.349355 0.820279 0.0916274 0.0235085 0.275177
0 0.322609 0.336073 0.0882487 0.0414678 0.830313
0 0.156663 0.474059 0.0821812 0.0352043 0.830294
0 0.680442 0.746951 0.0851361 0.04081 0.824636
0 0.447976 0.6075 0.105325 0.0392868 0.82309
0 0.873827 0.552496 0.0961941 0.0425842 0.822244
0 0.418776 0.477452 0.0789018 0.0357193 0.817954
0 0.349354 0.819847 0.096023 0.0254627 0.208116
0 0.155095 0.4737 0.0780178 0.0331329 0.855856
0 0.45073 0.607589 0.0937489 0.0369655 0.843051
0 0.873905 0.551616 0.0911204 0.0399 0.836344
0 0.32407 0.335554 0.0838422 0.0392083 0.835656
0 0.417825 0.476652 0.074944 0.0333746 0.830067
0 0.680197 0.747025 0.0824979 0.0393837 0.829145
0 0.348953 0.820288 0.0949393 0.025745 0.364283
0 0.513881 0.798945 0.0624453 0.0247646 0.154375
0 0.154889 0.4735 0.0777074 0.0331705 0.890074
0 0.450211 0.607424 0.0938708 0.0374548 0.872566
0 0.874243 0.551428 0.0917112 0.0397066 0.87011
0 0.680531 0.747028 0.0836162 0.0398993 0.867353
0 0.324697 0.335522 0.0836421 0.039164 0.864547
0 0.417698 0.476561 0.0786053 0.0333235 0.862302
0 0.348924 0.820648 0.0976659 0.026313 0.558918
0 0.51389 0.798841 0.0624281 0.0252123 0.306047
0 0.156328 0.47355 0.0800515 0.0334104 0.835412
0 0.875939 0.551641 0.0942475 0.0396528 0.820988
0 0.68231 0.747083 0.0881232 0.0398348 0.817255
0 0.450065 0.607275 0.099987 0.0370518 0.815592
0 0.417566 0.476876 0.0810757 0.0339905 0.804438
0 0.325996 0.335558 0.0856432 0.039257 0.803226
0 0.349437 0.820709 0.102016 0.0268932 0.436244
0 0.514462 0.799442 0.0633164 0.0265133 0.189359
0 0.450159 0.607558 0.0961436 0.0367727 0.843896
0 0.156573 0.473736 0.0785802 0.0335587 0.838279
0 0.324859 0.335713 0.0858836 0.0396872 0.837822
0 0.416625 0.477109 0.0774814 0.0319254 0.835668
0 0.876009 0.551817 0.0962953 0.0394634 0.82674
0 0.682029 0.747172 0.0862883 0.0391786 0.82446
0 0.350634 0.820674 0.101345 0.0270426 0.576478
0 0.514085 0.798877 0.0638837 0.0260275 0.224417
0 0.449095 0.60701 0.0979697 0.0367219 0.859163
0 0.32422 0.335353 0.0858189 0.0399292 0.847046
0 0.681378 0.746581 0.0861535 0.0383759 0.842792
0 0.875607 0.551439 0.0972946 0.0398773 0.835099
0 0.417757 0.476436 0.0793829 0.0342386 0.829756
0 0.155041 0.473468 0.0775468 0.0336207 0.826199
0 0.349162 0.820166 0.0999698 0.0270235 0.481192
0 0.513197 0.798504 0.0652213 0.0268635 0.272866
0 0.450987 0.607428 0.0951048 0.0361982 0.856893
0 0.682073 0.746641 0.084516 0.0377224 0.84563
0 0.325915 0.335818 0.0848024 0.0389784 0.841708
0 0.41813 0.476909 0.0770341 0.0335868 0.838322
0 0.876302 0.551767 0.0940249 0.0391132 0.836499
0 0.155015 0.473467 0.0771978 0.0328637 0.83358
0 0.348552 0.820761 0.0947607 0.0254948 0.344948
0 0.155101 0.47294 0.0781833 0.0328536 0.871419
0 0.680802 0.746499 0.084125 0.0389948 0.870737
0 0.875127 0.551689 0.0930317 0.0402184 0.866679
0 0.41654 0.476553 0.0759604 0.0342846 0.846719
0 0.324672 0.335235 0.0854112 0.0398076 0.839116
0 0.449682 0.606854 0.0958128 0.0373169 0.83504
0 0.3459 0.820612 0.0940737 0.0265621 0.323542
0 0.15583 0.473396 0.0791192 0.0333975 0.85637
0 0.875916 0.552146 0.0910415 0.0402417 0.847902
0 0.68135 0.746725 0.0848486 0.0386035 0.844461
0 0.325126 0.335972 0.0848248 0.0403712 0.82095
0 0.41647 0.476993 0.0773008 0.0349855 0.815501
0 0.447328 0.607092 0.102265 0.0380276 0.792148
0 0.346073 0.820789 0.0966069 0.0266907 0.287735
0 0.876643 0.551738 0.0935446 0.0380427 0.88089
0 0.326007 0.335716 0.0883913 0.0390965 0.869217
0 0.682621 0.746503 0.0872708 0.0376765 0.865462
0 0.156783 0.473244 0.078461 0.0329002 0.863006
0 0.418356 0.477048 0.0816783 0.0339884 0.860117
0 0.451577 0.607248 0.0948219 0.0366389 0.847923
0 0.348504 0.820986 0.0956212 0.0245954 0.121892
0 0.875094 0.551541 0.0941578 0.0392788 0.854077
0 0.323969 0.33564 0.0890119 0.0403852 0.84401
0 0.417014 0.476575 0.0805899 0.0353128 0.836468
0 0.154937 0.473483 0.077888 0.0339176 0.834599
0 0.680066 0.746404 0.0863562 0.0390703 0.830042
0 0.45124 0.607193 0.0942229 0.0381479 0.812331
0 0.344157 0.820578 0.0905427 0.0264429 0.167791
0 0.514985 0.798654 0.0681221 0.0262197 0.124481
0 0.8765 0.551786 0.0951189 0.0397968 0.820603
0 0.324854 0.335542 0.086134 0.0395769 0.817003
0 0.156263 0.473591 0.0762396 0.0327835 0.813908
0 0.45271 0.607242 0.0927022 0.037792 0.813296
0 0.418022 0.476711 0.0814163 0.0348786 0.813108
0 0.68232 0.747108 0.0840768 0.0392227 0.800179
0 0.350578 0.820921 0.0973204 0.0248871 0.12062
0 0.876079 0.551832 0.098466 0.0409334 0.848057
0 0.156336 0.473347 0.078927 0.0328218 0.84763
0 0.418554 0.476666 0.084299 0.0354788 0.847307
0 0.324374 0.335386 0.0883462 0.0396398 0.845225
0 0.452229 0.607173 0.095266 0.0379402 0.842402
0 0.682875 0.747018 0.0880653 0.0395551 0.833443
0 0.417557 0.476506 0.082134 0.0365055 0.824532
0 0.155127 0.473148 0.078578 0.0329749 0.822467
0 0.874567 0.551683 0.0971707 0.0413711 0.818579
0 0.324438 0.335478 0.0859756 0.0404322 0.804769
0 0.450125 0.607123 0.0955533 0.0383182 0.794221
0 0.681407 0.746261 0.0859017 0.0393664 0.785249
0 0.351574 0.819983 0.103471 0.0261576 0.1347
0 0.513505 0.798709 0.0701612 0.0264347 0.115165
0 0.419071 0.476589 0.0844073 0.0373196 0.849706
0 0.876018 0.551748 0.099851 0.0426399 0.841798
0 0.156777 0.473514 0.0808804 0.0337702 0.841098
0 0.450138 0.607292 0.0987726 0.0396124 0.834031
0 0.684685 0.74687 0.0904409 0.0416158 0.823127
0 0.326037 0.335797 0.0883304 0.0408441 0.817722
0 0.513923 0.798706 0.069978 0.0269016 0.265243
0 0.353378 0.819843 0.107007 0.0270206 0.155892
0 0.417269 0.476922 0.0813359 0.0353248 0.849038
0 0.155607 0.473431 0.079074 0.0331925 0.84783
0 0.87551 0.551579 0.0972202 0.0423494 0.846446
0 0.681502 0.747221 0.0861272 0.0419104 0.826841
0 0.325477 0.335681 0.0856284 0.041214 0.826645
0 0.44164 0.607768 0.109568 0.041505 0.813934
0 0.513043 0.799118 0.0682323 0.0268402 0.289409
0 0.350666 0.819973 0.103583 0.0264314 0.105571
0 0.156436 0.473095 0.0818469 0.0334607 0.847272
0 0.876692 0.551782 0.0976122 0.0416988 0.839232
0 0.44908 0.60785 0.099246 0.0392345 0.83623
0 0.417608 0.476946 0.0804725 0.0348041 0.829333
0 0.325807 0.335774 0.0852989 0.0412613 0.82513
0 0.681856 0.746885 0.0862471 0.0414843 0.821465
0 0.155354 0.472695 0.0792463 0.0324353 0.865016
0 0.448898 0.607583 0.0972472 0.0375422 0.852431
0 0.876125 0.551843 0.0959913 0.0411581 0.8504
0 0.324403 0.335666 0.0827501 0.0401044 0.838929
0 0.415739 0.477077 0.0759655 0.0337178 0.836421
0 0.681251 0.746441 0.0808973 0.0396014 0.800613
0 0.155456 0.472888 0.0795207 0.0333473 0.871607
0 0.450079 0.607681 0.0965521 0.0383444 0.86107
0 0.876826 0.552146 0.0975521 0.0416782 0.855056
0 0.416645 0.47721 0.0767089 0.0338547 0.846113
0 0.324588 0.335922 0.0818052 0.0400035 0.840862
0 0.681073 0.746701 0.0810176 0.0397525 0.817707
