0 0.536712 0.553234 0.0505058 0.107391 0.768108
0 0.253277 0.550655 0.0426019 0.0908209 0.564298
0 0.787561 0.426211 0.0478747 0.107105 0.554722
0 0.25308 0.549983 0.0436007 0.106265 0.865427
0 0.788335 0.427075 0.0482634 0.113944 0.780064
0 0.532652 0.552845 0.0608895 0.109248 0.549283
0 0.789992 0.339929 0.0395767 0.0583729 0.282978
0 0.28211 0.790714 0.0291264 0.0789232 0.256927
0 0.788852 0.428416 0.0504039 0.114876 0.410743
0 0.254686 0.55273 0.0475814 0.105677 0.378361
0 0.539933 0.553919 0.0552405 0.117858 0.304586
0 0.787171 0.42361 0.0488267 0.110615 0.763038
0 0.253717 0.5538 0.0442033 0.0940424 0.59924
0 0.538814 0.536368 0.0549788 0.145673 0.462592
0 0.279953 0.794521 0.0217009 0.0685446 0.196986
0 0.7875 0.427814 0.0494435 0.108667 0.966669
0 0.254217 0.550057 0.0459972 0.101835 0.953643
0 0.5371 0.555228 0.0511112 0.117499 0.812417
0 0.279804 0.793596 0.0233021 0.0734726 0.15278
0 0.254505 0.549595 0.0457253 0.102575 0.8922
0 0.787206 0.427999 0.0470111 0.10177 0.859958
0 0.537534 0.55543 0.0500686 0.119877 0.78105
0 0.280676 0.796007 0.0225355 0.0679365 0.12891
0 0.545772 0.519176 0.0533858 0.154216 0.101529
0 0.787028 0.424465 0.0463311 0.105653 0.598347
0 0.254442 0.549219 0.0460934 0.102437 0.487275
0 0.53745 0.553909 0.0494923 0.11554 0.449741
0 0.788363 0.33856 0.0383245 0.0541347 0.131238
0 0.546455 0.487971 0.0485986 0.100036 0.106682
0 0.78646 0.42562 0.0484146 0.104056 0.983869
0 0.536206 0.556126 0.0511095 0.110906 0.950461
0 0.254425 0.552466 0.0446054 0.0975628 0.948391
0 0.546582 0.488685 0.0490215 0.100663 0.35663
0 0.28211 0.794098 0.0250659 0.0669679 0.236423
0 0.788718 0.340789 0.0373987 0.0522923 0.226961
0 0.786071 0.427929 0.0479284 0.10849 0.887257
0 0.535968 0.555276 0.0500618 0.114805 0.786577
0 0.253904 0.550264 0.0439149 0.0946271 0.720899
0 0.546544 0.474904 0.0486557 0.0738599 0.248972
0 0.788472 0.339399 0.0361123 0.0511923 0.127498
0 0.281291 0.794515 0.0220852 0.05814 0.124752
0 0.785434 0.42912 0.0467192 0.106246 0.704721
0 0.536617 0.554203 0.0474393 0.110977 0.650313
0 0.253722 0.548717 0.0437802 0.0962675 0.636496
0 0.788592 0.337074 0.0337051 0.0507195 0.338977
0 0.551037 0.471893 0.0326259 0.0612561 0.326373
0 0.280864 0.794169 0.0213814 0.0607477 0.23761
0 0.478959 0.806228 0.0173104 0.040097 0.172901
0 0.786932 0.430127 0.0479038 0.102816 0.926788
0 0.254284 0.547732 0.0472828 0.0978214 0.918846
0 0.53742 0.556339 0.0514967 0.117985 0.911686
0 0.280272 0.801644 0.0223531 0.0637658 0.243817
0 0.538965 0.552411 0.0483429 0.106587 0.74676
0 0.787974 0.426653 0.0454377 0.0943785 0.72029
0 0.254111 0.547312 0.0436632 0.0943421 0.703363
0 0.280303 0.798211 0.0221484 0.0551623 0.192983
0 0.537713 0.555685 0.0509472 0.117177 0.596226
0 0.786926 0.427772 0.0477635 0.108801 0.505127
0 0.254271 0.550537 0.0455863 0.101795 0.4978
0 0.537042 0.55709 0.0499239 0.117334 0.84533
0 0.786857 0.429165 0.0471988 0.107484 0.823937
0 0.254864 0.551449 0.0446609 0.098467 0.710434
0 0.251591 0.549336 0.0447261 0.102753 0.831845
0 0.787093 0.42955 0.0466492 0.104032 0.633727
0 0.534277 0.554378 0.0563399 0.116302 0.591792
0 0.550261 0.470978 0.0408425 0.0626129 0.256471
0 0.789793 0.338177 0.041587 0.0560289 0.141006
0 0.25036 0.547144 0.0487848 0.103141 0.84223
0 0.531364 0.551636 0.0606953 0.112787 0.838141
0 0.786412 0.428975 0.045997 0.11209 0.380771
0 0.253357 0.550432 0.0508053 0.103347 0.655159
0 0.536675 0.553179 0.0521094 0.113216 0.643495
0 0.787356 0.431102 0.0493112 0.109422 0.520407
0 0.253905 0.548675 0.0490824 0.100567 0.863509
0 0.78733 0.427466 0.0506039 0.111736 0.782745
0 0.53808 0.547126 0.0577914 0.125768 0.69294
0 0.283602 0.745872 0.130483 0.37535 0.205298
0 0.254744 0.550629 0.0452196 0.0909367 0.745013
0 0.787132 0.428187 0.0468543 0.102059 0.609999
0 0.537578 0.552472 0.0485622 0.102841 0.456736
0 0.254084 0.552991 0.0462722 0.0958116 0.873252
0 0.786784 0.434331 0.0511186 0.099591 0.858208
0 0.537067 0.554909 0.0533922 0.112093 0.570147
0 0.544979 0.523481 0.0537483 0.165472 0.114756
0 0.473176 0.418401 0.0268925 0.0899489 0.113677
0 0.786716 0.43226 0.0458991 0.104383 0.740628
0 0.252742 0.552491 0.0454204 0.0981699 0.627431
0 0.53753 0.553946 0.0518867 0.117965 0.528149
0 0.787057 0.433385 0.0483916 0.102235 0.884554
0 0.253514 0.550748 0.0468603 0.0953936 0.789053
0 0.537983 0.554635 0.0557983 0.114799 0.761793
0 0.253131 0.550454 0.0465038 0.0935826 0.924762
0 0.786388 0.433673 0.0473074 0.102674 0.862796
0 0.536283 0.554514 0.0548936 0.114998 0.810717
0 0.279604 0.802448 0.0226003 0.0582926 0.235273
0 0.282948 0.737548 0.141365 0.288016 0.194321
0 0.253286 0.548563 0.0437454 0.0991654 0.87841
0 0.786508 0.430034 0.0486053 0.105676 0.84937
0 0.536171 0.553336 0.0535715 0.121178 0.779726
0 0.279536 0.79941 0.02095 0.0566634 0.115672
0 0.252821 0.550088 0.0449051 0.0966734 0.936267
0 0.786934 0.431292 0.0486209 0.10208 0.917587
0 0.536129 0.554356 0.0546846 0.111846 0.902801
0 0.546242 0.49874 0.0500177 0.118016 0.417246
0 0.472179 0.417043 0.0277995 0.095438 0.139112
0 0.280108 0.79872 0.0225337 0.0664955 0.133606
0 0.253105 0.551206 0.0468538 0.0940798 0.659071
0 0.787858 0.432898 0.0486296 0.0992164 0.628012
0 0.536346 0.555438 0.0557075 0.111355 0.569607
0 0.547061 0.521303 0.0500791 0.160642 0.115308
0 0.253052 0.549495 0.0445561 0.0949061 0.850529
0 0.786564 0.429661 0.0486266 0.101642 0.78788
0 0.538048 0.555116 0.0495291 0.113536 0.779175
0 0.253343 0.54958 0.0442879 0.0945169 0.895466
0 0.536651 0.554898 0.0527661 0.115946 0.859847
0 0.786734 0.431158 0.0484853 0.103822 0.820789
0 0.25433 0.547184 0.045315 0.100762 0.91697
0 0.537072 0.551217 0.0554911 0.116727 0.899174
0 0.787085 0.429523 0.0508314 0.103978 0.805096
0 0.243901 0.283013 0.034662 0.101763 0.167776
0 0.254255 0.549916 0.0455223 0.099995 0.844513
0 0.536073 0.552992 0.0568625 0.115912 0.830025
0 0.787431 0.43108 0.049414 0.105047 0.780615
0 0.537201 0.553095 0.0518739 0.110279 0.935755
0 0.25373 0.550323 0.0451037 0.0962894 0.929455
0 0.786874 0.430028 0.0493647 0.105797 0.922751
0 0.253577 0.550123 0.046507 0.0946731 0.869777
0 0.787063 0.431972 0.0496467 0.104019 0.849887
0 0.537352 0.554239 0.0521994 0.108088 0.845669
0 0.253928 0.549453 0.0451133 0.0935801 0.847997
0 0.787218 0.430446 0.0491696 0.106681 0.834556
0 0.538932 0.554517 0.0511245 0.107731 0.814608
0 0.550824 0.473603 0.0393785 0.0643737 0.251335
0 0.695348 0.249354 0.0195332 0.0605053 0.197387
0 0.253969 0.549661 0.0459802 0.094506 0.881171
0 0.5413 0.543398 0.0584068 0.139823 0.874289
0 0.78756 0.430854 0.0508505 0.106917 0.862241
0 0.538944 0.554964 0.0504723 0.111126 0.848007
0 0.254173 0.550708 0.0442924 0.09582 0.833443
0 0.787663 0.431391 0.0478311 0.105364 0.81512
0 0.537015 0.555752 0.0520294 0.113109 0.917029
0 0.787107 0.433046 0.0490048 0.104547 0.870607
0 0.253461 0.550788 0.0459048 0.0971477 0.86876
0 0.705545 0.827913 0.0376529 0.0428145 0.225994
0 0.538389 0.555238 0.0504521 0.108244 0.867053
0 0.787535 0.430322 0.0494307 0.104498 0.823323
0 0.254441 0.548504 0.0461617 0.0931949 0.808339
0 0.254132 0.549712 0.0450259 0.0916158 0.884354
0 0.539646 0.556844 0.0494257 0.109279 0.868086
0 0.786871 0.430535 0.0478856 0.104187 0.839202
0 0.253229 0.548483 0.0440042 0.092025 0.864346
0 0.538777 0.556217 0.0488129 0.107849 0.860833
0 0.786307 0.429003 0.0479836 0.102819 0.820891
0 0.538893 0.556022 0.0499008 0.108179 0.832188
0 0.254285 0.550655 0.0468219 0.0935479 0.781397
0 0.787528 0.430226 0.0483869 0.101646 0.758958
0 0.538177 0.554703 0.0484917 0.105651 0.889778
0 0.25396 0.55056 0.0468534 0.0909794 0.872265
0 0.787205 0.429124 0.04656 0.101815 0.850033
0 0.539437 0.55675 0.0514112 0.107544 0.869166
0 0.254344 0.550705 0.0470549 0.0909258 0.854164
0 0.787525 0.431079 0.0487133 0.10233 0.842375
0 0.25363 0.549171 0.0432593 0.0936371 0.882515
0 0.537986 0.556085 0.0486319 0.112033 0.879806
0 0.78707 0.431376 0.0463964 0.102096 0.865782
0 0.538277 0.556938 0.0520238 0.110248 0.836924
0 0.787555 0.432251 0.0465849 0.101709 0.809865
0 0.254244 0.550382 0.044337 0.0918859 0.798372
0 0.538471 0.556201 0.0516696 0.112034 0.878019
0 0.787964 0.431828 0.0496068 0.10272 0.843322
0 0.254668 0.549882 0.046728 0.0934749 0.80327
0 0.696399 0.247083 0.0184136 0.0506198 0.311758
0 0.537743 0.554748 0.051537 0.112596 0.838475
0 0.787089 0.43201 0.0494983 0.104045 0.792109
0 0.254308 0.548098 0.0460106 0.0964 0.73276
0 0.696291 0.246593 0.0190462 0.0531071 0.18057
0 0.538807 0.555697 0.051932 0.110461 0.849454
0 0.787848 0.431384 0.0492517 0.0996568 0.836628
0 0.254129 0.548524 0.0472513 0.0940548 0.824363
0 0.538347 0.555766 0.0512637 0.109092 0.853633
0 0.787622 0.432075 0.0484911 0.10069 0.829677
0 0.253917 0.548451 0.0468682 0.0942632 0.802792
0 0.538914 0.554491 0.0516674 0.111645 0.884515
0 0.254703 0.547379 0.0464432 0.0969215 0.851861
0 0.788162 0.430439 0.0488816 0.103847 0.83323
0 0.538779 0.555287 0.0521819 0.112178 0.886595
0 0.254389 0.549021 0.047261 0.0968783 0.859447
0 0.787824 0.430753 0.0495601 0.104071 0.839449
0 0.538228 0.553934 0.0496733 0.106905 0.897363
0 0.253761 0.54951 0.0445692 0.0924514 0.858531
0 0.787224 0.430371 0.0460269 0.102117 0.841249
0 0.538028 0.554698 0.0502819 0.108907 0.859576
0 0.253757 0.549631 0.0451508 0.0941399 0.84179
0 0.787464 0.432386 0.0458821 0.101692 0.813926
0 0.538628 0.555281 0.0505087 0.105183 0.935805
0 0.254111 0.549891 0.0464061 0.0933012 0.895814
0 0.78754 0.433119 0.0471832 0.101296 0.875611
0 0.538037 0.556738 0.0504082 0.107622 0.879038
0 0.253518 0.550442 0.0456914 0.0934087 0.81078
0 0.786719 0.433868 0.0490183 0.103316 0.79233
0 0.5386 0.553974 0.0516494 0.110769 0.880633
0 0.254036 0.547964 0.0441846 0.0942743 0.857803
0 0.787906 0.431546 0.0489033 0.101668 0.856544
0 0.25457 0.549193 0.0453747 0.0919205 0.858862
0 0.539264 0.555713 0.0489452 0.109343 0.858675
0 0.78807 0.432966 0.0476738 0.0994684 0.846893
0 0.539085 0.554347 0.048065 0.112521 0.859148
0 0.253687 0.548545 0.0455693 0.0948478 0.85125
0 0.787468 0.43141 0.0476265 0.104403 0.849203
0 0.538261 0.555723 0.0464836 0.106478 0.878508
0 0.787159 0.433304 0.0469115 0.0996801 0.85824
0 0.253479 0.551101 0.0448868 0.0899293 0.837927
0 0.538117 0.555044 0.0493001 0.106625 0.877619
0 0.787254 0.432988 0.0517462 0.104311 0.848581
0 0.254038 0.549605 0.048024 0.0956874 0.813794
0 0.538238 0.555582 0.0472435 0.103337 0.859279
0 0.787634 0.433547 0.0494344 0.100872 0.840438
0 0.253975 0.55014 0.0455197 0.0941409 0.799941
0 0.243438 0.283184 0.0308842 0.0855572 0.368075
0 0.539683 0.554411 0.0491224 0.107327 0.873361
0 0.254703 0.549749 0.0467582 0.0953279 0.861217
0 0.788603 0.433609 0.0510968 0.102713 0.843996
0 0.243532 0.280978 0.0327308 0.0894555 0.451543
0 0.538851 0.556935 0.0495419 0.107439 0.866421
0 0.254097 0.550794 0.0466632 0.0949715 0.843296
0 0.78833 0.432777 0.0498271 0.103834 0.833464
0 0.25411 0.549047 0.0467709 0.0957897 0.863725
0 0.537967 0.557061 0.0501996 0.10789 0.855167
0 0.787458 0.432188 0.0498811 0.104765 0.848001
0 0.243183 0.281563 0.0326381 0.0877079 0.6039
0 0.787002 0.431863 0.0496056 0.104961 0.841823
0 0.537774 0.556007 0.0496287 0.108548 0.840765
0 0.253713 0.549176 0.0467599 0.094933 0.831405
0 0.242697 0.281226 0.0325824 0.0880966 0.218086
0 0.54004 0.555152 0.0501907 0.107387 0.909665
0 0.789002 0.431857 0.0499108 0.10258 0.902097
0 0.254548 0.550307 0.0468412 0.0928744 0.89245
0 0.789266 0.432372 0.0525911 0.104353 0.857821
0 0.540235 0.557044 0.0525108 0.110285 0.853847
0 0.254979 0.551107 0.0486682 0.0939449 0.841782
0 0.787175 0.431829 0.0506228 0.103837 0.891633
0 0.538605 0.555974 0.0514383 0.110687 0.890456
0 0.253488 0.55022 0.0459351 0.0931838 0.887688
0 0.787353 0.432832 0.0497359 0.100963 0.851274
0 0.253941 0.550069 0.0461978 0.0932323 0.847447
0 0.538999 0.555793 0.0511848 0.109515 0.84639
0 0.243008 0.282443 0.0327474 0.0890237 0.133641
0 0.538822 0.554665 0.0496927 0.107004 0.8857
0 0.787377 0.432955 0.0485252 0.100949 0.877208
0 0.253652 0.550307 0.0441448 0.0929502 0.876798
0 0.537988 0.555768 0.0505505 0.106522 0.868394
0 0.787185 0.43311 0.0496304 0.102271 0.861263
0 0.253999 0.549816 0.0444789 0.0929977 0.851999
0 0.242904 0.282129 0.0322443 0.0855813 0.109609
0 0.538036 0.555405 0.0511066 0.106395 0.88443
0 0.787287 0.433631 0.0510184 0.107971 0.876832
0 0.253979 0.548954 0.046304 0.0965735 0.87014
0 0.243328 0.283025 0.0335166 0.0906758 0.509621
0 0.706292 0.825027 0.0437682 0.057182 0.138589
0 0.537682 0.554315 0.0492197 0.103946 0.871919
0 0.787306 0.432127 0.0502363 0.104801 0.837562
0 0.25403 0.548039 0.0458374 0.0950234 0.823165
0 0.537791 0.554869 0.0506853 0.106945 0.868396
0 0.787286 0.433169 0.0513095 0.105504 0.859323
0 0.25437 0.549924 0.0463527 0.0966732 0.846669
0 0.538047 0.554548 0.0505553 0.109023 0.831131
0 0.787392 0.432673 0.050894 0.105617 0.808955
0 0.254447 0.548739 0.0461881 0.0965567 0.80446
0 0.538092 0.555416 0.050424 0.106588 0.881505
0 0.254218 0.549651 0.0468277 0.0940529 0.862652
0 0.787694 0.432616 0.0518576 0.106999 0.861076
0 0.538859 0.55669 0.0506449 0.107174 0.854785
0 0.788107 0.432744 0.052484 0.109939 0.832707
0 0.254598 0.551074 0.0478245 0.0939247 0.831432
0 0.538091 0.555596 0.0516356 0.110309 0.888039
0 0.787545 0.431245 0.0526246 0.107826 0.871603
0 0.254601 0.549977 0.0463352 0.0940726 0.866785
0 0.538585 0.556375 0.0505904 0.107862 0.893926
0 0.254872 0.54986 0.0463562 0.0907655 0.872516
0 0.787911 0.432425 0.052159 0.104497 0.867637
0 0.254865 0.548662 0.0472896 0.0938055 0.916908
0 0.538732 0.554907 0.0516832 0.110013 0.914087
0 0.788068 0.431861 0.0519865 0.103453 0.912346
0 0.254705 0.549382 0.0455448 0.0930554 0.892792
0 0.539087 0.55618 0.0500492 0.109899 0.884085
0 0.787877 0.432479 0.0495946 0.103676 0.88372
0 0.787689 0.432381 0.0518422 0.105065 0.863485
0 0.539203 0.55624 0.0522476 0.108913 0.860997
0 0.254491 0.549096 0.0468873 0.0931022 0.858446
0 0.788217 0.433247 0.0514337 0.106174 0.878124
0 0.253959 0.548974 0.0455999 0.0956036 0.873978
0 0.539551 0.557261 0.0517541 0.112901 0.868208
0 0.787829 0.43368 0.0510317 0.106734 0.822593
0 0.538947 0.556686 0.0503331 0.111218 0.815386
0 0.254198 0.550334 0.0465917 0.0942679 0.81521
0 0.254359 0.550118 0.0456404 0.092227 0.899077
0 0.538904 0.555132 0.0488144 0.105485 0.898497
0 0.78806 0.432409 0.0496509 0.101108 0.895493
0 0.538667 0.555685 0.0488433 0.109018 0.892029
0 0.254138 0.548979 0.0456043 0.0920056 0.887797
0 0.787983 0.431738 0.0492961 0.0992641 0.881241
0 0.538878 0.555629 0.0502871 0.110009 0.893162
0 0.787883 0.432101 0.0502037 0.0996937 0.886159
0 0.254195 0.548313 0.0458489 0.0935225 0.883691
0 0.242993 0.286318 0.0352088 0.0934949 0.131896
0 0.538622 0.556373 0.0499439 0.106424 0.866833
0 0.253939 0.549448 0.0455788 0.0927648 0.86228
0 0.787654 0.433058 0.0504678 0.101768 0.846545
0 0.787886 0.43335 0.052009 0.107711 0.886885
0 0.253874 0.549358 0.0464575 0.0968868 0.878793
0 0.539356 0.556304 0.0524039 0.110523 0.877651
0 0.787377 0.433583 0.0501083 0.105367 0.879976
0 0.253634 0.549733 0.0448364 0.0941839 0.865124
0 0.538179 0.554809 0.0480593 0.106991 0.86094
0 0.537925 0.553974 0.0495473 0.111497 0.887447
0 0.786685 0.432753 0.0508013 0.107432 0.884401
0 0.253221 0.54878 0.0443041 0.0958574 0.875878
0 0.787186 0.430948 0.0496669 0.107225 0.874997
0 0.538303 0.555492 0.0482654 0.109394 0.874714
0 0.253227 0.549068 0.0453175 0.0942232 0.866114
0 0.787476 0.43195 0.051219 0.107259 0.895505
0 0.538816 0.55673 0.0493374 0.109534 0.893663
0 0.253465 0.550641 0.0447444 0.0931315 0.886232
0 0.253126 0.548994 0.0443852 0.0952309 0.887979
0 0.78772 0.431901 0.0522058 0.109588 0.884922
0 0.538581 0.555567 0.0495938 0.112547 0.877072
0 0.538374 0.556178 0.0488682 0.111538 0.886655
0 0.787253 0.431375 0.0505344 0.106952 0.879342
0 0.253119 0.549399 0.0430992 0.0920885 0.877233
0 0.243727 0.284552 0.0333616 0.088819 0.155707
0 0.538144 0.556238 0.0522794 0.112923 0.873994
0 0.787121 0.4306 0.0535022 0.108331 0.855893
0 0.253795 0.549281 0.0456939 0.0924617 0.853127
0 0.53837 0.556264 0.0516858 0.10898 0.886765
0 0.787351 0.430694 0.0525042 0.106677 0.871174
0 0.254177 0.550166 0.0457021 0.0915403 0.868384
0 0.787364 0.431299 0.053752 0.109248 0.88496
0 0.538549 0.555894 0.0509516 0.109092 0.878656
0 0.253789 0.550233 0.0461703 0.0924616 0.874531
0 0.243394 0.284252 0.0325799 0.0929931 0.125296
0 0.787403 0.431677 0.0540861 0.106861 0.87712
0 0.538641 0.554615 0.0520143 0.109429 0.86182
0 0.254292 0.54938 0.0474498 0.0933408 0.853755
0 0.787539 0.432372 0.0495029 0.105114 0.920812
0 0.539033 0.554098 0.0502702 0.110953 0.913269
0 0.254324 0.54898 0.0460844 0.095394 0.911236
0 0.24329 0.286228 0.0330672 0.0887326 0.108544
0 0.254452 0.548627 0.0465167 0.0967907 0.868957
0 0.787296 0.432329 0.0506734 0.108237 0.866186
0 0.538583 0.553591 0.0520202 0.116095 0.856339
0 0.538663 0.554158 0.0496174 0.113701 0.878141
0 0.254526 0.549893 0.0454611 0.0932569 0.869975
0 0.78771 0.431838 0.0499651 0.105079 0.854995
0 0.538503 0.555352 0.0497239 0.112563 0.914184
0 0.254232 0.549926 0.0463487 0.0942433 0.897467
0 0.787375 0.431927 0.0496231 0.105802 0.887637
0 0.538791 0.556503 0.0510405 0.110403 0.885507
0 0.787934 0.43341 0.0520632 0.107283 0.837969
0 0.254473 0.549552 0.0484338 0.0949406 0.836047
0 0.539197 0.556884 0.0508787 0.110957 0.904103
0 0.788058 0.434151 0.0523779 0.10781 0.873336
0 0.254776 0.55124 0.0480906 0.0925168 0.872357
0 0.538888 0.555784 0.0503067 0.111058 0.90759
0 0.254577 0.549984 0.0476066 0.0941736 0.887065
0 0.787554 0.432772 0.0513072 0.106641 0.886629
0 0.539155 0.55713 0.0493499 0.107769 0.918082
0 0.254874 0.550743 0.0470131 0.0933232 0.895715
0 0.78816 0.433173 0.0500822 0.103301 0.892971
0 0.244049 0.283403 0.0349724 0.0924224 0.108884
0 0.539417 0.554414 0.0504245 0.111247 0.926413
0 0.254429 0.548861 0.0469947 0.0978663 0.899646
0 0.78809 0.431832 0.0501927 0.105251 0.888569
0 0.244049 0.283004 0.0345271 0.0958365 0.129942
0 0.539407 0.55517 0.0512314 0.111624 0.889485
0 0.254405 0.549847 0.0473152 0.0960351 0.858369
0 0.788181 0.433201 0.0510777 0.106216 0.844449
0 0.254943 0.549664 0.0475745 0.0941821 0.90731
0 0.788213 0.433978 0.0516255 0.104451 0.897693
0 0.539649 0.554979 0.0512778 0.108806 0.897138
0 0.254362 0.548533 0.0473043 0.0975183 0.879205
0 0.538853 0.555017 0.0502568 0.11279 0.871997
0 0.787537 0.432953 0.0512567 0.107614 0.867004
0 0.538962 0.555588 0.0493855 0.109653 0.879842
0 0.254728 0.549219 0.0474159 0.0939074 0.865944
0 0.788211 0.431884 0.050082 0.10648 0.85964
0 0.5389 0.555972 0.0501184 0.109288 0.913619
0 0.254609 0.549595 0.047512 0.0931637 0.896026
0 0.787994 0.431343 0.0509036 0.106591 0.890962
0 0.538198 0.55634 0.0481538 0.108608 0.888102
0 0.787319 0.43199 0.0489909 0.105079 0.857636
0 0.253727 0.550297 0.0458202 0.0927766 0.856666
0 0.539177 0.556331 0.04948 0.109884 0.902278
0 0.254614 0.550211 0.0474379 0.093987 0.892204
0 0.788684 0.43264 0.0505964 0.105749 0.891041
0 0.538186 0.556571 0.0490878 0.107919 0.893763
0 0.788073 0.432873 0.0503807 0.10474 0.883198
0 0.254058 0.550198 0.0471853 0.0938248 0.882772
0 0.538731 0.555742 0.0502931 0.110362 0.895109
0 0.788399 0.433567 0.0507977 0.104805 0.88034
0 0.254451 0.550093 0.0479567 0.0946676 0.871084
0 0.538349 0.555605 0.0489208 0.108343 0.900795
0 0.787944 0.431965 0.0490832 0.100973 0.894892
0 0.254029 0.550019 0.0469601 0.0924702 0.874503
0 0.538315 0.556751 0.0488283 0.108225 0.909072
0 0.78728 0.432032 0.0486534 0.101796 0.901503
0 0.253883 0.549737 0.0464618 0.0930613 0.883935
