0 0.342619 0.85902 0.0695814 0.0901187 0.514719
0 0.513945 0.239724 0.0315518 0.0647378 0.252227
0 0.556483 0.262816 0.0720026 0.10331 0.246048
0 0.560026 0.274445 0.0592781 0.0591963 0.219249
0 0.865473 0.302458 0.0301159 0.0313882 0.140354
0 0.56261 0.298423 0.0373936 0.0639875 0.115318
0 0.556844 0.255874 0.0775097 0.0914305 0.900971
0 0.344234 0.860404 0.0707279 0.0904305 0.88927
0 0.913855 0.372231 0.101878 0.114023 0.77859
0 0.865962 0.302039 0.0272087 0.0357584 0.223392
0 0.128164 0.230526 0.0251064 0.0396269 0.119928
0 0.705178 0.798222 0.0408286 0.0419718 0.117974
0 0.556158 0.261037 0.0781177 0.104315 0.944561
0 0.911161 0.375243 0.101134 0.126541 0.941883
0 0.348357 0.86177 0.0802297 0.0952004 0.865257
0 0.842497 0.479506 0.121298 0.112976 0.122627
0 0.912949 0.378668 0.104499 0.125426 0.972622
0 0.5596 0.262991 0.0802143 0.106345 0.679088
0 0.842823 0.477471 0.119061 0.11332 0.54012
0 0.346224 0.861513 0.0759466 0.0885905 0.539382
0 0.806622 0.55415 0.0902861 0.0944506 0.420739
0 0.865238 0.301727 0.023358 0.0331567 0.329922
0 0.382355 0.70624 0.0173871 0.0259874 0.118183
0 0.348325 0.85968 0.0802536 0.0955736 0.855701
0 0.558668 0.258876 0.0750349 0.0985497 0.804948
0 0.913693 0.377349 0.0995098 0.119753 0.564386
0 0.863619 0.3018 0.0348926 0.0381445 0.399254
0 0.81853 0.459415 0.0652395 0.0693062 0.325159
0 0.790493 0.541418 0.0513138 0.0612925 0.219184
0 0.806779 0.554023 0.0825026 0.0883079 0.173178
0 0.914002 0.379182 0.0976681 0.13208 0.94943
0 0.348363 0.861749 0.0829118 0.0973093 0.921045
0 0.558336 0.262498 0.0776506 0.10216 0.906648
0 0.865418 0.301438 0.0271917 0.0361088 0.465581
0 0.809549 0.555614 0.0925859 0.0915985 0.132936
0 0.913441 0.374412 0.0948219 0.125325 0.897769
0 0.346489 0.857365 0.080753 0.0957319 0.871118
0 0.557144 0.256237 0.0751792 0.09857 0.840624
0 0.865342 0.303205 0.0375496 0.0424811 0.295358
0 0.809563 0.553798 0.0897736 0.0945709 0.224194
0 0.818286 0.455529 0.0639622 0.0672233 0.20506
0 0.557702 0.257901 0.0754617 0.0942138 0.989454
0 0.913653 0.375375 0.0980198 0.122732 0.989028
0 0.347421 0.858474 0.0834602 0.0963328 0.988587
0 0.864848 0.310266 0.0419987 0.0534259 0.572998
0 0.818403 0.456962 0.0646602 0.0653831 0.263789
0 0.866082 0.303091 0.0320961 0.033585 0.25526
0 0.80307 0.448652 0.0282034 0.0435407 0.152431
0 0.912972 0.375209 0.102283 0.126351 0.968674
0 0.558999 0.259449 0.074131 0.100569 0.947601
0 0.348512 0.856256 0.084385 0.104002 0.907441
0 0.865258 0.301106 0.0376915 0.0352338 0.425914
0 0.808532 0.554002 0.0948165 0.0958951 0.208402
0 0.81865 0.461986 0.0601187 0.0762257 0.188423
0 0.861391 0.31602 0.0498431 0.0706295 0.164544
0 0.790748 0.548742 0.0506281 0.0808296 0.125611
0 0.836108 0.572664 0.034647 0.0500592 0.122185
0 0.804195 0.449791 0.028873 0.0466314 0.110782
0 0.704625 0.797645 0.0396071 0.038545 0.108939
0 0.559307 0.258452 0.0710859 0.0979668 0.700332
0 0.912634 0.375703 0.0992809 0.122306 0.672234
0 0.347661 0.858947 0.0797157 0.101388 0.567404
0 0.866548 0.299735 0.0327892 0.0345806 0.540978
0 0.564272 0.363909 0.0206019 0.0348786 0.322143
0 0.7902 0.541436 0.0479023 0.0639778 0.305087
0 0.817873 0.462007 0.0569012 0.0740703 0.285883
0 0.712977 0.80332 0.0190752 0.026415 0.223327
0 0.705809 0.799962 0.0349998 0.033988 0.184468
0 0.835152 0.580057 0.0299149 0.0332047 0.182991
0 0.834303 0.570212 0.0375737 0.0560112 0.169696
0 0.804719 0.45067 0.0264492 0.0464424 0.145618
0 0.86115 0.313225 0.0487869 0.067563 0.138799
0 0.342989 0.779661 0.0214705 0.025551 0.105038
0 0.509029 0.219241 0.0188781 0.0253639 0.102854
0 0.913289 0.376697 0.103917 0.123072 0.982318
0 0.558588 0.257528 0.07604 0.100616 0.966154
0 0.347394 0.85698 0.081773 0.102854 0.936714
0 0.862018 0.311498 0.0453098 0.0603452 0.295604
0 0.818357 0.462179 0.0592659 0.0742013 0.194814
0 0.79074 0.54309 0.0499573 0.0644618 0.107846
0 0.914634 0.373679 0.100872 0.118996 0.928906
0 0.560124 0.254669 0.0722489 0.0947914 0.911397
0 0.349347 0.856705 0.0811406 0.0975081 0.804957
0 0.865484 0.299327 0.0339552 0.0319567 0.158209
0 0.912666 0.377658 0.100604 0.131525 0.715939
0 0.347762 0.858137 0.0817382 0.0996507 0.687075
0 0.557503 0.263303 0.0761095 0.116251 0.681618
0 0.86147 0.32291 0.0463295 0.080756 0.424146
0 0.563772 0.367996 0.0217813 0.0315066 0.235047
0 0.728743 0.465805 0.0394321 0.0488885 0.184755
0 0.864545 0.301266 0.028417 0.0336229 0.146859
0 0.81474 0.556719 0.078999 0.0874261 0.121379
0 0.790098 0.54023 0.0484869 0.0576141 0.106983
0 0.559092 0.25772 0.0750402 0.101314 0.919385
0 0.912464 0.374467 0.0956078 0.123771 0.908308
0 0.347046 0.860329 0.0788672 0.0956458 0.88768
0 0.789563 0.540857 0.048319 0.0574255 0.134802
0 0.86497 0.30892 0.0368793 0.049156 0.134545
0 0.349182 0.856607 0.0846321 0.102563 0.889166
0 0.557397 0.260511 0.0777924 0.103312 0.637645
0 0.914212 0.374965 0.102562 0.118806 0.631906
0 0.905446 0.357387 0.0530559 0.0797555 0.193013
0 0.868086 0.302035 0.0329376 0.0367369 0.142761
0 0.912779 0.372716 0.0998635 0.12012 0.9835
0 0.348986 0.858815 0.0804421 0.099356 0.878542
0 0.555771 0.260452 0.0816766 0.102758 0.77696
0 0.861207 0.30268 0.0452488 0.0378471 0.222322
0 0.884312 0.325695 0.0946781 0.0882431 0.163
0 0.913521 0.375593 0.0995516 0.12867 0.952809
0 0.349395 0.861011 0.0825136 0.0986503 0.82304
0 0.559295 0.265779 0.0737543 0.108962 0.767885
0 0.845522 0.444649 0.132766 0.182843 0.249669
0 0.849033 0.474151 0.110736 0.109529 0.110709
0 0.348247 0.858446 0.0849494 0.101536 0.59835
0 0.558941 0.270003 0.0767468 0.13139 0.597242
0 0.913175 0.382541 0.102069 0.144933 0.590474
0 0.348911 0.857202 0.0827072 0.0951934 0.673041
0 0.915149 0.374543 0.0989753 0.125183 0.651875
0 0.560767 0.255444 0.0751339 0.0957974 0.606028
0 0.348907 0.858738 0.0847799 0.0997192 0.870305
0 0.915961 0.375859 0.0988035 0.129263 0.803161
0 0.558912 0.265821 0.0795111 0.115546 0.774592
0 0.347889 0.860121 0.0840659 0.0996016 0.744867
0 0.914888 0.375548 0.0969603 0.130729 0.584097
0 0.557772 0.257428 0.0761209 0.0991097 0.583496
0 0.347665 0.859589 0.0812103 0.0948899 0.896202
0 0.55831 0.259019 0.0733576 0.0967592 0.730324
0 0.914908 0.374384 0.0965416 0.128164 0.730237
0 0.349761 0.862275 0.0850841 0.100843 0.893437
0 0.560755 0.258839 0.0811306 0.107132 0.811795
0 0.911235 0.373948 0.105307 0.139243 0.798675
0 0.887171 0.354835 0.165391 0.18482 0.260034
0 0.350123 0.861002 0.0857278 0.0999768 0.73745
0 0.560477 0.254588 0.076741 0.104033 0.683486
0 0.91388 0.372677 0.105029 0.139608 0.452374
0 0.34826 0.857942 0.0811897 0.0969917 0.951077
0 0.558844 0.257197 0.0710158 0.0946572 0.938198
0 0.91439 0.373359 0.0947788 0.12293 0.900639
0 0.862383 0.3177 0.0534313 0.0751125 0.23975
0 0.347636 0.859541 0.0814003 0.0972541 0.875004
0 0.91272 0.373638 0.0984531 0.123599 0.796947
0 0.559179 0.260198 0.0725473 0.100732 0.770103
0 0.863007 0.31995 0.055738 0.0771253 0.10017
0 0.347218 0.860976 0.0806308 0.0978455 0.852125
0 0.559363 0.257875 0.0706558 0.098868 0.815565
0 0.914836 0.373512 0.0939114 0.125374 0.801764
0 0.559369 0.258393 0.0740961 0.0994331 0.854523
0 0.34845 0.860996 0.0830926 0.0960071 0.848881
0 0.916742 0.373275 0.0977387 0.126583 0.802992
0 0.34866 0.859291 0.0818134 0.0966507 0.8626
0 0.560288 0.257879 0.0726549 0.0979492 0.722904
0 0.915684 0.372702 0.0990715 0.128552 0.616506
0 0.130397 0.239511 0.0193013 0.0312391 0.212787
0 0.559955 0.258631 0.0720841 0.0989978 0.817472
0 0.348653 0.859698 0.0820747 0.0941559 0.817413
0 0.915567 0.373344 0.0978542 0.128152 0.595579
0 0.130775 0.241198 0.0201747 0.0300588 0.248912
0 0.559953 0.257963 0.0715948 0.0987518 0.947092
0 0.347348 0.860275 0.0835802 0.0959389 0.941392
0 0.914622 0.372869 0.0956612 0.126398 0.706153
0 0.560537 0.258669 0.0732161 0.104194 0.850968
0 0.347521 0.860655 0.0840865 0.0973127 0.840599
0 0.918394 0.375222 0.0999366 0.13047 0.645755
0 0.348568 0.859954 0.0827572 0.0958042 0.864076
0 0.56017 0.258301 0.0702152 0.0985383 0.850676
0 0.915743 0.373371 0.0913942 0.126287 0.700574
0 0.131179 0.241794 0.0181462 0.0251977 0.212474
0 0.348263 0.860776 0.0833274 0.0976681 0.93086
0 0.559554 0.259837 0.0726869 0.102827 0.884675
0 0.915633 0.372654 0.0931942 0.126265 0.776175
0 0.559774 0.256774 0.0728897 0.0988318 0.854272
0 0.917591 0.372111 0.0910475 0.124434 0.775171
0 0.347903 0.859752 0.0802589 0.0948954 0.77502
0 0.131467 0.242226 0.0167901 0.0238111 0.314183
0 0.559327 0.256736 0.0714581 0.100024 0.934813
0 0.916981 0.369119 0.0935169 0.129618 0.903774
0 0.348904 0.860502 0.0799729 0.0951105 0.895062
0 0.131237 0.242993 0.0180939 0.0232054 0.308665
0 0.862045 0.318954 0.0523151 0.0762047 0.202007
0 0.91564 0.370679 0.0926298 0.119362 0.938008
0 0.348543 0.85966 0.0801985 0.0962682 0.913274
0 0.559513 0.257224 0.0716251 0.0985821 0.906793
0 0.560286 0.257116 0.071533 0.100977 0.896519
0 0.915577 0.370426 0.0939182 0.119923 0.885934
0 0.349013 0.859981 0.081725 0.0970366 0.877917
0 0.561399 0.256284 0.0660338 0.0963691 0.876063
0 0.349174 0.859252 0.0811018 0.0934649 0.825484
0 0.913954 0.37096 0.0940147 0.120095 0.805644
0 0.561821 0.256922 0.0655426 0.0959238 0.834028
0 0.916812 0.372392 0.0938971 0.120893 0.820606
0 0.34868 0.859424 0.0795976 0.0932235 0.808183
0 0.347845 0.859601 0.0798672 0.0923625 0.890104
0 0.560431 0.256576 0.0678421 0.0971755 0.635784
0 0.913819 0.369534 0.0972815 0.119434 0.543557
0 0.348486 0.860508 0.0823178 0.0970306 0.898555
0 0.56051 0.257552 0.0722557 0.100604 0.777555
0 0.914872 0.369265 0.0988312 0.119356 0.709849
0 0.864059 0.301517 0.0259714 0.0375989 0.107259
0 0.348528 0.85993 0.0806696 0.0955426 0.889778
0 0.559321 0.257092 0.0714097 0.0990084 0.883396
0 0.916205 0.370203 0.093723 0.119799 0.879899
0 0.558899 0.256189 0.0727266 0.0979891 0.842726
0 0.917033 0.370159 0.0970711 0.121273 0.841455
0 0.348537 0.859803 0.0817216 0.0947646 0.818316
0 0.559592 0.254971 0.0731506 0.0999663 0.882481
0 0.916409 0.372731 0.0958965 0.12346 0.877453
0 0.348642 0.859277 0.0803264 0.0968697 0.858821
0 0.914915 0.370241 0.0937188 0.123906 0.861597
0 0.559434 0.254321 0.0724973 0.100067 0.848004
0 0.347321 0.858497 0.0793828 0.0990496 0.845689
0 0.348245 0.857897 0.0814475 0.0998415 0.870365
0 0.916362 0.37051 0.0935223 0.120514 0.868429
0 0.562422 0.2572 0.0699024 0.0983824 0.854082
0 0.347279 0.858908 0.0809475 0.0959622 0.839492
0 0.56004 0.256139 0.0731329 0.0972636 0.83928
0 0.915018 0.371236 0.0957739 0.120174 0.83898
0 0.55921 0.2552 0.071716 0.0996221 0.842969
0 0.347352 0.858825 0.0792394 0.0951917 0.834534
0 0.914822 0.368401 0.0917935 0.116894 0.821348
0 0.347673 0.858739 0.0804224 0.0966214 0.822183
0 0.916817 0.3686 0.0933253 0.116325 0.698552
0 0.55988 0.253153 0.0732475 0.102467 0.518541
0 0.559518 0.254608 0.0709423 0.101061 0.864616
0 0.347765 0.859047 0.0808182 0.0984863 0.863887
0 0.91667 0.369671 0.0922753 0.117972 0.796093
0 0.558836 0.254821 0.0708658 0.101667 0.831345
0 0.346265 0.860117 0.0810209 0.100221 0.752288
0 0.915712 0.372558 0.0929201 0.121715 0.747059
0 0.559683 0.254238 0.0700549 0.0984143 0.923578
0 0.347212 0.859802 0.0798935 0.0950432 0.866035
0 0.916452 0.370884 0.0921757 0.119841 0.861988
0 0.559467 0.254761 0.0716782 0.100287 0.878233
0 0.917026 0.373129 0.0954819 0.122104 0.801355
0 0.347817 0.859847 0.0816539 0.0972308 0.793272
0 0.916672 0.372464 0.0966993 0.120998 0.901603
0 0.559484 0.255373 0.0736519 0.102517 0.893648
0 0.348009 0.858023 0.0828912 0.10009 0.883607
0 0.914867 0.372615 0.0951847 0.120964 0.894212
0 0.559223 0.255697 0.0712666 0.101692 0.874166
0 0.348127 0.859357 0.08173 0.0985934 0.861265
0 0.559952 0.256115 0.0733861 0.10276 0.839271
0 0.916423 0.371986 0.0972344 0.120301 0.835696
0 0.347852 0.858804 0.0812616 0.0987058 0.818727
0 0.559752 0.25575 0.0708895 0.0982562 0.892574
0 0.917637 0.372848 0.0951071 0.116385 0.851708
0 0.347374 0.859221 0.0797333 0.0958333 0.823927
0 0.55884 0.256705 0.0711533 0.0946103 0.869677
0 0.348232 0.858574 0.0808785 0.0985833 0.840564
0 0.91706 0.372003 0.0934753 0.117138 0.829807
0 0.348381 0.859245 0.0811492 0.098546 0.868641
0 0.558977 0.25666 0.0698856 0.0938372 0.85922
0 0.916645 0.373083 0.0939663 0.12205 0.850584
0 0.348703 0.858951 0.0829408 0.0981836 0.871913
0 0.559249 0.253518 0.0714868 0.100519 0.868285
0 0.915412 0.37124 0.094141 0.12103 0.852963
0 0.55895 0.254481 0.0717186 0.100328 0.857124
0 0.346711 0.860538 0.0800064 0.0971056 0.846458
0 0.915221 0.371224 0.0924976 0.12012 0.827902
0 0.559806 0.257041 0.0712074 0.0941709 0.854682
0 0.916867 0.372206 0.0922775 0.119682 0.838504
0 0.348853 0.859119 0.0801731 0.0986925 0.834695
0 0.559744 0.255979 0.0717195 0.0950134 0.839484
0 0.34775 0.8603 0.0817575 0.0971225 0.815263
0 0.916081 0.372453 0.0952457 0.122998 0.75366
0 0.347426 0.858308 0.0807022 0.09738 0.909312
0 0.559933 0.255004 0.0704235 0.0946004 0.847173
0 0.347651 0.858173 0.0823847 0.0997052 0.860024
0 0.56003 0.254791 0.0719777 0.0962379 0.690047
0 0.347566 0.85749 0.0817902 0.0992757 0.873062
0 0.56056 0.256005 0.0689254 0.0960943 0.860907
0 0.917351 0.373811 0.0931091 0.118562 0.707056
0 0.560582 0.256191 0.0686252 0.0945616 0.824001
0 0.347993 0.856803 0.0814752 0.0990527 0.821772
0 0.918842 0.373007 0.0894833 0.116898 0.714617
0 0.559767 0.255313 0.0709677 0.0982582 0.877615
0 0.347252 0.856736 0.0802917 0.101764 0.872453
0 0.917423 0.372438 0.0915371 0.116519 0.834076
0 0.559961 0.255914 0.0705385 0.0958329 0.867278
0 0.347412 0.857051 0.0801186 0.101892 0.841068
0 0.917641 0.372982 0.0901604 0.115084 0.810316
0 0.55959 0.256374 0.0710144 0.100347 0.877052
0 0.347608 0.857963 0.0813885 0.10298 0.860131
0 0.917031 0.373845 0.0909554 0.11489 0.85069
0 0.860803 0.323656 0.05159 0.0808251 0.156532
0 0.559772 0.254981 0.0710175 0.0981362 0.876723
0 0.347852 0.857158 0.083469 0.103201 0.8465
0 0.91734 0.373326 0.0928501 0.115425 0.83951
0 0.559457 0.255725 0.0733006 0.0992723 0.869361
0 0.347243 0.859294 0.0817178 0.101677 0.857801
0 0.916991 0.373505 0.0941262 0.117216 0.837867
0 0.559698 0.256626 0.0708313 0.0981218 0.857841
0 0.347206 0.859151 0.0793254 0.0998804 0.846539
0 0.917269 0.374636 0.0925408 0.116506 0.830222
0 0.347361 0.859257 0.0805776 0.0999937 0.924918
0 0.559635 0.255972 0.0718439 0.100166 0.918138
0 0.917693 0.371919 0.0957008 0.121231 0.917995
0 0.917416 0.371691 0.09431 0.122745 0.921675
0 0.34748 0.859878 0.0810414 0.0995725 0.910336
0 0.559805 0.255715 0.0719986 0.101265 0.906328
0 0.916449 0.373262 0.0946675 0.120934 0.933485
0 0.347303 0.860144 0.080004 0.0983035 0.910925
0 0.55942 0.256415 0.0739184 0.102426 0.904259
0 0.917143 0.373958 0.0926851 0.118768 0.905607
0 0.558754 0.256037 0.0719225 0.0993457 0.884759
0 0.34766 0.859742 0.0801577 0.0973051 0.88452
0 0.916983 0.373655 0.092769 0.118815 0.898079
0 0.347612 0.858032 0.0834518 0.101764 0.88861
0 0.558778 0.254766 0.071298 0.0998464 0.883369
0 0.917637 0.374969 0.092775 0.119235 0.882376
0 0.348397 0.859062 0.0818068 0.102367 0.879747
0 0.559235 0.255644 0.0700449 0.0983864 0.869892
0 0.347802 0.858931 0.0817283 0.0998252 0.910046
0 0.559555 0.255497 0.0713155 0.0968963 0.891228
0 0.917983 0.374772 0.0931395 0.117905 0.889741
0 0.348331 0.858885 0.0791417 0.0975247 0.9282
0 0.560519 0.255623 0.0709893 0.0975941 0.905239
0 0.918553 0.373417 0.0915173 0.117682 0.882065
0 0.34775 0.859673 0.0821369 0.100997 0.837225
0 0.917216 0.372626 0.0936329 0.122155 0.830859
0 0.559343 0.255524 0.073194 0.0983794 0.822783
0 0.347762 0.858673 0.081899 0.102076 0.90417
0 0.916172 0.372973 0.0923825 0.116889 0.888236
0 0.559012 0.255865 0.0720405 0.0960963 0.883722
0 0.347888 0.857952 0.0804742 0.100756 0.876475
0 0.559582 0.255748 0.0712721 0.098352 0.862918
0 0.916185 0.372784 0.0945133 0.119611 0.857584
0 0.348055 0.857954 0.0802461 0.0988955 0.882619
0 0.559864 0.255475 0.071831 0.0984255 0.876474
0 0.916244 0.37394 0.0968284 0.119927 0.856418
0 0.347979 0.858418 0.078826 0.0969387 0.875208
0 0.559737 0.25558 0.0704648 0.0943767 0.862148
0 0.91637 0.37401 0.09379 0.114458 0.792558
0 0.347559 0.858853 0.0799117 0.101136 0.903002
0 0.559701 0.255034 0.0720004 0.0974221 0.881554
0 0.916304 0.372803 0.0939865 0.114648 0.844221
0 0.559557 0.255068 0.071081 0.096547 0.877288
0 0.348404 0.85926 0.0815118 0.100552 0.874268
0 0.915793 0.372837 0.0916804 0.114973 0.840293
0 0.348079 0.859467 0.0796019 0.104543 0.895687
0 0.559704 0.254508 0.0724699 0.101175 0.891933
0 0.91615 0.37258 0.0930566 0.120106 0.886461
0 0.560645 0.254174 0.0704371 0.0991342 0.896218
0 0.348777 0.858094 0.0796296 0.102499 0.884306
0 0.917184 0.372059 0.0923153 0.117954 0.868573
0 0.560516 0.254806 0.0709322 0.0993183 0.913381
0 0.348583 0.858614 0.0803981 0.102799 0.899841
0 0.917064 0.372711 0.0925557 0.118202 0.891274
0 0.559737 0.255298 0.0735283 0.102452 0.892417
0 0.916523 0.372761 0.0943809 0.121813 0.882676
0 0.347672 0.857923 0.0831323 0.104375 0.88155
0 0.559762 0.255082 0.0714382 0.102458 0.897402
0 0.348156 0.858487 0.0796809 0.101287 0.890431
0 0.916637 0.37301 0.0929302 0.121787 0.883684
0 0.559029 0.254851 0.0733442 0.102365 0.876503
0 0.348095 0.85878 0.0816279 0.101078 0.862218
0 0.91703 0.37269 0.0927563 0.121506 0.85903
0 0.559333 0.253999 0.072653 0.100985 0.885822
0 0.348386 0.85908 0.0821023 0.101091 0.874389
0 0.916887 0.372504 0.0929613 0.11988 0.86907
0 0.559208 0.253562 0.0748715 0.105058 0.893355
0 0.916415 0.373007 0.0945042 0.122393 0.876297
0 0.347584 0.859424 0.0838378 0.105423 0.872064
0 0.559233 0.253856 0.0734619 0.104022 0.876104
0 0.916458 0.373139 0.0939011 0.121991 0.857463
0 0.347611 0.859332 0.0843324 0.106171 0.847095
0 0.917033 0.37325 0.0898409 0.119475 0.909788
0 0.560605 0.25463 0.0691197 0.100579 0.90224
0 0.347924 0.858149 0.0785107 0.101171 0.895507
0 0.916547 0.372016 0.0921997 0.119529 0.868268
0 0.558568 0.254336 0.0737253 0.100679 0.865888
0 0.347603 0.857726 0.0822421 0.101839 0.860809
0 0.559119 0.254116 0.0742132 0.0985031 0.882752
0 0.347632 0.858404 0.0826261 0.101717 0.872956
0 0.916316 0.372376 0.0936426 0.11965 0.870109
0 0.559207 0.254057 0.0735184 0.0968837 0.909253
0 0.916618 0.372749 0.0932355 0.120714 0.904926
0 0.346644 0.859371 0.081517 0.102859 0.899559
0 0.559135 0.253845 0.0725194 0.0963861 0.876655
0 0.347679 0.858218 0.0815525 0.101234 0.870653
0 0.917196 0.372009 0.0898231 0.116421 0.856775
0 0.56015 0.25526 0.0716429 0.0996389 0.904358
0 0.347956 0.858697 0.0810602 0.100715 0.897969
0 0.917534 0.372784 0.0889652 0.115602 0.89592
0 0.559175 0.255386 0.0736577 0.102201 0.911356
0 0.346931 0.858977 0.0823155 0.100831 0.90099
0 0.916888 0.372976 0.0915081 0.116469 0.898339
0 0.559382 0.25626 0.0741032 0.0991598 0.905683
0 0.347646 0.85992 0.0830389 0.100814 0.895157
0 0.917025 0.37369 0.0928494 0.115252 0.89115
0 0.559694 0.254461 0.0740204 0.100582 0.888127
0 0.917142 0.372184 0.0920353 0.117525 0.886294
0 0.347607 0.858333 0.0831895 0.102711 0.876544
0 0.559285 0.254354 0.0741656 0.0999587 0.856733
0 0.917086 0.372381 0.0916908 0.117045 0.856538
0 0.347543 0.85878 0.0826641 0.102546 0.851553
0 0.91725 0.372547 0.0912117 0.114968 0.922341
0 0.559683 0.254619 0.0734945 0.0963544 0.906499
0 0.347872 0.859373 0.0800377 0.0996582 0.896189
0 0.916867 0.372421 0.0919327 0.118117 0.906063
0 0.347246 0.85815 0.081348 0.10262 0.888793
0 0.558977 0.255142 0.0739168 0.102024 0.884614
0 0.916295 0.372552 0.0918419 0.118118 0.880062
0 0.348209 0.858686 0.081805 0.101844 0.867525
0 0.559948 0.255318 0.0730176 0.101657 0.858701
0 0.916564 0.372468 0.0933995 0.120385 0.899817
0 0.348341 0.857795 0.0831628 0.103826 0.894055
0 0.559684 0.254875 0.0741028 0.104416 0.87806
0 0.916537 0.371397 0.0911185 0.120118 0.86916
0 0.34809 0.857672 0.0816414 0.102273 0.865942
0 0.559545 0.255021 0.0737515 0.102872 0.849578
0 0.917567 0.371151 0.0929285 0.123044 0.902224
0 0.348352 0.857578 0.0822494 0.10399 0.886036
0 0.560088 0.254207 0.0762122 0.105137 0.881822
0 0.916001 0.371106 0.0927479 0.120503 0.910969
0 0.558396 0.253698 0.073635 0.0997429 0.891765
0 0.347434 0.858247 0.0813971 0.100712 0.885489
0 0.916565 0.370743 0.0919212 0.119881 0.898268
0 0.559149 0.253703 0.0737445 0.100609 0.885572
0 0.347966 0.858195 0.0800189 0.100459 0.874722
0 0.91693 0.371725 0.0934238 0.120666 0.895816
0 0.348011 0.858214 0.0808311 0.100614 0.888148
0 0.559654 0.253947 0.0730461 0.101053 0.887646
0 0.91806 0.37278 0.0945183 0.119582 0.903146
0 0.347194 0.859008 0.0824992 0.101408 0.900143
0 0.559753 0.254555 0.073621 0.101655 0.888967
