0 0.264879 0.630572 0.0712868 0.0501233 0.882567
0 0.6399 0.254486 0.0678105 0.0475657 0.873909
0 0.495467 0.603019 0.06784 0.0508298 0.677954
0 0.601442 0.882778 0.0567787 0.0451092 0.54778
0 0.661279 0.254065 0.0523895 0.044877 0.171517
0 0.265231 0.628967 0.0717008 0.0539479 0.939493
0 0.643312 0.253698 0.0749926 0.049433 0.893031
0 0.498509 0.602871 0.073663 0.0530338 0.858178
0 0.593171 0.881388 0.0866189 0.0562744 0.699918
0 0.267414 0.630415 0.0770967 0.0570084 0.73254
0 0.499714 0.604632 0.0775103 0.0584473 0.529584
0 0.594361 0.883415 0.0844679 0.0595134 0.455131
0 0.644409 0.254277 0.0815402 0.0505034 0.328345
0 0.641261 0.252768 0.0721133 0.0469502 0.736599
0 0.264793 0.628597 0.0703593 0.0536047 0.729632
0 0.496356 0.603944 0.0703092 0.0522656 0.680792
0 0.590866 0.882449 0.0827939 0.0568165 0.600669
0 0.608859 0.881461 0.0479612 0.0477058 0.254979
0 0.198275 0.602634 0.0326779 0.0284032 0.112348
0 0.64305 0.254611 0.0778353 0.0479356 0.952454
0 0.266061 0.630157 0.0745483 0.0555738 0.937774
0 0.496436 0.60351 0.0709561 0.0565834 0.925104
0 0.593267 0.884853 0.082371 0.0534722 0.912199
0 0.201722 0.59229 0.0475014 0.0499683 0.270616
0 0.586243 0.611687 0.0719116 0.0388152 0.192576
0 0.675678 0.25624 0.076215 0.0455749 0.160151
0 0.534797 0.536131 0.0475559 0.0485834 0.128015
0 0.49501 0.603604 0.0653273 0.0556555 0.846215
0 0.265554 0.6293 0.0725767 0.0583891 0.838435
0 0.642186 0.255503 0.0721925 0.0457708 0.705359
0 0.592899 0.885865 0.0779675 0.0522713 0.677061
0 0.586939 0.612628 0.0687675 0.0314331 0.179187
0 0.201477 0.60075 0.0401363 0.0274559 0.120917
0 0.641783 0.253135 0.0704172 0.0460943 0.621837
0 0.49451 0.602269 0.0652658 0.0510518 0.515654
0 0.265491 0.628319 0.0729979 0.0540371 0.493144
0 0.59197 0.881014 0.0832962 0.0614201 0.463131
0 0.20213 0.599079 0.0464663 0.0323969 0.138739
0 0.265226 0.629628 0.0752952 0.053796 0.981188
0 0.642009 0.253236 0.0732185 0.0454157 0.977229
0 0.495182 0.602634 0.0661812 0.0492471 0.96956
0 0.593823 0.882303 0.0869595 0.0611813 0.954513
0 0.495559 0.60207 0.0665253 0.0510895 0.924946
0 0.265528 0.628614 0.0726477 0.0552675 0.868619
0 0.641863 0.253244 0.071922 0.0452877 0.853816
0 0.593785 0.881475 0.0855637 0.0609154 0.743025
0 0.265367 0.628884 0.0706856 0.056109 0.754154
0 0.494596 0.602855 0.063664 0.0510347 0.705124
0 0.640651 0.253354 0.0706615 0.0444449 0.646889
0 0.593773 0.883328 0.0789848 0.0526482 0.529029
0 0.69317 0.253505 0.0310452 0.0388637 0.102284
0 0.265386 0.628688 0.0761078 0.056024 0.956851
0 0.494406 0.60302 0.0702858 0.056112 0.953549
0 0.595303 0.884312 0.0824778 0.0551514 0.927423
0 0.641914 0.254265 0.0738144 0.0456757 0.88736
0 0.266203 0.627369 0.0709147 0.0516146 0.850634
0 0.494034 0.600891 0.0661134 0.0484509 0.848892
0 0.594584 0.883314 0.0758311 0.0525338 0.677727
0 0.643234 0.252869 0.0706904 0.0430586 0.590406
0 0.266342 0.628646 0.0730705 0.0550428 0.705748
0 0.49537 0.602718 0.0667508 0.0530521 0.696096
0 0.642173 0.252562 0.072237 0.0461725 0.504214
0 0.591191 0.882072 0.0832697 0.0606705 0.486887
0 0.265705 0.628505 0.0717945 0.0532689 0.927079
0 0.494952 0.603019 0.0657154 0.0523613 0.923103
0 0.59133 0.882773 0.084179 0.0603434 0.857994
0 0.64182 0.25371 0.0679108 0.0456838 0.812973
0 0.4972 0.601846 0.0677017 0.0441536 0.492005
0 0.590774 0.881872 0.0759088 0.057571 0.411865
0 0.640918 0.254108 0.0662455 0.047775 0.32818
0 0.643596 0.876135 0.0328684 0.0357237 0.297645
0 0.25978 0.631333 0.0524115 0.0485888 0.253979
0 0.692514 0.255854 0.0351792 0.0413161 0.221751
0 0.608465 0.882032 0.0362371 0.0459484 0.194195
0 0.266889 0.640935 0.0754313 0.0705731 0.133407
0 0.592351 0.880141 0.0813708 0.0600706 0.751951
0 0.266289 0.630181 0.0733741 0.0583929 0.714386
0 0.641186 0.252813 0.0737598 0.0495679 0.465428
0 0.321975 0.658195 0.258545 0.169563 0.452532
0 0.502698 0.602692 0.0832444 0.055039 0.281632
0 0.615606 0.877344 0.0915774 0.0464337 0.179394
0 0.533831 0.590212 0.207234 0.169286 0.110259
0 0.267255 0.630631 0.0748866 0.0542133 0.490162
0 0.592102 0.882565 0.0833529 0.0612091 0.469306
0 0.641255 0.25371 0.0730417 0.0499384 0.356563
0 0.493335 0.603255 0.0672192 0.0530132 0.244148
0 0.265954 0.631382 0.0787828 0.0574526 0.83583
0 0.592094 0.881316 0.0845375 0.0598663 0.831002
0 0.639992 0.252125 0.0706205 0.0473771 0.800462
0 0.488995 0.612569 0.0778588 0.0731281 0.349652
0 0.594427 0.882489 0.0798883 0.0529202 0.770375
0 0.267533 0.630788 0.0740623 0.0523344 0.726362
0 0.641113 0.253334 0.0678901 0.0423181 0.584214
0 0.49051 0.605232 0.0768514 0.0564806 0.237915
0 0.594717 0.884656 0.0805868 0.0523512 0.899211
0 0.26611 0.632593 0.0749513 0.051622 0.881203
0 0.642819 0.255667 0.0720439 0.0458575 0.874157
0 0.489131 0.61066 0.0847675 0.0683312 0.309558
0 0.265587 0.628194 0.070584 0.0563632 0.759113
0 0.640851 0.25393 0.0695058 0.0471927 0.752388
0 0.592394 0.882984 0.0804179 0.0578413 0.727809
0 0.640992 0.254133 0.0725418 0.0465004 0.915546
0 0.592406 0.883316 0.0834956 0.0555533 0.863793
0 0.268592 0.629609 0.0759537 0.0543301 0.850971
0 0.494894 0.602734 0.069087 0.0487368 0.100443
0 0.640687 0.253348 0.0717356 0.0473797 0.950296
0 0.591957 0.881545 0.0796496 0.0558083 0.934284
0 0.267073 0.629393 0.0708691 0.0553731 0.920632
0 0.266642 0.628898 0.0684068 0.054035 0.881095
0 0.642981 0.252884 0.0719014 0.0486817 0.867442
0 0.593133 0.881426 0.0804708 0.0566231 0.865587
0 0.495784 0.602769 0.0668409 0.0498028 0.131011
0 0.26641 0.629999 0.0692829 0.0526143 0.920814
0 0.643105 0.253454 0.0718417 0.0460132 0.915851
0 0.594406 0.882524 0.0803011 0.0539345 0.905119
0 0.493975 0.601028 0.0661412 0.0481718 0.865951
0 0.265884 0.62857 0.0710138 0.0547538 0.725295
0 0.641534 0.252943 0.0756208 0.0478847 0.678543
0 0.592359 0.882635 0.082314 0.0537256 0.608138
0 0.493937 0.601322 0.0679652 0.0488832 0.483684
0 0.265468 0.629099 0.0681971 0.053015 0.888151
0 0.64219 0.25321 0.0728437 0.0447642 0.850416
0 0.593668 0.883464 0.0762374 0.054683 0.839542
0 0.494303 0.601141 0.0644156 0.0461318 0.672816
0 0.26541 0.63057 0.0690862 0.0520863 0.891695
0 0.594405 0.884386 0.077154 0.0549393 0.857347
0 0.64211 0.253148 0.0727524 0.0438138 0.851602
0 0.494497 0.60212 0.0647385 0.0481703 0.776017
0 0.267215 0.62829 0.0713884 0.0562296 0.900879
0 0.594826 0.88273 0.0802214 0.0551483 0.89054
0 0.642725 0.253864 0.0711215 0.0447273 0.826298
0 0.495947 0.601316 0.0663225 0.0504498 0.577083
0 0.267821 0.628869 0.0726267 0.0557241 0.830867
0 0.5943 0.883117 0.08159 0.0577892 0.784422
0 0.495078 0.601995 0.0641631 0.0495606 0.730499
0 0.64176 0.254118 0.0696762 0.0448582 0.656302
0 0.493829 0.601147 0.0656677 0.0488717 0.935017
0 0.267359 0.628193 0.0708917 0.05229 0.927873
0 0.592806 0.882635 0.0781191 0.0547644 0.914375
0 0.640522 0.252486 0.0716896 0.0444856 0.873579
0 0.267041 0.630062 0.069454 0.0524616 0.869722
0 0.493906 0.601989 0.0650316 0.0476467 0.853526
0 0.641812 0.253609 0.072861 0.0437967 0.842199
0 0.593934 0.884123 0.0782552 0.053277 0.810015
0 0.49482 0.6002 0.0651492 0.0467317 0.88696
0 0.267152 0.627327 0.0705837 0.050909 0.884577
0 0.593512 0.883015 0.0790366 0.0529171 0.829584
0 0.641355 0.253 0.0702235 0.0442507 0.823606
0 0.266279 0.628495 0.0743879 0.0525024 0.927427
0 0.494142 0.601113 0.0683209 0.0479131 0.901268
0 0.640163 0.253997 0.0724481 0.0459855 0.884717
0 0.591947 0.883467 0.0844126 0.0558741 0.87218
0 0.495298 0.601339 0.0658676 0.0493759 0.818397
0 0.642217 0.253343 0.0716547 0.0465757 0.79138
0 0.267156 0.628268 0.0718475 0.0533398 0.785777
0 0.592618 0.882801 0.0792274 0.0535486 0.71769
0 0.266071 0.629313 0.0699111 0.0528088 0.873661
0 0.642293 0.253439 0.0721624 0.0473064 0.867686
0 0.494562 0.601735 0.0665644 0.0498159 0.867391
0 0.593489 0.883126 0.0774773 0.0544834 0.86636
0 0.266949 0.627733 0.0693027 0.0524998 0.835816
0 0.494131 0.600957 0.065027 0.0476617 0.832688
0 0.593195 0.882979 0.0779475 0.053265 0.790996
0 0.642633 0.253044 0.0719589 0.0449136 0.756247
0 0.494579 0.601546 0.0657355 0.0475506 0.887066
0 0.266907 0.628818 0.0713294 0.0526998 0.879847
0 0.592964 0.883473 0.0801408 0.0542187 0.830937
0 0.64073 0.254154 0.0697463 0.0468091 0.812495
0 0.494201 0.601806 0.0651486 0.0476714 0.877364
0 0.266061 0.628483 0.0704397 0.0518202 0.863368
0 0.592565 0.883482 0.0799534 0.0531742 0.842962
0 0.6408 0.253961 0.0688614 0.0449912 0.807541
0 0.495224 0.601003 0.0694538 0.0478918 0.830762
0 0.266836 0.628591 0.0712077 0.0534186 0.830146
0 0.594115 0.883086 0.0785272 0.0540941 0.807892
0 0.642155 0.253171 0.0710088 0.045114 0.770358
0 0.494875 0.600055 0.0667837 0.0464373 0.89904
0 0.266394 0.627805 0.0695022 0.0520533 0.878751
0 0.641147 0.252485 0.0691197 0.0450784 0.868223
0 0.593594 0.88236 0.0781778 0.0543924 0.863718
0 0.496083 0.601124 0.0659472 0.0479603 0.887043
0 0.267764 0.628817 0.0718291 0.0531801 0.850827
0 0.642246 0.253223 0.0706169 0.0458344 0.844094
0 0.593932 0.883323 0.0796366 0.0558548 0.838198
0 0.494957 0.601652 0.0658604 0.0489188 0.869008
0 0.266863 0.628649 0.0698989 0.0513627 0.847475
0 0.593985 0.883425 0.078729 0.055069 0.847084
0 0.641025 0.253636 0.0669956 0.0455428 0.838221
0 0.49412 0.602271 0.0644502 0.0477888 0.819087
0 0.266971 0.6293 0.0693494 0.0503339 0.79522
0 0.640938 0.253921 0.0672119 0.0453527 0.787419
0 0.594409 0.884073 0.0791761 0.0552814 0.730622
0 0.493882 0.601367 0.066295 0.0464919 0.859414
0 0.266718 0.628878 0.0698374 0.048824 0.822541
0 0.640206 0.253543 0.0675295 0.043636 0.780956
0 0.593584 0.883939 0.0768929 0.0549511 0.733094
0 0.493264 0.601399 0.0661173 0.0467899 0.799412
0 0.265838 0.628442 0.0689451 0.0500524 0.783066
0 0.638907 0.253575 0.0675021 0.0439201 0.739377
0 0.592315 0.883939 0.0771576 0.0551163 0.697748
0 0.266658 0.627487 0.0698606 0.0495132 0.848003
0 0.495631 0.6016 0.0680037 0.0494094 0.839092
0 0.641749 0.253404 0.0714325 0.0433062 0.771284
0 0.592855 0.883763 0.0810403 0.0543229 0.68738
0 0.26562 0.628122 0.0703574 0.0512159 0.842702
0 0.494021 0.601819 0.0672241 0.049581 0.839715
0 0.592542 0.883469 0.0790063 0.0532429 0.798561
0 0.639962 0.254722 0.0670369 0.0450175 0.77865
0 0.493819 0.601605 0.063775 0.0493472 0.878415
0 0.639642 0.252999 0.0644207 0.044571 0.831392
0 0.267317 0.628952 0.0717518 0.0520685 0.816441
0 0.593127 0.883481 0.0743304 0.0544201 0.805709
0 0.494054 0.601991 0.06528 0.0487603 0.873894
0 0.640769 0.253046 0.0682622 0.044895 0.845141
0 0.266328 0.629044 0.0736891 0.0528921 0.823822
0 0.59356 0.883773 0.0789677 0.0567791 0.823138
0 0.493651 0.600865 0.0652114 0.0476458 0.885529
0 0.265484 0.627456 0.0705866 0.0523026 0.840459
0 0.593278 0.882939 0.0786134 0.0553695 0.800749
0 0.640362 0.252606 0.0668185 0.0434177 0.800372
0 0.493535 0.601496 0.0676029 0.0495382 0.829748
0 0.592845 0.883535 0.0814935 0.0571213 0.823668
0 0.265916 0.629297 0.0718794 0.0528085 0.785894
0 0.640217 0.252985 0.0676369 0.044666 0.750804
0 0.266082 0.629339 0.0719183 0.05192 0.884478
0 0.593244 0.883246 0.0811137 0.0560709 0.875686
0 0.494618 0.602129 0.0666177 0.0481121 0.858733
0 0.64169 0.253311 0.0697172 0.0452168 0.812857
0 0.265178 0.630502 0.0716752 0.052821 0.819433
0 0.592593 0.883614 0.0820001 0.0569596 0.802654
0 0.493032 0.601544 0.0667338 0.0477255 0.786341
0 0.641276 0.253408 0.0706736 0.0450794 0.730318
0 0.593353 0.883287 0.0830455 0.0570259 0.883043
0 0.26666 0.628166 0.0735418 0.0543076 0.873482
0 0.493102 0.599812 0.067733 0.049502 0.854187
0 0.641725 0.252772 0.0705791 0.0440062 0.765805
0 0.593754 0.883469 0.0789496 0.0543968 0.886689
0 0.267089 0.629588 0.0716992 0.0502318 0.861321
0 0.493598 0.600426 0.0655607 0.0479672 0.853253
0 0.641072 0.254451 0.0678289 0.0445904 0.752592
0 0.593334 0.882446 0.080502 0.0557201 0.86893
0 0.493236 0.600555 0.0682448 0.0503233 0.857773
0 0.265234 0.628737 0.0714527 0.0532471 0.837635
0 0.642442 0.253074 0.0745974 0.0466881 0.777214
0 0.266338 0.629213 0.0682313 0.0510397 0.882988
0 0.494349 0.600929 0.0658049 0.0477938 0.848956
0 0.593215 0.883389 0.079469 0.054911 0.840398
0 0.641327 0.253389 0.0733294 0.0453243 0.826283
0 0.266588 0.628318 0.071965 0.0541628 0.874122
0 0.592196 0.88389 0.0830635 0.0560467 0.824288
0 0.493009 0.600786 0.0697274 0.0494334 0.822837
0 0.641307 0.253119 0.0747349 0.0460564 0.765956
0 0.266646 0.629003 0.0697872 0.0529358 0.832239
0 0.493064 0.60111 0.0662422 0.0468565 0.824853
0 0.59277 0.883405 0.0778439 0.0530109 0.822265
0 0.641844 0.253266 0.0722473 0.0435502 0.751788
0 0.593315 0.882934 0.0810754 0.0532133 0.863016
0 0.494764 0.60147 0.0665498 0.0476362 0.851732
0 0.266737 0.62872 0.0737687 0.0530189 0.834825
0 0.641489 0.253121 0.0692167 0.0448636 0.809163
0 0.59229 0.883617 0.0801798 0.0537659 0.854252
0 0.493677 0.602596 0.0657055 0.0479598 0.835395
0 0.640566 0.253947 0.0692211 0.0454089 0.813076
0 0.265938 0.629165 0.0726668 0.0522682 0.812962
0 0.641857 0.253384 0.071139 0.0456887 0.855056
0 0.266842 0.628634 0.0711691 0.0520641 0.853306
0 0.494509 0.602408 0.0675472 0.0476702 0.824392
0 0.593066 0.882851 0.0797038 0.05352 0.795832
0 0.641294 0.253412 0.072243 0.0463607 0.857953
0 0.265627 0.628158 0.0719266 0.0532051 0.840833
0 0.49331 0.601892 0.067947 0.0493898 0.810735
0 0.592656 0.88282 0.0789809 0.0552269 0.793064
0 0.641863 0.25337 0.0694052 0.0461893 0.88762
0 0.592776 0.882588 0.0785187 0.0556017 0.879659
0 0.266538 0.627272 0.0710786 0.0526419 0.879097
0 0.493213 0.601549 0.0670634 0.0491472 0.878091
0 0.641685 0.253396 0.0701665 0.0471751 0.855746
0 0.592282 0.883058 0.0826604 0.057003 0.831261
0 0.492918 0.602291 0.0680163 0.0506259 0.830437
0 0.266183 0.627527 0.073847 0.0528214 0.830358
0 0.5922 0.883308 0.0806596 0.0550842 0.897115
0 0.492741 0.601369 0.0691829 0.0487805 0.889992
0 0.641005 0.253145 0.0692932 0.0452298 0.889204
0 0.265802 0.627612 0.0715296 0.0516457 0.872387
0 0.642012 0.253619 0.0707426 0.0451693 0.864359
0 0.49359 0.60163 0.0711216 0.0493612 0.839143
0 0.592537 0.883447 0.0826019 0.0550609 0.833175
0 0.26718 0.628569 0.0705093 0.0513358 0.808138
0 0.492552 0.602252 0.0677737 0.0513474 0.856923
0 0.640105 0.253041 0.0671275 0.04501 0.852857
0 0.266425 0.628451 0.0697624 0.0528424 0.776446
0 0.592727 0.882574 0.0818952 0.0550854 0.652187
0 0.494077 0.601801 0.0675016 0.0489679 0.848095
0 0.640422 0.252936 0.0670835 0.0439621 0.827476
0 0.266517 0.628135 0.0698421 0.0513435 0.770905
0 0.592715 0.88292 0.0826922 0.0537606 0.556217
0 0.493334 0.602232 0.0677493 0.0482556 0.876304
0 0.266745 0.629144 0.0698826 0.0517456 0.860023
0 0.593771 0.882541 0.0796448 0.0529291 0.846133
0 0.640797 0.253239 0.0707555 0.0461708 0.836282
0 0.493645 0.601431 0.0660587 0.0458013 0.870845
0 0.593674 0.882718 0.0779364 0.0528676 0.857004
0 0.266491 0.628161 0.0678687 0.0487595 0.846937
0 0.641163 0.252639 0.0699913 0.0450329 0.831992
0 0.493557 0.602577 0.0672741 0.0483021 0.894723
0 0.266127 0.629219 0.0703941 0.0509337 0.875811
0 0.642156 0.253685 0.072522 0.045923 0.864899
0 0.59287 0.883571 0.0797719 0.0543243 0.858659
0 0.493309 0.602506 0.0669008 0.0480124 0.857821
0 0.266302 0.629503 0.0702662 0.0503976 0.830298
0 0.642065 0.253776 0.0713636 0.0453841 0.822627
0 0.592746 0.883645 0.078621 0.0533028 0.822074
0 0.492716 0.60186 0.0684438 0.0486185 0.882813
0 0.266342 0.628883 0.0706736 0.0519566 0.876162
0 0.592551 0.883326 0.077239 0.0529095 0.870477
0 0.642013 0.253522 0.0730624 0.0449343 0.83475
0 0.492988 0.602206 0.0696097 0.0498537 0.866645
0 0.266713 0.629249 0.0714703 0.0532579 0.85205
0 0.592374 0.883561 0.0778056 0.0538765 0.838173
0 0.642677 0.253743 0.073704 0.0453391 0.82136
0 0.493004 0.601595 0.0662761 0.0483873 0.890212
0 0.591657 0.883006 0.0779333 0.0539944 0.879813
0 0.266311 0.628458 0.0715713 0.0522755 0.866907
0 0.641678 0.253113 0.0712995 0.045862 0.833066
0 0.493225 0.601427 0.0659554 0.0466667 0.899692
0 0.592791 0.883174 0.0779003 0.0525902 0.862036
0 0.642369 0.253311 0.0717332 0.0448611 0.841663
0 0.266772 0.628537 0.0719615 0.0509737 0.840711
0 0.49291 0.601032 0.0675613 0.0480099 0.916249
0 0.641505 0.2534 0.0708168 0.0457268 0.889906
0 0.591785 0.882753 0.0797583 0.0544658 0.877512
0 0.266635 0.628255 0.0718049 0.0518129 0.871738
0 0.493221 0.601639 0.066108 0.0480155 0.883918
0 0.641291 0.253764 0.0668659 0.0453819 0.86605
0 0.592194 0.882997 0.0771952 0.054447 0.843175
0 0.266606 0.6283 0.0696127 0.0515014 0.838228
0 0.415224 0.211423 0.0296065 0.025162 0.10213
0 0.591949 0.882448 0.0785664 0.0520325 0.854735
0 0.266569 0.628604 0.0719972 0.0515457 0.84233
0 0.493231 0.600704 0.0682677 0.0477085 0.839078
0 0.641022 0.253126 0.070233 0.0446592 0.83828
0 0.49411 0.600919 0.0667667 0.048061 0.891265
0 0.593562 0.882746 0.0751939 0.0522664 0.878921
0 0.267348 0.628874 0.0695929 0.0515881 0.859649
0 0.641426 0.253435 0.068468 0.0450976 0.849087
0 0.493209 0.601909 0.0686528 0.048916 0.824724
0 0.266428 0.629026 0.0705503 0.0521224 0.816293
0 0.592792 0.883426 0.0768697 0.0539575 0.81351
0 0.641116 0.253105 0.0685341 0.0447494 0.805229
0 0.59332 0.883158 0.0773415 0.0532997 0.897179
0 0.494262 0.601095 0.0675468 0.0491776 0.893833
0 0.267329 0.628848 0.0700399 0.0516834 0.885927
0 0.641388 0.252992 0.0676813 0.0434845 0.88585
0 0.593675 0.883414 0.0749334 0.0527287 0.877083
0 0.493333 0.601894 0.0668767 0.0494892 0.874385
0 0.266721 0.628399 0.0703856 0.0514225 0.87123
0 0.641297 0.253679 0.0673403 0.0443172 0.853241
0 0.267033 0.628754 0.0720502 0.0513868 0.890605
0 0.493021 0.601917 0.0671131 0.0483795 0.87155
0 0.593588 0.883458 0.0770302 0.0522118 0.861329
0 0.641605 0.253578 0.0687649 0.0431745 0.850507
0 0.266073 0.628834 0.0727782 0.0519818 0.87297
0 0.592855 0.882877 0.0773618 0.0520479 0.847647
0 0.493237 0.601524 0.0689401 0.0489539 0.845708
0 0.641726 0.253517 0.0702227 0.0429445 0.82047
0 0.592016 0.883531 0.079801 0.0545571 0.89351
0 0.493223 0.601153 0.0717751 0.0524941 0.875652
0 0.26611 0.628879 0.0742676 0.0551129 0.871206
0 0.642245 0.254027 0.0713412 0.0462593 0.843567
0 0.592542 0.883369 0.0776748 0.0524183 0.873022
0 0.493121 0.600929 0.0684007 0.0494582 0.871417
0 0.642865 0.253778 0.0692503 0.0437298 0.843129
0 0.266575 0.629069 0.0697254 0.0528626 0.833822
0 0.592576 0.883084 0.078714 0.0524744 0.867191
0 0.493311 0.601184 0.0667208 0.0495673 0.863189
0 0.266193 0.628784 0.0707043 0.0532778 0.861977
0 0.641146 0.253495 0.0665926 0.0450064 0.856424
0 0.641129 0.25314 0.0677727 0.0441214 0.856742
0 0.594666 0.883106 0.0770238 0.0514313 0.84756
0 0.266537 0.62952 0.069773 0.051885 0.836887
0 0.49295 0.601859 0.0674203 0.048894 0.832332
0 0.49365 0.602158 0.0670197 0.0492977 0.880213
0 0.641693 0.25325 0.0686437 0.044171 0.873921
0 0.267584 0.62994 0.0694595 0.0524697 0.853328
0 0.595258 0.883294 0.0755615 0.051347 0.775954
0 0.493905 0.601374 0.0689607 0.0494291 0.881973
0 0.641558 0.253267 0.0679604 0.0454068 0.870364
0 0.267765 0.629375 0.0695528 0.0528616 0.81409
0 0.594727 0.882716 0.0783845 0.0523016 0.776245
0 0.493743 0.601077 0.0660388 0.0476935 0.877049
0 0.640861 0.2531 0.0650057 0.0440887 0.863909
0 0.593443 0.882875 0.0769424 0.0515152 0.855187
0 0.26723 0.629389 0.0684682 0.0513054 0.84701
0 0.593214 0.883403 0.0800064 0.0543802 0.856722
0 0.26569 0.629139 0.0731573 0.0528444 0.854239
0 0.492745 0.601986 0.0691531 0.0505447 0.843192
0 0.641659 0.253352 0.0696696 0.0464918 0.82574
0 0.593797 0.883795 0.0790667 0.0551144 0.875827
0 0.266264 0.629236 0.0720493 0.0525551 0.865865
0 0.493385 0.601947 0.0675846 0.0494928 0.855274
0 0.642407 0.253482 0.0687857 0.0459673 0.842763
0 0.265787 0.629212 0.0735468 0.0535446 0.883409
0 0.593141 0.884116 0.0794429 0.055161 0.862553
0 0.493383 0.601773 0.0685789 0.0504832 0.861451
0 0.642092 0.253926 0.070606 0.0452722 0.859539
0 0.265734 0.629011 0.0739229 0.0531714 0.874892
0 0.592875 0.88368 0.0792086 0.0533068 0.837463
0 0.641875 0.254288 0.0701707 0.0435418 0.826984
0 0.492587 0.600954 0.069644 0.0492444 0.824959
0 0.266516 0.629367 0.0712185 0.0521163 0.92031
0 0.59353 0.882998 0.0760277 0.0527056 0.89826
0 0.493489 0.601182 0.0680987 0.0481279 0.88344
0 0.642357 0.254324 0.0678196 0.0430557 0.87309
0 0.265663 0.629163 0.0734139 0.0535995 0.873334
0 0.593399 0.883001 0.0791358 0.0539551 0.857289
0 0.493465 0.601207 0.0696733 0.0500454 0.854709
0 0.642677 0.253504 0.0694013 0.0454415 0.83525
0 0.266472 0.628656 0.0702314 0.0504999 0.872544
0 0.493883 0.601242 0.0673912 0.0483234 0.865676
0 0.593817 0.883448 0.0761774 0.0537632 0.856124
0 0.643055 0.253326 0.0695249 0.0444371 0.847666
0 0.26612 0.628816 0.070088 0.0512188 0.901432
0 0.493237 0.601703 0.0675151 0.0489563 0.893865
0 0.592583 0.883768 0.0767797 0.0552862 0.893778
0 0.642313 0.253215 0.0700525 0.0451198 0.873228
0 0.493164 0.601815 0.0691097 0.0489948 0.855386
0 0.266697 0.629134 0.072561 0.0515595 0.853674
0 0.592731 0.88332 0.0790878 0.053838 0.849327
0 0.64238 0.253893 0.0724332 0.045585 0.845564
0 0.266819 0.629268 0.0724362 0.0527239 0.896698
0 0.593446 0.884054 0.0782249 0.0547735 0.880161
0 0.493894 0.601801 0.0683098 0.0486705 0.871472
0 0.643081 0.254143 0.0730973 0.0463718 0.859255
0 0.266002 0.628755 0.0729403 0.0521125 0.903103
0 0.592222 0.883538 0.0782924 0.0533211 0.887894
0 0.493619 0.601411 0.0660904 0.0471575 0.877161
0 0.642252 0.253559 0.0731433 0.0462848 0.870416
0 0.592745 0.884247 0.0765472 0.0530308 0.888965
0 0.642875 0.254121 0.0720003 0.0453144 0.876658
0 0.494555 0.602601 0.0646154 0.0469597 0.875585
0 0.268049 0.629841 0.069943 0.0503536 0.875564
0 0.642393 0.253628 0.0704864 0.0466048 0.898281
0 0.593304 0.883778 0.0788147 0.0546896 0.891922
0 0.494146 0.602047 0.0657786 0.0482854 0.887185
0 0.267072 0.629231 0.0719494 0.0524879 0.883644
0 0.642512 0.254256 0.0705429 0.0472718 0.856758
0 0.592856 0.884116 0.0793119 0.0544844 0.855293
0 0.493666 0.602574 0.0671506 0.0492096 0.851115
0 0.267153 0.629452 0.0740887 0.0532026 0.850834
0 0.593725 0.883776 0.0773062 0.0521824 0.915688
0 0.268041 0.629115 0.0715079 0.0521856 0.896269
0 0.494587 0.601716 0.0677775 0.0480026 0.895102
0 0.643766 0.254968 0.0721768 0.0452001 0.873562
0 0.592647 0.883742 0.0777406 0.0542091 0.894078
0 0.49348 0.601644 0.0674073 0.0500494 0.868551
0 0.266573 0.628897 0.0732983 0.0532781 0.867
0 0.642296 0.254767 0.0712207 0.0473621 0.853471
0 0.59311 0.883587 0.077733 0.0536329 0.864511
0 0.267772 0.628937 0.0728737 0.0529034 0.846027
0 0.494386 0.601947 0.0661197 0.0494064 0.840202
0 0.643162 0.254358 0.0712273 0.046033 0.832187
0 0.592926 0.883522 0.0796401 0.0540756 0.884337
0 0.266967 0.628692 0.0743292 0.0527539 0.879761
0 0.494197 0.60181 0.06825 0.0492838 0.869151
0 0.64341 0.253857 0.0730815 0.0460363 0.862581
0 0.266064 0.628646 0.0735093 0.0518202 0.85101
0 0.592338 0.883186 0.0769084 0.0534291 0.844015
0 0.49353 0.601891 0.0674585 0.0491449 0.840041
0 0.643912 0.253433 0.0724622 0.0445171 0.822127
0 0.267062 0.629021 0.0740753 0.0528038 0.884189
0 0.593428 0.883233 0.0768357 0.05401 0.880124
0 0.494476 0.602024 0.0684432 0.0510096 0.860084
0 0.644795 0.253877 0.0732722 0.0458961 0.781759
0 0.266585 0.628759 0.0733447 0.0520324 0.87789
0 0.493087 0.602322 0.0658424 0.0507629 0.872085
0 0.591736 0.882945 0.0727174 0.0537623 0.870384
0 0.642695 0.253952 0.0699094 0.0456003 0.863443
0 0.493831 0.602433 0.0664428 0.0504178 0.870721
0 0.267463 0.629016 0.0723679 0.0522639 0.860049
0 0.592184 0.883121 0.0744481 0.0542656 0.842306
0 0.643435 0.253867 0.0711985 0.045566 0.841825
0 0.493805 0.602264 0.0676429 0.0489054 0.886336
0 0.642311 0.253913 0.0689804 0.045435 0.883818
0 0.267124 0.628466 0.0714781 0.0501578 0.878442
0 0.592806 0.882958 0.0775285 0.0540762 0.852152
0 0.493904 0.602497 0.0685108 0.0489988 0.887145
0 0.64244 0.254227 0.0692863 0.0455686 0.884542
0 0.266899 0.628761 0.0725324 0.0500601 0.882503
0 0.59297 0.883081 0.0791965 0.0543951 0.851596
