0 0.668528 0.768635 0.0349193 0.0653688 0.959489
0 0.442422 0.167647 0.0379482 0.0680354 0.763504
0 0.250665 0.251436 0.0308289 0.055777 0.72637
0 0.363294 0.875603 0.0263354 0.0514771 0.674179
0 0.660984 0.275185 0.0364649 0.0676335 0.669212
0 0.282274 0.884622 0.0357275 0.0760461 0.664151
0 0.224225 0.828811 0.0306795 0.0606234 0.555533
0 0.509182 0.635596 0.0356241 0.128563 0.466202
0 0.572455 0.738484 0.0283619 0.0668617 0.426079
0 0.508129 0.80926 0.0456612 0.0775844 0.337654
0 0.435366 0.295947 0.0347102 0.0609904 0.269304
0 0.281387 0.681554 0.0254997 0.0320533 0.104039
0 0.666223 0.768282 0.0329977 0.0699705 0.783405
0 0.660893 0.275572 0.0371487 0.0814491 0.761275
0 0.505402 0.811546 0.0529205 0.0913262 0.753243
0 0.363609 0.879453 0.0285971 0.0730768 0.70781
0 0.433362 0.300473 0.038326 0.0807497 0.700929
0 0.439119 0.1687 0.0396499 0.0815037 0.641329
0 0.282222 0.874421 0.0357759 0.102462 0.627247
0 0.223874 0.827695 0.0320721 0.0760469 0.589341
0 0.249731 0.249972 0.030759 0.0639175 0.580714
0 0.507442 0.635256 0.0347964 0.124614 0.450745
0 0.570939 0.73858 0.0288665 0.0741047 0.278722
0 0.281607 0.691114 0.029723 0.0537069 0.112166
0 0.368735 0.887708 0.04186 0.111246 0.10815
0 0.670217 0.663948 0.156164 0.468317 0.442659
0 0.507275 0.813734 0.0519046 0.0890599 0.35976
0 0.434168 0.302678 0.0407948 0.0805553 0.328884
0 0.439486 0.166944 0.0417304 0.079803 0.328132
0 0.283452 0.87619 0.0405915 0.101362 0.315974
0 0.508667 0.634619 0.0374113 0.123395 0.292537
0 0.663242 0.768542 0.0288193 0.0709073 0.182515
0 0.661033 0.275311 0.0376689 0.0790719 0.162016
0 0.363956 0.882901 0.02902 0.0764029 0.147063
0 0.285825 0.88546 0.0248143 0.0778232 0.786887
0 0.434961 0.301349 0.03525 0.0733397 0.773255
0 0.2824 0.874788 0.0397583 0.102088 0.745803
0 0.666522 0.767631 0.0358416 0.0706921 0.737278
0 0.660584 0.278049 0.0347054 0.0784427 0.728773
0 0.440069 0.166726 0.0375949 0.075136 0.708881
0 0.510796 0.813611 0.0408661 0.0786867 0.692026
0 0.363163 0.884065 0.0264592 0.0804504 0.626806
0 0.2235 0.826144 0.0289266 0.0683498 0.510894
0 0.251038 0.250209 0.02819 0.0599539 0.412075
0 0.508576 0.634372 0.0350424 0.114132 0.372092
0 0.572089 0.734495 0.0289768 0.0637377 0.350186
0 0.662237 0.372423 0.0157422 0.0448237 0.120927
0 0.282201 0.883089 0.0387856 0.0848652 0.958735
0 0.510022 0.810029 0.0453302 0.0793494 0.942179
0 0.660223 0.278502 0.0367239 0.0811702 0.939633
0 0.667322 0.764429 0.0371794 0.0697839 0.932259
0 0.440344 0.167396 0.0430304 0.0775692 0.931244
0 0.434562 0.301868 0.0383846 0.0783995 0.930997
0 0.250958 0.248811 0.0332422 0.0654303 0.871682
0 0.362842 0.885673 0.0289669 0.0871987 0.829388
0 0.223394 0.825803 0.0315788 0.073389 0.81624
0 0.508686 0.636317 0.0376205 0.120369 0.71401
0 0.571835 0.735821 0.0327827 0.0681778 0.691922
0 0.510683 0.812551 0.040086 0.075813 0.89002
0 0.282503 0.889099 0.0374562 0.0742919 0.883477
0 0.667011 0.763967 0.033162 0.0646975 0.843185
0 0.440579 0.167817 0.0362521 0.0710049 0.826938
0 0.660718 0.277365 0.0348668 0.0723363 0.799833
0 0.252154 0.251483 0.0298321 0.0580792 0.743703
0 0.435589 0.301673 0.0361164 0.0726378 0.722242
0 0.363497 0.890778 0.0275354 0.0754599 0.676289
0 0.223773 0.829868 0.0294826 0.0660259 0.600519
0 0.571711 0.735732 0.0308859 0.0623167 0.496128
0 0.509035 0.637932 0.0345649 0.118279 0.409062
0 0.666438 0.766138 0.0343147 0.0764206 0.733282
0 0.251072 0.247534 0.0317977 0.0708166 0.509453
0 0.282615 0.87982 0.0399787 0.0966608 0.499609
0 0.50978 0.811822 0.0414719 0.0810136 0.474159
0 0.439333 0.165983 0.0400553 0.0792781 0.423273
0 0.661982 0.645602 0.172041 0.432847 0.389567
0 0.364139 0.882278 0.0307876 0.0956233 0.34473
0 0.571484 0.737441 0.0307114 0.069761 0.276527
0 0.434501 0.301722 0.0362302 0.0771735 0.252707
0 0.659419 0.275219 0.0340447 0.0746194 0.248318
0 0.223757 0.824256 0.0299838 0.0741075 0.233945
0 0.509196 0.637269 0.0346828 0.117586 0.174271
0 0.667054 0.768342 0.0345906 0.0761985 0.985458
0 0.510289 0.814858 0.0412782 0.0807506 0.967948
0 0.251955 0.248546 0.0316599 0.0723592 0.948662
0 0.440449 0.16741 0.0386824 0.0797128 0.939103
0 0.659667 0.276879 0.0346892 0.0758536 0.918488
0 0.43472 0.303739 0.0374514 0.0765341 0.917314
0 0.283095 0.884022 0.0386765 0.0875505 0.912138
0 0.571807 0.739495 0.0314762 0.0705394 0.859229
0 0.224653 0.825426 0.0301043 0.0756565 0.851831
0 0.364972 0.886439 0.0305296 0.0885473 0.779314
0 0.509549 0.648056 0.0364792 0.0990521 0.715209
0 0.54284 0.737529 0.0922331 0.0770148 0.208722
0 0.386415 0.904829 0.0215648 0.0705319 0.152107
0 0.666387 0.765342 0.032259 0.0720231 0.818998
0 0.435993 0.299554 0.0362034 0.0665277 0.796695
0 0.283694 0.883723 0.0386996 0.0847945 0.795274
0 0.441525 0.16657 0.0354738 0.077313 0.773676
0 0.512008 0.813686 0.037461 0.0739914 0.768809
0 0.252423 0.246311 0.0309813 0.06609 0.709613
0 0.659676 0.273427 0.0331485 0.0692254 0.704499
0 0.224227 0.824003 0.0284556 0.0712027 0.673675
0 0.571938 0.735234 0.0301838 0.0636631 0.634862
0 0.509484 0.633616 0.0398399 0.126718 0.579277
0 0.364488 0.887625 0.0316924 0.0837706 0.578127
0 0.6689 0.65524 0.165821 0.450008 0.547764
0 0.282498 0.886064 0.0360118 0.0784699 0.727991
0 0.665776 0.762355 0.0314991 0.0679947 0.719857
0 0.441425 0.167176 0.0335914 0.0756553 0.692857
0 0.252272 0.247088 0.0302831 0.0663644 0.680263
0 0.51215 0.814134 0.036699 0.0756723 0.638577
0 0.659754 0.273308 0.0321196 0.0698267 0.587687
0 0.223579 0.825628 0.0274294 0.0725503 0.583237
0 0.571143 0.734999 0.0302213 0.0626441 0.579444
0 0.364729 0.889287 0.0301832 0.0764306 0.561814
0 0.435808 0.301815 0.0339544 0.0726329 0.529947
0 0.50999 0.640636 0.0390235 0.111596 0.490314
0 0.394344 0.254935 0.0148315 0.0434945 0.190503
0 0.298422 0.734744 0.0246438 0.0442197 0.185421
0 0.283759 0.887034 0.0384169 0.0798779 0.937175
0 0.666792 0.763552 0.0338995 0.0764359 0.916597
0 0.512003 0.812409 0.0393829 0.0860473 0.896256
0 0.441073 0.170592 0.0393214 0.080341 0.867653
0 0.436005 0.301803 0.0364869 0.078647 0.857947
0 0.251165 0.250616 0.0337455 0.0691378 0.831287
0 0.659726 0.273519 0.0337636 0.0694238 0.79989
0 0.364911 0.89233 0.0304952 0.0822919 0.785501
0 0.222818 0.828442 0.0314756 0.074288 0.776597
0 0.571655 0.739835 0.0328637 0.077981 0.663154
0 0.510095 0.654549 0.0358001 0.086644 0.479399
0 0.666939 0.760144 0.0327677 0.0697553 0.805882
0 0.283195 0.886654 0.0350117 0.0751309 0.737675
0 0.512753 0.810503 0.0360096 0.075707 0.730789
0 0.2515 0.247455 0.0310696 0.0624906 0.68888
0 0.442346 0.164743 0.0351422 0.0691757 0.680209
0 0.222653 0.824533 0.029363 0.0647905 0.596101
0 0.659292 0.269558 0.0317504 0.0626407 0.581828
0 0.435804 0.298462 0.0357695 0.0720063 0.580669
0 0.365039 0.892423 0.0292405 0.0743588 0.542805
0 0.570854 0.733869 0.0310889 0.0675012 0.469269
0 0.509803 0.638132 0.0361338 0.103562 0.227542
0 0.666295 0.764181 0.0343946 0.0778748 0.737936
0 0.660479 0.272324 0.0330653 0.0696824 0.69024
0 0.251655 0.248339 0.0315259 0.0666107 0.677105
0 0.512528 0.812229 0.0381064 0.0821742 0.635139
0 0.570991 0.735995 0.030611 0.0705796 0.594289
0 0.283078 0.884222 0.0381362 0.08821 0.567107
0 0.223409 0.826536 0.0284209 0.0694041 0.533049
0 0.440265 0.166831 0.0381786 0.0760016 0.531981
0 0.436602 0.299185 0.0354325 0.0740183 0.514972
0 0.508737 0.646005 0.0361814 0.095429 0.406403
0 0.390899 0.731477 0.0671979 0.153149 0.345742
0 0.365116 0.889421 0.0319673 0.0875821 0.316599
0 0.300016 0.736771 0.033135 0.0492375 0.197613
0 0.659984 0.272859 0.0300534 0.0672092 0.793446
0 0.666647 0.765005 0.0320774 0.0717607 0.784207
0 0.514755 0.812827 0.0346444 0.0784454 0.764757
0 0.252018 0.250486 0.0293751 0.0623685 0.695079
0 0.282253 0.888387 0.035544 0.0802123 0.6498
0 0.436746 0.300316 0.0325741 0.070595 0.632115
0 0.442559 0.166212 0.0353457 0.0746065 0.566709
0 0.571166 0.736727 0.029278 0.0666717 0.566233
0 0.223492 0.827196 0.0264526 0.0684824 0.521254
0 0.509435 0.645137 0.0368614 0.104468 0.438381
0 0.364565 0.892139 0.0293694 0.0820476 0.332409
0 0.39085 0.731626 0.0663202 0.153264 0.11371
0 0.669872 0.770927 0.0316867 0.0732992 0.996686
0 0.437082 0.300315 0.0370767 0.0776058 0.944442
0 0.366597 0.891085 0.0252831 0.0687446 0.927387
0 0.445214 0.168131 0.0315262 0.0745004 0.921559
0 0.286859 0.885602 0.0345199 0.0725208 0.919605
0 0.224888 0.826511 0.0293863 0.0680862 0.80384
0 0.572032 0.742729 0.030065 0.0783224 0.7731
0 0.251437 0.248727 0.0323503 0.0696106 0.739939
0 0.508983 0.822064 0.0380599 0.0702154 0.606638
0 0.6617 0.277469 0.0331498 0.0747071 0.592041
0 0.376028 0.900914 0.0467512 0.076827 0.544953
0 0.386493 0.907629 0.0246892 0.0734378 0.368298
0 0.391825 0.730713 0.0731117 0.14565 0.21462
0 0.508302 0.635557 0.0362869 0.128031 0.20695
0 0.667242 0.769264 0.0342931 0.0718006 0.856333
0 0.224722 0.82516 0.0311609 0.0692227 0.72814
0 0.284735 0.885501 0.0401734 0.0739123 0.686135
0 0.506036 0.81015 0.0501369 0.0914474 0.664597
0 0.440621 0.163535 0.0395243 0.0830864 0.657858
0 0.364557 0.889292 0.0297052 0.078 0.630884
0 0.250722 0.252001 0.0332482 0.0594891 0.630461
0 0.436031 0.299609 0.0393203 0.0762422 0.592288
0 0.660918 0.274801 0.0346062 0.0737686 0.578071
0 0.508404 0.632039 0.0394811 0.132291 0.235756
0 0.391776 0.727066 0.0718526 0.150485 0.180585
0 0.373549 0.889487 0.0512893 0.106831 0.118855
0 0.667013 0.770331 0.0289001 0.070497 0.434373
0 0.251631 0.253141 0.0325442 0.0566405 0.360328
0 0.505775 0.814396 0.0514556 0.0863993 0.334994
0 0.435488 0.302583 0.0401021 0.0792344 0.327443
0 0.365476 0.889132 0.0256253 0.0713622 0.302179
0 0.286597 0.887862 0.0404824 0.068104 0.294705
0 0.442888 0.169011 0.0373185 0.0745805 0.207642
0 0.225374 0.827961 0.0319056 0.0639647 0.17696
0 0.661068 0.273051 0.03478 0.0689085 0.108361
0 0.506171 0.811644 0.0517195 0.0960436 0.861547
0 0.666407 0.762325 0.0323583 0.0679442 0.770622
0 0.283921 0.878354 0.0424115 0.0903926 0.738825
0 0.660137 0.277325 0.0343642 0.0773544 0.662273
0 0.364322 0.891323 0.0285456 0.0723447 0.660013
0 0.434902 0.30008 0.0407046 0.0788432 0.636144
0 0.250964 0.2506 0.0341098 0.0704735 0.609501
0 0.440531 0.165139 0.0385282 0.0817747 0.604879
0 0.225483 0.82821 0.033022 0.0732062 0.453104
0 0.509182 0.633678 0.0400686 0.130634 0.237002
0 0.391964 0.726255 0.073779 0.150918 0.221373
0 0.571703 0.743251 0.0316575 0.0855047 0.208573
0 0.384334 0.899675 0.0296883 0.0910298 0.172019
0 0.37508 0.885738 0.0540932 0.11711 0.164562
0 0.506904 0.811337 0.0497792 0.0815115 0.693358
0 0.667212 0.762627 0.0297707 0.056376 0.58386
0 0.364074 0.892134 0.0286018 0.0583467 0.526602
0 0.251265 0.249744 0.0330698 0.064057 0.507105
0 0.284107 0.888183 0.0322626 0.0676993 0.465465
0 0.65945 0.272277 0.0320326 0.0641789 0.437391
0 0.442722 0.165208 0.0320076 0.067682 0.397312
0 0.225675 0.82393 0.0322721 0.0654811 0.387646
0 0.51065 0.637457 0.0365348 0.105915 0.353028
0 0.436577 0.302356 0.0369861 0.0741619 0.299993
0 0.393892 0.72288 0.0754627 0.143382 0.216679
0 0.571189 0.737653 0.0292964 0.0654084 0.131679
0 0.507519 0.814542 0.0515992 0.0873541 0.906567
0 0.667135 0.767802 0.0379248 0.0699086 0.805453
0 0.283755 0.888553 0.0364933 0.0698673 0.785244
0 0.435717 0.303596 0.0405271 0.0783693 0.76598
0 0.251286 0.25016 0.0342859 0.0691942 0.751523
0 0.659779 0.27477 0.0340505 0.0699386 0.723211
0 0.442768 0.169381 0.0381922 0.0777021 0.712033
0 0.225513 0.828207 0.0342398 0.0733694 0.675383
0 0.36434 0.893698 0.0302108 0.0635202 0.646724
0 0.509682 0.6484 0.0409335 0.100101 0.571407
0 0.571462 0.739665 0.0314403 0.0705312 0.306736
0 0.394867 0.726955 0.0770257 0.150823 0.303288
0 0.37516 0.900223 0.0514016 0.0810635 0.303022
0 0.385683 0.907376 0.0275089 0.0739767 0.268671
0 0.305483 0.739547 0.0649396 0.143205 0.189133
0 0.510801 0.812976 0.0398158 0.0855646 0.647252
0 0.44307 0.167104 0.0345404 0.0764232 0.599064
0 0.283474 0.885723 0.0351574 0.0752231 0.598207
0 0.667034 0.763535 0.0318059 0.0699688 0.559922
0 0.250857 0.246706 0.0342098 0.0696154 0.515589
0 0.65944 0.270791 0.0340702 0.0667451 0.500321
0 0.225209 0.82535 0.0342082 0.0695662 0.498947
0 0.43575 0.299814 0.0394109 0.0784963 0.491254
0 0.509722 0.64237 0.0378919 0.106526 0.489306
0 0.364663 0.891885 0.0300647 0.0712951 0.452564
0 0.570255 0.736029 0.029999 0.0680247 0.235116
0 0.389033 0.909862 0.0189073 0.059577 0.110996
0 0.28483 0.88721 0.0403794 0.074548 0.907691
0 0.510664 0.813293 0.0410667 0.0818239 0.866781
0 0.66777 0.763847 0.0350549 0.0698834 0.827628
0 0.442212 0.168591 0.0400907 0.0772839 0.809745
0 0.660611 0.271916 0.0372634 0.0676295 0.8027
0 0.435519 0.300358 0.0403872 0.0766609 0.767365
0 0.225575 0.827918 0.0365405 0.0668635 0.757374
0 0.51042 0.644455 0.0404425 0.103797 0.752357
0 0.251873 0.247559 0.0341124 0.0709254 0.751967
0 0.365055 0.893039 0.0324752 0.0755047 0.693159
0 0.571057 0.737904 0.0330818 0.0705836 0.524054
0 0.379394 0.900288 0.0417978 0.0832256 0.104968
0 0.283246 0.888161 0.0366875 0.0727179 0.915102
0 0.511334 0.81218 0.0394549 0.0796134 0.89821
0 0.44198 0.170476 0.0365891 0.0786801 0.864452
0 0.435376 0.302041 0.0393301 0.0775914 0.856195
0 0.659538 0.27138 0.0337251 0.0658582 0.839662
0 0.252375 0.249274 0.0320704 0.0690285 0.825235
0 0.225713 0.827918 0.0337337 0.0717267 0.817098
0 0.666966 0.76525 0.033556 0.0674034 0.784484
0 0.509514 0.64062 0.0398006 0.111209 0.753116
0 0.36531 0.893407 0.0296547 0.0643521 0.733407
0 0.570714 0.737316 0.0323192 0.0710075 0.57907
0 0.372709 0.898019 0.0470276 0.0819775 0.12352
0 0.281982 0.887646 0.0326283 0.0751978 0.837436
0 0.513656 0.811207 0.0345188 0.086171 0.800453
0 0.43584 0.302267 0.0353624 0.0777806 0.788533
0 0.441695 0.169864 0.0321716 0.077639 0.743246
0 0.666537 0.764772 0.0306062 0.0647313 0.722214
0 0.252925 0.249119 0.0302856 0.0715081 0.715811
0 0.657504 0.271703 0.0277042 0.0660851 0.710124
0 0.224992 0.827363 0.0301787 0.0728644 0.699884
0 0.509128 0.643822 0.0375157 0.108855 0.623278
0 0.364908 0.892182 0.0297674 0.0677408 0.546894
0 0.57062 0.736336 0.0299255 0.0676899 0.412147
0 0.513784 0.812412 0.0359695 0.0819711 0.896157
0 0.435812 0.300908 0.0374702 0.0765488 0.88268
0 0.25164 0.248035 0.0331703 0.0715791 0.848892
0 0.282845 0.8882 0.0344787 0.0748491 0.833775
0 0.442122 0.170011 0.0352044 0.0752377 0.809532
0 0.658123 0.272711 0.0310519 0.0666415 0.809335
0 0.666675 0.767073 0.0348834 0.0760085 0.805942
0 0.224747 0.82769 0.0333377 0.071621 0.799535
0 0.509661 0.644717 0.0383985 0.100827 0.761998
0 0.570458 0.735727 0.0314829 0.0674546 0.648125
0 0.364458 0.890928 0.0317917 0.0743254 0.534238
0 0.250778 0.247185 0.0352165 0.0731365 0.657671
0 0.666557 0.76626 0.0334976 0.0759084 0.657265
0 0.512844 0.812941 0.0364282 0.077201 0.626627
0 0.435809 0.300589 0.038608 0.0769474 0.604165
0 0.224764 0.827368 0.0362966 0.0725942 0.580346
0 0.284157 0.887872 0.0390718 0.0743343 0.542042
0 0.6583 0.27293 0.0326822 0.0680944 0.524596
0 0.44214 0.169617 0.0365338 0.0763094 0.487107
0 0.510616 0.642896 0.0389258 0.104321 0.386495
0 0.57073 0.735721 0.0333956 0.0700822 0.263458
0 0.365065 0.891918 0.0310213 0.0710554 0.183016
0 0.556329 0.743617 0.0636593 0.0892623 0.131995
0 0.252266 0.247479 0.031739 0.0701527 0.919169
0 0.514319 0.811513 0.0330922 0.0788681 0.887403
0 0.666133 0.765202 0.031336 0.07293 0.864093
0 0.436338 0.299876 0.0366023 0.0745258 0.86365
0 0.224635 0.826348 0.0341411 0.0710102 0.828804
0 0.65757 0.273481 0.0310919 0.0688036 0.825011
0 0.443251 0.168982 0.0328781 0.074692 0.797401
0 0.28302 0.887121 0.0342577 0.0739224 0.794498
0 0.510311 0.644561 0.0383963 0.102719 0.440641
0 0.365072 0.88969 0.029889 0.0703058 0.41975
0 0.570611 0.7356 0.0322256 0.0690752 0.145999
0 0.251834 0.247872 0.0316323 0.0652759 0.905229
0 0.514756 0.81112 0.0340046 0.0780755 0.87182
0 0.435921 0.300924 0.0354904 0.0700569 0.866697
0 0.442947 0.168148 0.0338817 0.0707842 0.827191
0 0.665897 0.765798 0.0322534 0.0683481 0.823465
0 0.28181 0.886101 0.0337577 0.0734 0.823296
0 0.223721 0.825462 0.0314058 0.067186 0.820613
0 0.657498 0.27425 0.0304563 0.0680527 0.802993
0 0.509867 0.64718 0.0368142 0.0976333 0.604571
0 0.363992 0.887638 0.0304736 0.0724151 0.489384
0 0.570444 0.736956 0.031698 0.0657404 0.118174
0 0.666613 0.764263 0.0355572 0.0707517 0.889001
0 0.25207 0.246615 0.0330079 0.0674865 0.874844
0 0.515386 0.810192 0.034746 0.0833244 0.871895
0 0.436922 0.300024 0.0364811 0.0727434 0.822859
0 0.224573 0.825728 0.033943 0.0671748 0.81839
0 0.282658 0.887268 0.0337089 0.072659 0.816196
0 0.658243 0.274674 0.0312805 0.0701311 0.814427
0 0.44402 0.167328 0.0340578 0.0722711 0.809304
0 0.51065 0.639405 0.0382744 0.112429 0.654548
0 0.365045 0.887472 0.0313236 0.0784956 0.548961
0 0.57064 0.736179 0.0318897 0.0664078 0.34814
0 0.666091 0.766892 0.0342526 0.0716254 0.840751
0 0.251785 0.24746 0.0321818 0.0679489 0.772427
0 0.515053 0.812452 0.0333249 0.0783849 0.755777
0 0.22436 0.826719 0.0337497 0.0680211 0.733907
0 0.283153 0.888149 0.0331068 0.0732491 0.71634
0 0.443829 0.169796 0.034154 0.0750281 0.696317
0 0.436195 0.301369 0.0362673 0.0731595 0.672075
0 0.658282 0.275688 0.0316489 0.0719117 0.636215
0 0.510539 0.643549 0.0376095 0.105213 0.616896
0 0.365476 0.889777 0.0300271 0.0773913 0.510863
0 0.570825 0.738368 0.0321745 0.070947 0.499153
0 0.532143 0.743691 0.113536 0.0860583 0.189515
0 0.296192 0.73845 0.0232829 0.0411427 0.111979
0 0.66513 0.763972 0.0305037 0.0690949 0.912465
0 0.514834 0.811267 0.0307487 0.0749155 0.875651
0 0.252176 0.246446 0.0305878 0.0683134 0.867452
0 0.282822 0.886942 0.0327175 0.0734395 0.865212
0 0.224775 0.824225 0.0337408 0.067475 0.860579
0 0.444078 0.16716 0.0324122 0.0720611 0.851293
0 0.435957 0.299858 0.0361489 0.0723625 0.826899
0 0.65845 0.272283 0.0320012 0.0675654 0.816447
0 0.365295 0.887533 0.0287804 0.0765055 0.775636
0 0.510279 0.642353 0.0373043 0.102858 0.747051
0 0.570693 0.736133 0.0323941 0.0700144 0.685243
0 0.544389 0.738675 0.0871872 0.0777691 0.196174
0 0.665189 0.764905 0.031472 0.068183 0.899932
0 0.252427 0.247216 0.0311957 0.06602 0.876498
0 0.514867 0.811404 0.0317661 0.0740124 0.873272
0 0.436133 0.30131 0.0370506 0.0717357 0.825359
0 0.282943 0.888118 0.0347564 0.0720491 0.817709
0 0.443515 0.168726 0.0330589 0.0732735 0.81271
0 0.225144 0.826396 0.0335013 0.0670473 0.771001
0 0.510743 0.651194 0.0358856 0.0853917 0.746289
0 0.658031 0.275104 0.0314752 0.0702799 0.717205
0 0.365096 0.889128 0.0300319 0.0715185 0.703412
0 0.570443 0.736715 0.033126 0.0688773 0.677049
0 0.296632 0.738582 0.0193843 0.0381473 0.155207
0 0.251982 0.246959 0.0328774 0.0677982 0.856489
0 0.665236 0.764709 0.034192 0.0703665 0.85236
0 0.51502 0.811139 0.0343019 0.0772524 0.8519
0 0.28279 0.888332 0.0333414 0.0713852 0.832285
0 0.436978 0.301497 0.0366162 0.0731618 0.817829
0 0.444384 0.168111 0.0315299 0.074656 0.792631
0 0.225267 0.825692 0.0348313 0.0704346 0.772816
0 0.510811 0.651463 0.0346832 0.0823558 0.772495
0 0.364741 0.889108 0.0313298 0.0763186 0.731963
0 0.658477 0.274845 0.0318184 0.0704261 0.712655
0 0.57091 0.736187 0.0320297 0.0710416 0.68147
0 0.296639 0.736711 0.0204776 0.038569 0.462612
0 0.665401 0.764282 0.0337734 0.0723697 0.851935
0 0.514791 0.811325 0.0350885 0.0809909 0.84629
0 0.282414 0.887747 0.0349677 0.0743659 0.842235
0 0.444372 0.168561 0.0351375 0.079482 0.827813
0 0.251633 0.24811 0.0336651 0.0709213 0.82563
0 0.224926 0.825436 0.0351627 0.073081 0.804953
0 0.436519 0.301548 0.0376264 0.0757129 0.804833
0 0.658605 0.272758 0.0329577 0.0692647 0.79257
0 0.365312 0.891593 0.0311377 0.0739704 0.574047
0 0.570658 0.736486 0.0329253 0.0702801 0.513324
0 0.511271 0.64982 0.0379198 0.0906958 0.500717
0 0.515338 0.812303 0.0318991 0.0753652 0.808242
0 0.436359 0.302623 0.0363738 0.074267 0.800067
0 0.252355 0.250086 0.0300984 0.0634539 0.776009
0 0.665789 0.763543 0.0295239 0.0674965 0.760229
0 0.282342 0.888742 0.0331793 0.0712136 0.750412
0 0.444531 0.169745 0.0328304 0.0760614 0.745795
0 0.658418 0.272107 0.0315763 0.066271 0.745546
0 0.224302 0.826296 0.0318216 0.0707762 0.725273
0 0.570796 0.735571 0.0312702 0.0681406 0.607306
0 0.510914 0.65461 0.0348673 0.0770946 0.579153
0 0.366079 0.894631 0.0290478 0.0665313 0.428375
0 0.435398 0.302568 0.0381958 0.0772318 0.847364
0 0.514102 0.812547 0.0349227 0.0789525 0.825438
0 0.282259 0.888606 0.0367834 0.0736203 0.80377
0 0.443878 0.170206 0.0344075 0.0774937 0.80294
0 0.509966 0.653245 0.0364804 0.0842319 0.800286
0 0.665701 0.764213 0.0305906 0.0687024 0.798865
0 0.223478 0.827068 0.0333032 0.0736228 0.786206
0 0.251405 0.250213 0.0317412 0.0682316 0.783848
0 0.657513 0.275843 0.0318006 0.0729296 0.77691
0 0.570107 0.735978 0.0327021 0.0709593 0.720404
0 0.365354 0.893487 0.0314979 0.0743002 0.51021
0 0.282382 0.887087 0.0359491 0.0724956 0.774402
0 0.43557 0.301028 0.0363159 0.0743453 0.7565
0 0.513543 0.811245 0.0350051 0.0753178 0.751239
0 0.44358 0.169556 0.0339372 0.0742783 0.748273
0 0.658496 0.274886 0.0322986 0.0690258 0.741056
0 0.224004 0.825845 0.0332431 0.0692359 0.72409
0 0.250802 0.248798 0.0314279 0.0655545 0.686135
0 0.664968 0.761744 0.033126 0.0664145 0.556486
0 0.570628 0.736411 0.0323291 0.070098 0.508823
0 0.510251 0.649862 0.0357396 0.0882304 0.418581
0 0.36492 0.890873 0.0316599 0.0750916 0.371485
0 0.65886 0.275185 0.0318322 0.0696225 0.847293
0 0.444587 0.169353 0.0328695 0.0747915 0.832447
0 0.513913 0.812806 0.0342644 0.0766645 0.828433
0 0.436582 0.301026 0.0358212 0.0737585 0.821901
0 0.28234 0.887065 0.0346039 0.0738683 0.821001
0 0.224574 0.825388 0.0328191 0.0693088 0.802526
0 0.251287 0.248774 0.0310752 0.0686174 0.790315
0 0.665779 0.763757 0.0319416 0.0677779 0.667623
0 0.571063 0.736099 0.0319435 0.0699695 0.529477
0 0.365288 0.891735 0.0318135 0.0765828 0.437665
0 0.510385 0.649965 0.0348965 0.0906959 0.244028
0 0.65833 0.275466 0.0310943 0.0689504 0.853468
0 0.665036 0.763066 0.031222 0.066818 0.853152
0 0.436984 0.301004 0.0349417 0.0734665 0.843815
0 0.570559 0.735318 0.0316787 0.0693266 0.837515
0 0.443818 0.169511 0.0334913 0.0730193 0.836693
0 0.514074 0.812317 0.0350212 0.075696 0.832438
0 0.252073 0.248332 0.0305941 0.0678073 0.828801
0 0.225216 0.825406 0.0328068 0.0676839 0.817282
0 0.282093 0.887984 0.0337558 0.0714872 0.814937
0 0.365396 0.892314 0.0325794 0.0774979 0.724052
0 0.510231 0.650261 0.0351327 0.0903621 0.568909
0 0.658325 0.276139 0.031786 0.0690869 0.778376
0 0.443778 0.170806 0.0334894 0.0715039 0.770986
0 0.437438 0.300956 0.036354 0.0719484 0.763395
0 0.666042 0.762601 0.0319412 0.065041 0.74998
0 0.51386 0.811471 0.0369129 0.0767084 0.742092
0 0.252542 0.247995 0.031675 0.0669606 0.739331
0 0.282451 0.888611 0.0336349 0.0727602 0.722592
0 0.570532 0.73508 0.0318716 0.0660185 0.706087
0 0.225903 0.825538 0.0349993 0.0648655 0.635109
0 0.365977 0.893134 0.033344 0.0787889 0.523328
0 0.510984 0.648464 0.0373805 0.0944024 0.190479
0 0.664827 0.762107 0.0318353 0.064468 0.880604
0 0.658091 0.274154 0.0320156 0.0670704 0.844246
0 0.43663 0.300975 0.0366733 0.0708763 0.84051
0 0.513289 0.81086 0.0358126 0.0742288 0.832825
0 0.443127 0.17019 0.0330236 0.0705143 0.819617
0 0.252038 0.248133 0.0317204 0.0644636 0.816777
0 0.281884 0.887919 0.032622 0.0721521 0.814627
0 0.570037 0.734345 0.0316657 0.0662486 0.781435
0 0.225311 0.825204 0.0354275 0.0653812 0.714219
0 0.365495 0.891619 0.0320058 0.0734146 0.594362
0 0.510702 0.647724 0.0372424 0.0905373 0.302689
0 0.665118 0.762739 0.0324358 0.0664679 0.883554
0 0.659314 0.275577 0.033242 0.0711256 0.812961
0 0.570731 0.734541 0.0323278 0.0675185 0.811309
0 0.282398 0.88791 0.0348853 0.0723476 0.807974
0 0.514481 0.812809 0.0342093 0.074318 0.792602
0 0.444072 0.170467 0.0325978 0.0699788 0.766025
0 0.436897 0.302226 0.0361635 0.0725255 0.762663
0 0.251922 0.250235 0.0315467 0.0638483 0.746717
0 0.225158 0.826801 0.0343647 0.0691649 0.69184
0 0.365891 0.892956 0.0315758 0.0698782 0.658601
0 0.511296 0.64911 0.0370676 0.0941714 0.471715
0 0.281776 0.887008 0.0339223 0.0746907 0.847106
0 0.51379 0.811811 0.0348125 0.0768257 0.84201
0 0.665438 0.762121 0.033443 0.0730518 0.840519
0 0.570429 0.734662 0.0317309 0.0688309 0.830611
0 0.443744 0.169053 0.0315757 0.0720019 0.821676
0 0.658637 0.274329 0.0313476 0.0710117 0.817096
0 0.251249 0.247813 0.0305402 0.0670653 0.783077
0 0.224199 0.82537 0.0329452 0.0730445 0.778013
0 0.435968 0.302324 0.0337582 0.0749192 0.752739
0 0.36446 0.890043 0.0317223 0.0729572 0.741959
0 0.510474 0.646193 0.0354651 0.100217 0.586403
0 0.665992 0.762554 0.0333828 0.0726853 0.813378
0 0.513639 0.811973 0.035348 0.0790268 0.801994
0 0.251291 0.248236 0.0303414 0.0676418 0.800084
0 0.659262 0.273575 0.0311047 0.0682586 0.791336
0 0.445057 0.170508 0.0303577 0.0696079 0.79113
0 0.570835 0.735234 0.0316427 0.0664429 0.79025
0 0.282536 0.887203 0.0332227 0.0747716 0.789578
0 0.435768 0.300735 0.0355435 0.0745027 0.762888
0 0.36447 0.890904 0.0309226 0.0713853 0.725712
0 0.224509 0.825721 0.0329219 0.0726918 0.721026
0 0.510723 0.647834 0.035456 0.0958457 0.20805
0 0.445155 0.171948 0.0313321 0.0705923 0.856475
0 0.666638 0.762927 0.0351635 0.0707955 0.844173
0 0.512622 0.812913 0.038978 0.0811985 0.84163
0 0.659386 0.273841 0.0328485 0.0660315 0.837597
0 0.282607 0.887549 0.0346809 0.0733517 0.830244
0 0.571358 0.736024 0.0314795 0.0636896 0.827421
0 0.25187 0.250106 0.0322033 0.0665723 0.823556
0 0.436538 0.304373 0.0349655 0.0723423 0.819508
0 0.365502 0.890605 0.0313224 0.0735104 0.790765
0 0.2247 0.826878 0.0347976 0.0704897 0.761892
0 0.511019 0.65028 0.0371128 0.0910667 0.435879
0 0.444065 0.170807 0.0321459 0.0725576 0.793878
0 0.511237 0.811676 0.0408559 0.081887 0.780966
0 0.281524 0.886917 0.0333904 0.073663 0.770024
0 0.436146 0.303775 0.0352254 0.0723869 0.758152
0 0.658098 0.272585 0.0315065 0.0641152 0.757409
0 0.665643 0.761985 0.0343175 0.0701444 0.720915
0 0.570538 0.733931 0.0313735 0.0633203 0.709657
0 0.251937 0.247854 0.0320186 0.0678172 0.699395
0 0.364974 0.888462 0.0319222 0.0752977 0.696182
0 0.224247 0.825097 0.0333589 0.0702413 0.639712
0 0.510344 0.648919 0.0379236 0.0932719 0.354298
0 0.444225 0.169425 0.0330117 0.0703988 0.814114
0 0.513516 0.81267 0.0393516 0.0759484 0.810876
0 0.282108 0.887691 0.0338259 0.0697511 0.79401
0 0.658386 0.271256 0.0328444 0.0652913 0.777557
0 0.437511 0.302117 0.0354187 0.0712355 0.764953
0 0.666243 0.760634 0.0344055 0.0696641 0.758675
0 0.252561 0.245379 0.0324315 0.0674766 0.71957
0 0.570112 0.733103 0.0325752 0.0625368 0.673115
0 0.224997 0.824822 0.0334216 0.0666556 0.435744
0 0.365723 0.891192 0.0330946 0.0725716 0.404151
0 0.511346 0.649943 0.0392983 0.0911223 0.169665
0 0.444412 0.170232 0.0325836 0.0727027 0.816887
0 0.282016 0.888112 0.0337084 0.0695366 0.809339
0 0.511985 0.812824 0.0410866 0.0762659 0.799755
0 0.43684 0.30291 0.0341969 0.0724177 0.796938
0 0.658535 0.273702 0.0316899 0.0698624 0.781841
0 0.22477 0.826167 0.0330631 0.0694837 0.750419
0 0.665928 0.761243 0.0341589 0.070408 0.747907
0 0.252385 0.245834 0.0323034 0.0712792 0.746452
0 0.364798 0.891097 0.0322711 0.0722317 0.744038
0 0.570333 0.733681 0.031749 0.0639092 0.719422
0 0.510819 0.650913 0.0377397 0.0889279 0.501032
0 0.445003 0.168533 0.0329263 0.0732556 0.854585
0 0.436858 0.302243 0.0327547 0.0726912 0.851527
0 0.571412 0.735625 0.0310033 0.0690539 0.847099
0 0.659474 0.274138 0.031348 0.0716811 0.82481
0 0.283188 0.885756 0.0351599 0.0741673 0.818908
0 0.224675 0.824467 0.0328577 0.0719026 0.818314
0 0.252286 0.245687 0.0310962 0.07157 0.812083
0 0.513506 0.811328 0.0354038 0.0772461 0.811425
0 0.666174 0.763822 0.0328009 0.0735903 0.78494
0 0.364432 0.89102 0.0321261 0.0775579 0.752579
0 0.510885 0.649945 0.0352771 0.087233 0.723512
0 0.659124 0.274057 0.0317728 0.0702434 0.858116
0 0.224421 0.824636 0.033652 0.0702443 0.843514
0 0.437153 0.302236 0.0336876 0.0710222 0.839901
0 0.252161 0.24713 0.0316272 0.0680809 0.821207
0 0.444969 0.168864 0.0321283 0.0699088 0.817291
0 0.511015 0.811791 0.041637 0.079468 0.815259
0 0.28314 0.886676 0.0357832 0.0716582 0.811616
0 0.665378 0.762762 0.0330709 0.0705917 0.767581
0 0.364467 0.891939 0.0321091 0.0768813 0.461942
0 0.571028 0.736402 0.0317305 0.0690344 0.41123
0 0.436733 0.301949 0.0330166 0.0688033 0.860991
0 0.444162 0.169233 0.031633 0.0660913 0.85684
0 0.252161 0.246496 0.031501 0.0658186 0.841986
0 0.223944 0.824269 0.0323705 0.0669219 0.836713
0 0.658211 0.272279 0.0302705 0.0658353 0.836601
0 0.513131 0.811065 0.0361433 0.0761311 0.821017
0 0.282437 0.886864 0.0337671 0.0694639 0.813035
0 0.66578 0.76031 0.0327032 0.0682503 0.780205
0 0.570772 0.734248 0.0297834 0.0656778 0.777277
0 0.364998 0.890374 0.0306873 0.0737012 0.718665
0 0.510874 0.651298 0.0336556 0.0813279 0.47929
0 0.443961 0.169709 0.0330168 0.0685857 0.815052
0 0.436893 0.303285 0.03429 0.0728296 0.814953
0 0.252189 0.247266 0.0317019 0.0681298 0.799493
0 0.224545 0.825428 0.0338569 0.0710905 0.777571
0 0.658309 0.273711 0.0313975 0.0694919 0.768963
0 0.51286 0.811951 0.0382518 0.0783341 0.754856
0 0.282881 0.887627 0.0349338 0.0720564 0.751367
0 0.66582 0.761762 0.0341223 0.0711041 0.720905
0 0.570484 0.734824 0.0308728 0.0667603 0.712332
0 0.51083 0.651175 0.0351553 0.0851081 0.685973
0 0.36532 0.891571 0.0316526 0.0757902 0.676995
0 0.44427 0.170262 0.0325167 0.0689669 0.863152
0 0.43706 0.303918 0.0334645 0.0722638 0.854912
0 0.512663 0.812716 0.039278 0.0797515 0.853847
0 0.252805 0.246947 0.0316803 0.0706093 0.851633
0 0.283252 0.887289 0.0350884 0.0730048 0.840323
0 0.658815 0.274371 0.0318924 0.0702849 0.839827
0 0.225521 0.8258 0.0344658 0.0727148 0.828633
0 0.666046 0.76195 0.0330939 0.0708272 0.807236
0 0.36559 0.890711 0.030242 0.0726527 0.732092
0 0.511445 0.650221 0.0362445 0.0886217 0.582969
0 0.571715 0.734851 0.0307869 0.0650967 0.30788
0 0.436356 0.304897 0.0345298 0.075857 0.783226
0 0.444041 0.170934 0.0325914 0.0746063 0.772709
0 0.658858 0.275613 0.0321984 0.0722126 0.763451
0 0.251964 0.248157 0.0321044 0.0721814 0.757268
0 0.283051 0.886709 0.035539 0.0773416 0.741554
0 0.512989 0.813343 0.0381511 0.081847 0.733474
0 0.22491 0.826511 0.0339747 0.0759666 0.719571
0 0.665569 0.763685 0.0314592 0.0714312 0.710794
0 0.365335 0.890569 0.030214 0.0752085 0.635975
0 0.511096 0.651346 0.036481 0.0903013 0.568774
0 0.571666 0.736129 0.0309061 0.0663034 0.331192
0 0.444838 0.169208 0.0327397 0.0702825 0.812991
0 0.512525 0.810715 0.0378507 0.0764263 0.805979
0 0.251361 0.245338 0.0328751 0.0693169 0.785313
0 0.436464 0.302298 0.0343451 0.0723531 0.781639
0 0.659777 0.272933 0.0329627 0.0692367 0.780868
0 0.283682 0.885735 0.0367074 0.074502 0.747263
0 0.664913 0.760853 0.0313461 0.0710139 0.737897
0 0.364326 0.889468 0.0308752 0.0726348 0.717733
0 0.511044 0.649338 0.0357988 0.0872792 0.641559
0 0.572108 0.733985 0.0314702 0.066511 0.634972
0 0.225357 0.823586 0.0344251 0.0728713 0.615369
0 0.513012 0.812479 0.0365858 0.0763004 0.824685
0 0.444849 0.171696 0.0337698 0.0680158 0.811959
0 0.250913 0.247882 0.0336631 0.0687207 0.792646
0 0.659642 0.274511 0.032751 0.0692581 0.781126
0 0.436181 0.303922 0.0342847 0.0704198 0.774861
0 0.571166 0.735842 0.031675 0.0663442 0.770181
0 0.283652 0.88773 0.036691 0.0711306 0.743101
0 0.363994 0.891172 0.0311324 0.0710042 0.737708
0 0.665475 0.761993 0.0340095 0.0686903 0.726254
0 0.224976 0.826005 0.034201 0.0711838 0.704174
0 0.510846 0.652112 0.0349619 0.0820897 0.650197
0 0.444162 0.167744 0.0344092 0.0743695 0.833474
0 0.658925 0.274202 0.0339112 0.0719753 0.80865
0 0.511662 0.81083 0.0414182 0.0836418 0.801312
0 0.436372 0.3024 0.0368984 0.0748074 0.783851
0 0.25181 0.245707 0.0334142 0.07086 0.783592
0 0.666149 0.761367 0.033426 0.0703936 0.741062
0 0.570845 0.735486 0.0323331 0.0670792 0.738909
0 0.283417 0.884032 0.038202 0.0802667 0.728092
0 0.364325 0.888198 0.0316451 0.0787853 0.705131
0 0.510902 0.649905 0.036238 0.0881396 0.545412
0 0.225461 0.825244 0.0361735 0.0773564 0.475253
0 0.44433 0.16805 0.0323828 0.0716301 0.847008
0 0.252587 0.246521 0.0319806 0.0692897 0.831272
0 0.658463 0.27372 0.0317304 0.0685564 0.83034
0 0.437266 0.30256 0.0345747 0.072077 0.82039
0 0.282809 0.884105 0.035253 0.0777249 0.781989
0 0.515259 0.813999 0.034679 0.0751069 0.774838
0 0.665765 0.762175 0.0324883 0.0664059 0.72449
0 0.365155 0.889498 0.0296841 0.0756006 0.681113
0 0.570656 0.735877 0.031013 0.0648144 0.676513
0 0.225848 0.825066 0.0334592 0.0717107 0.230423
0 0.510446 0.651091 0.0333305 0.0814286 0.122378
0 0.252345 0.245527 0.0326847 0.0704766 0.825182
0 0.444336 0.166833 0.0346659 0.0727523 0.818902
0 0.658279 0.273976 0.033438 0.0710788 0.805753
0 0.514549 0.813319 0.0361393 0.0779912 0.802151
0 0.282497 0.884269 0.037011 0.0782295 0.768712
0 0.437566 0.30192 0.0359761 0.0737553 0.764026
0 0.665684 0.761267 0.0331534 0.072642 0.752918
0 0.570496 0.735016 0.0324318 0.0685916 0.744189
0 0.365132 0.890673 0.0321395 0.0781781 0.667897
0 0.510386 0.64764 0.0369427 0.0898584 0.572648
0 0.224337 0.825674 0.0326884 0.073979 0.265541
0 0.252147 0.246171 0.0317952 0.0674556 0.789248
0 0.444325 0.168341 0.0324286 0.0700376 0.784557
0 0.570662 0.734055 0.03083 0.0661807 0.778583
0 0.282549 0.885502 0.0344671 0.0745857 0.774319
0 0.658082 0.274326 0.031269 0.0690062 0.772713
0 0.510224 0.647991 0.0350806 0.0875956 0.762799
0 0.514427 0.812089 0.0347272 0.0752585 0.749714
0 0.437621 0.30245 0.0338058 0.0685343 0.746033
0 0.364922 0.890346 0.0307783 0.0730137 0.73421
0 0.665403 0.761037 0.0329723 0.0691745 0.704617
0 0.225137 0.82503 0.034795 0.0699589 0.368917
0 0.445194 0.169055 0.0331513 0.0683116 0.793812
0 0.25239 0.246338 0.0318288 0.0688327 0.783939
0 0.659718 0.274499 0.0342702 0.0710288 0.781053
0 0.283604 0.886497 0.0352562 0.0725478 0.780519
0 0.43824 0.302759 0.0336494 0.0698532 0.770827
0 0.571145 0.734072 0.0313175 0.0676744 0.766657
0 0.515008 0.812247 0.0353007 0.0771072 0.753016
0 0.365359 0.89048 0.0301223 0.0706461 0.698438
0 0.665994 0.760963 0.0336226 0.0709551 0.680461
0 0.510744 0.64846 0.0357769 0.0884248 0.667993
0 0.225757 0.82604 0.0348065 0.0700636 0.142931
0 0.658618 0.275126 0.0318194 0.0697082 0.791107
0 0.25235 0.24718 0.0311827 0.0668536 0.7862
0 0.437955 0.303711 0.0330601 0.07052 0.783491
0 0.282761 0.886734 0.0349957 0.071195 0.780114
0 0.44436 0.170283 0.032263 0.0684358 0.771446
0 0.51475 0.813849 0.034403 0.0768088 0.744129
0 0.570675 0.734857 0.0304683 0.0668987 0.687353
0 0.364878 0.890353 0.0296679 0.0687143 0.67633
0 0.665471 0.761121 0.0321809 0.0694403 0.632865
0 0.510322 0.649586 0.0351476 0.0875712 0.585181
0 0.225565 0.826294 0.0330405 0.0671834 0.221255
0 0.443947 0.168514 0.0331708 0.0687666 0.860267
0 0.658825 0.273809 0.031951 0.0686752 0.835079
0 0.438238 0.302887 0.0341221 0.0696017 0.834959
0 0.252585 0.247165 0.0313923 0.0677774 0.816065
0 0.570486 0.734411 0.0310646 0.0664607 0.815958
0 0.282845 0.885662 0.0361503 0.0736186 0.808821
0 0.515221 0.813408 0.034811 0.0741598 0.807051
0 0.51028 0.649241 0.0357797 0.0851249 0.805445
0 0.365443 0.890772 0.0319654 0.0743663 0.773105
0 0.66623 0.761922 0.0321901 0.0687989 0.764493
0 0.225932 0.825283 0.0336887 0.06929 0.66057
0 0.443474 0.169037 0.0344164 0.0693483 0.834325
0 0.437937 0.303242 0.0352106 0.0705265 0.818315
0 0.514042 0.813324 0.0364662 0.0774311 0.80849
0 0.658302 0.274496 0.032645 0.0698473 0.800481
0 0.252268 0.247987 0.0318139 0.06812 0.789687
0 0.665838 0.762339 0.0322935 0.0705006 0.785259
0 0.282653 0.886074 0.0367081 0.0738918 0.782103
0 0.570158 0.733819 0.0319309 0.0662466 0.775347
0 0.365341 0.889899 0.0323035 0.074251 0.727693
0 0.510142 0.650406 0.0369794 0.085861 0.657746
0 0.225644 0.825881 0.0350253 0.0699981 0.529624
0 0.514061 0.812864 0.0361924 0.0764813 0.859167
0 0.658552 0.273933 0.0326099 0.0678556 0.843522
0 0.444145 0.169811 0.0346363 0.0681937 0.843382
0 0.252286 0.24705 0.0321666 0.0679212 0.840417
0 0.438519 0.302407 0.0344119 0.0691101 0.835939
0 0.665605 0.760708 0.0318927 0.0690606 0.774736
0 0.284429 0.887734 0.0378298 0.0713225 0.730672
0 0.570915 0.734508 0.0317643 0.0657635 0.710331
0 0.365809 0.892093 0.0321501 0.0721632 0.424609
0 0.511092 0.650795 0.037026 0.0837859 0.321765
0 0.443234 0.168605 0.0371257 0.0727661 0.806338
0 0.514002 0.813342 0.0366761 0.076884 0.801196
0 0.658851 0.273661 0.0333237 0.0707136 0.789737
0 0.250825 0.246661 0.0343728 0.0718846 0.778749
0 0.665706 0.761516 0.0312285 0.0710126 0.745932
0 0.437882 0.30234 0.0359056 0.0734468 0.731319
0 0.570834 0.734785 0.0320966 0.0678852 0.729184
0 0.284191 0.88752 0.0393689 0.0741652 0.689957
0 0.510722 0.649559 0.0377012 0.088668 0.596304
0 0.365254 0.890266 0.0339328 0.0793148 0.488299
0 0.225996 0.826337 0.0365625 0.0732541 0.196697
0 0.442759 0.167104 0.0353719 0.0714412 0.86513
0 0.658086 0.272127 0.0309038 0.0676498 0.849707
0 0.43777 0.301562 0.0359536 0.0725003 0.848903
0 0.570508 0.734369 0.0306947 0.0653981 0.838092
0 0.282874 0.885621 0.0363609 0.0742764 0.834796
0 0.251301 0.245723 0.0341385 0.0718517 0.831678
0 0.513259 0.813737 0.0378393 0.0771494 0.810447
0 0.510191 0.649455 0.0359265 0.0856139 0.791375
0 0.364951 0.889641 0.0334403 0.0764298 0.776139
0 0.664918 0.760533 0.0329843 0.0651962 0.761401
0 0.225754 0.824528 0.0347896 0.0713574 0.635035
0 0.443366 0.168188 0.0350834 0.0728458 0.855286
0 0.57083 0.735446 0.0315967 0.0669304 0.840159
0 0.658849 0.272979 0.0322379 0.0683043 0.828759
0 0.283615 0.886722 0.0364057 0.0739811 0.818631
0 0.437993 0.301933 0.036379 0.0727029 0.798526
0 0.51059 0.649791 0.0367523 0.0851767 0.793113
0 0.25173 0.246215 0.0340185 0.0717173 0.783427
0 0.513446 0.815047 0.0375053 0.0745044 0.780945
0 0.365625 0.890539 0.0335343 0.0769501 0.754017
0 0.665587 0.763076 0.0311089 0.06979 0.717723
0 0.225643 0.824792 0.0347235 0.0710184 0.707855
0 0.658589 0.272593 0.0315499 0.0665106 0.836375
0 0.44293 0.168877 0.0352794 0.0733814 0.834134
0 0.570912 0.7347 0.0318348 0.0658157 0.832027
0 0.251936 0.246477 0.032686 0.0709277 0.825947
0 0.283458 0.887868 0.0353591 0.072478 0.819851
0 0.437188 0.302066 0.0372071 0.0745857 0.811848
0 0.512297 0.813248 0.0382653 0.0750379 0.798435
0 0.365429 0.889791 0.0311515 0.0729328 0.785799
0 0.665149 0.762175 0.0318054 0.0673685 0.782572
0 0.224989 0.825104 0.0341556 0.0696913 0.769317
0 0.510251 0.648507 0.0360512 0.0852742 0.747803
0 0.65852 0.272848 0.0312135 0.065056 0.816142
0 0.443776 0.168997 0.034803 0.0742358 0.813519
0 0.570997 0.734057 0.0315291 0.0634914 0.812405
0 0.252174 0.246404 0.0324643 0.0692036 0.803328
0 0.28349 0.888362 0.0353408 0.0720779 0.786785
0 0.437366 0.302711 0.036387 0.0748405 0.779103
0 0.513671 0.812589 0.0355735 0.0714596 0.774952
0 0.365557 0.889445 0.0308054 0.0712196 0.77012
0 0.665993 0.76145 0.0318949 0.0644989 0.746334
0 0.225484 0.825727 0.0340082 0.0683813 0.714193
0 0.510232 0.646642 0.0345433 0.0866463 0.616919
0 0.553916 0.736392 0.0688139 0.0706965 0.131818
0 0.44336 0.170914 0.0358409 0.0804929 0.854712
0 0.658565 0.277241 0.0325848 0.0749559 0.829001
0 0.251605 0.249722 0.0347309 0.0772379 0.824684
0 0.570742 0.735623 0.0317844 0.0675745 0.818919
0 0.283119 0.887632 0.0371134 0.076975 0.814055
0 0.436961 0.30473 0.0378688 0.082491 0.807101
0 0.514238 0.814775 0.036189 0.074637 0.805077
0 0.225705 0.828737 0.0354807 0.0766552 0.787637
0 0.510162 0.64536 0.0370236 0.0944012 0.756489
0 0.365549 0.889388 0.0335379 0.07692 0.752425
0 0.665771 0.764828 0.0357705 0.0701585 0.749861
0 0.444108 0.168145 0.0332076 0.0727515 0.847795
0 0.570934 0.734904 0.0309173 0.0650367 0.817061
0 0.437467 0.302472 0.0361504 0.0739649 0.810675
0 0.251896 0.247076 0.0330997 0.0690885 0.804546
0 0.283074 0.886964 0.0353435 0.0749412 0.802811
0 0.658557 0.274574 0.0312496 0.0680387 0.798643
0 0.51467 0.813553 0.0348458 0.0731132 0.789691
0 0.365343 0.890019 0.0317353 0.0729859 0.745509
0 0.665506 0.763013 0.0340314 0.0669959 0.742502
0 0.225545 0.826035 0.033681 0.0696294 0.710595
0 0.511227 0.646998 0.0358603 0.0840119 0.321524
0 0.514199 0.813639 0.0349406 0.0788786 0.864364
0 0.443565 0.168483 0.0352316 0.0727651 0.857628
0 0.658805 0.274965 0.0323759 0.0698311 0.840474
0 0.251362 0.247793 0.0337994 0.0705086 0.839761
0 0.437008 0.30298 0.0364138 0.0739825 0.838217
0 0.570927 0.735903 0.0316129 0.0662266 0.811009
0 0.283313 0.888467 0.0369545 0.0746846 0.807095
0 0.664893 0.764194 0.03418 0.0716825 0.805809
0 0.36478 0.893204 0.0318018 0.0732359 0.77134
0 0.225301 0.825986 0.0343308 0.069009 0.753812
0 0.511073 0.649883 0.0353671 0.0816784 0.400916
0 0.443614 0.168425 0.0349351 0.0706493 0.828294
0 0.514254 0.81224 0.0349069 0.0803039 0.823387
0 0.658706 0.274243 0.031653 0.068166 0.806985
0 0.436969 0.30274 0.0360384 0.0726164 0.804128
0 0.251409 0.247766 0.0335525 0.0705644 0.803225
0 0.570879 0.735397 0.0315832 0.0657363 0.775753
0 0.66485 0.763459 0.0338389 0.0720071 0.77482
0 0.283337 0.887632 0.0359505 0.0736586 0.774374
0 0.364667 0.891608 0.0311665 0.0731979 0.752092
0 0.224999 0.825542 0.0336076 0.0679093 0.718316
0 0.510688 0.650231 0.0336955 0.0805145 0.328165
0 0.443116 0.169898 0.0359915 0.0720597 0.843918
0 0.436442 0.303042 0.037203 0.0742992 0.830286
0 0.251633 0.247943 0.033091 0.0700818 0.825081
0 0.513213 0.811655 0.0374524 0.0771421 0.821914
0 0.658555 0.274316 0.0331076 0.0697605 0.820238
0 0.282959 0.887717 0.0347987 0.0719448 0.805638
0 0.570475 0.7349 0.0318419 0.0654862 0.797907
0 0.364548 0.890518 0.0307952 0.0714569 0.792271
0 0.665597 0.762189 0.0339521 0.0680561 0.776926
0 0.224859 0.826038 0.033967 0.0700545 0.739315
0 0.509824 0.648992 0.0351346 0.0855613 0.471741
0 0.443812 0.169129 0.0356759 0.0731634 0.822984
0 0.436429 0.303046 0.0383324 0.0746923 0.801304
0 0.658754 0.27518 0.0341451 0.0728642 0.79003
0 0.252183 0.247797 0.0329449 0.07144 0.78514
0 0.512857 0.813427 0.0399378 0.0769185 0.784711
0 0.283189 0.888159 0.0352727 0.072765 0.777469
0 0.570577 0.735124 0.0320729 0.0660886 0.764755
0 0.364922 0.891996 0.0308057 0.0717037 0.7567
0 0.225216 0.826595 0.0359851 0.0738409 0.750173
0 0.665353 0.763375 0.031473 0.0696251 0.724258
0 0.51015 0.648678 0.0367156 0.0895016 0.67302
0 0.443065 0.169072 0.0362065 0.0743475 0.854009
0 0.436631 0.302551 0.0368326 0.076821 0.837903
0 0.251999 0.245697 0.0319177 0.071249 0.830193
0 0.513794 0.812149 0.0346147 0.0769662 0.816594
0 0.658849 0.271761 0.0333062 0.0687018 0.815825
0 0.282349 0.885884 0.0342265 0.0739863 0.800293
0 0.510615 0.647279 0.0356401 0.0909453 0.799979
0 0.571144 0.733178 0.0317165 0.0649021 0.796431
0 0.364942 0.890204 0.0299538 0.0729083 0.789464
0 0.225186 0.824603 0.0334463 0.0713075 0.77889
0 0.66498 0.762182 0.0309197 0.0704221 0.776012
0 0.513826 0.813711 0.0346451 0.0762078 0.841982
0 0.443235 0.169512 0.0359495 0.0715674 0.839338
0 0.437122 0.303487 0.0354501 0.0741918 0.835209
0 0.251884 0.246644 0.0321539 0.0693615 0.82983
0 0.659158 0.272497 0.0327368 0.0666547 0.81956
0 0.571203 0.733887 0.0316438 0.0649461 0.802944
0 0.665033 0.763143 0.0317986 0.0707473 0.798346
0 0.364725 0.890419 0.030032 0.0716155 0.791016
0 0.282092 0.886382 0.0346091 0.0713631 0.786486
0 0.224807 0.825257 0.0328304 0.0686402 0.779236
0 0.510878 0.651988 0.03453 0.0813754 0.623488
0 0.513458 0.81151 0.0369644 0.0795202 0.889705
0 0.443587 0.168627 0.0346059 0.0727575 0.872634
0 0.436851 0.303351 0.0360168 0.0735154 0.865082
0 0.665404 0.763729 0.0334741 0.0746157 0.864775
0 0.251468 0.247545 0.0336026 0.0715802 0.860215
0 0.658861 0.274073 0.0323662 0.0698622 0.844972
0 0.570978 0.734007 0.0322117 0.0655029 0.839106
0 0.364315 0.889051 0.0315302 0.0724195 0.834648
0 0.28241 0.886258 0.0353751 0.0713864 0.820268
0 0.224626 0.825122 0.0331625 0.0683809 0.807245
0 0.511173 0.651502 0.0354829 0.0809918 0.251856
0 0.514183 0.811619 0.0356114 0.0789865 0.864636
0 0.437437 0.304092 0.0345598 0.0726036 0.847259
0 0.444138 0.170338 0.032303 0.0710978 0.83882
0 0.665548 0.76463 0.0321516 0.0722008 0.832871
0 0.252387 0.248788 0.0316482 0.0686441 0.830304
0 0.570971 0.734799 0.0315632 0.0648865 0.814927
0 0.658827 0.274464 0.0306144 0.0685034 0.809582
0 0.364646 0.889283 0.0302603 0.0722297 0.807551
0 0.224343 0.826586 0.0317606 0.068667 0.80116
0 0.28262 0.887729 0.033071 0.069564 0.789594
0 0.510827 0.655361 0.0343063 0.0770038 0.547404
0 0.437572 0.30273 0.03561 0.0727087 0.841257
0 0.252073 0.246823 0.0331976 0.0682693 0.825827
0 0.513851 0.810904 0.0380092 0.0768092 0.82572
0 0.36436 0.888405 0.03167 0.0728817 0.824219
0 0.443844 0.168677 0.0341711 0.070752 0.823965
0 0.570938 0.73364 0.032281 0.0648051 0.799094
0 0.665379 0.762914 0.0325245 0.0687833 0.78605
0 0.658903 0.272615 0.0322261 0.0666711 0.78466
0 0.282243 0.886154 0.034971 0.0711881 0.782031
0 0.224676 0.824675 0.0338412 0.067675 0.767746
0 0.509606 0.646715 0.0354955 0.0812129 0.281118
0 0.437668 0.302971 0.0350894 0.0742978 0.869722
0 0.513956 0.812138 0.0375962 0.0772784 0.845861
0 0.252082 0.247199 0.0329323 0.0698622 0.845777
0 0.444286 0.169504 0.033579 0.0727193 0.843353
0 0.364321 0.889096 0.0316382 0.0752923 0.837561
0 0.571191 0.734694 0.0322813 0.0667321 0.823672
0 0.659059 0.273185 0.0323222 0.0676813 0.811641
0 0.224851 0.824994 0.033672 0.0689568 0.802889
0 0.282737 0.887208 0.0347837 0.0738593 0.80253
0 0.665195 0.763434 0.032605 0.0692623 0.795428
0 0.510941 0.649908 0.0347827 0.075422 0.288873
0 0.436656 0.301929 0.0354518 0.0734066 0.819192
0 0.251524 0.247022 0.0331413 0.0690967 0.816625
0 0.512999 0.812736 0.038826 0.0786593 0.808555
0 0.363786 0.889774 0.0322744 0.075443 0.79871
0 0.44375 0.168686 0.0341617 0.0724061 0.791501
0 0.658519 0.273738 0.0324124 0.0696359 0.789619
0 0.570798 0.734753 0.0324944 0.068711 0.785565
0 0.223937 0.82454 0.0333656 0.069712 0.768821
0 0.282173 0.887464 0.0352108 0.0748475 0.767131
0 0.664524 0.763482 0.0322726 0.0715583 0.730439
0 0.511118 0.651759 0.0348672 0.0736424 0.333452
0 0.436758 0.302669 0.0348624 0.0738655 0.882613
0 0.444405 0.169422 0.033918 0.0727007 0.879205
0 0.364463 0.890036 0.0316091 0.0732924 0.878467
0 0.658838 0.274315 0.0325114 0.0705172 0.875839
0 0.251901 0.247372 0.0325312 0.0673424 0.871296
0 0.283039 0.887397 0.0338227 0.0730612 0.865984
0 0.513558 0.812736 0.037849 0.0745652 0.862795
0 0.571037 0.734475 0.0323268 0.0682837 0.862779
0 0.224288 0.824533 0.0331208 0.0675402 0.833743
0 0.665182 0.763649 0.0327138 0.0711039 0.794739
0 0.511534 0.651856 0.0354635 0.076613 0.379601
0 0.436836 0.30277 0.0346269 0.0737851 0.880519
0 0.443996 0.169221 0.0338193 0.0722441 0.87326
0 0.364438 0.890229 0.0322385 0.0754273 0.86626
0 0.252032 0.248355 0.0326777 0.0690555 0.859949
0 0.658938 0.274688 0.0314827 0.070482 0.857825
0 0.282396 0.886703 0.0345874 0.0732397 0.851873
0 0.513249 0.813746 0.0377655 0.0787891 0.851458
0 0.571126 0.735766 0.0320107 0.0706986 0.847961
0 0.224419 0.82556 0.033322 0.0683786 0.820628
0 0.664861 0.764349 0.0325881 0.0717679 0.798721
0 0.511771 0.651481 0.0347925 0.0784553 0.381223
0 0.437101 0.302274 0.0354254 0.0731116 0.871482
0 0.364348 0.89024 0.0322738 0.075085 0.860666
0 0.571017 0.736254 0.0322419 0.0704578 0.86058
0 0.443926 0.169384 0.0341676 0.0719303 0.859936
0 0.252059 0.247689 0.0329342 0.0688105 0.853673
0 0.65901 0.274235 0.032163 0.0697038 0.850602
0 0.282293 0.886565 0.0346498 0.0724255 0.843817
0 0.513243 0.813688 0.0380077 0.0775973 0.835079
0 0.224942 0.825464 0.0344494 0.0693119 0.82261
0 0.66493 0.764132 0.032718 0.0709909 0.807029
0 0.511107 0.652308 0.0354466 0.0798545 0.357677
0 0.570757 0.734498 0.031645 0.0656677 0.82877
0 0.437154 0.302367 0.0344889 0.0703617 0.82264
0 0.444274 0.169779 0.0328094 0.0701362 0.821402
0 0.364624 0.890252 0.031527 0.0749675 0.82091
0 0.252339 0.247979 0.0323472 0.0690887 0.815331
0 0.658466 0.273337 0.0313966 0.0671292 0.808239
0 0.513923 0.812265 0.0361719 0.0745782 0.805829
0 0.282109 0.887603 0.0339185 0.0717847 0.801501
0 0.225098 0.825345 0.0344092 0.0681118 0.795828
0 0.6655 0.762838 0.0309283 0.0670368 0.751344
0 0.511629 0.649815 0.0340093 0.0751182 0.292038
0 0.513027 0.812852 0.0379638 0.0784241 0.83401
0 0.437117 0.30293 0.0356426 0.0740705 0.833253
0 0.444045 0.169897 0.0341848 0.0758729 0.826025
0 0.364587 0.889722 0.0322911 0.0773133 0.823352
0 0.251457 0.24762 0.0338678 0.0728996 0.815068
0 0.570771 0.734046 0.0323428 0.0678782 0.813577
0 0.282086 0.886961 0.0348235 0.0752012 0.813534
0 0.658716 0.274858 0.0327482 0.0723744 0.809067
0 0.664794 0.762157 0.0322317 0.069426 0.783515
0 0.225282 0.825892 0.0357284 0.0734203 0.779462
0 0.511407 0.647727 0.0353021 0.0812743 0.275773
0 0.437471 0.304233 0.0333639 0.0716811 0.824279
0 0.513794 0.812657 0.0353133 0.072971 0.820735
0 0.251887 0.248194 0.0321974 0.0695919 0.810482
0 0.444497 0.17134 0.0329447 0.0730091 0.808973
0 0.364499 0.88921 0.0310875 0.0732225 0.808246
0 0.658688 0.275468 0.0310997 0.0702352 0.793423
0 0.225311 0.826728 0.0337794 0.070442 0.790459
0 0.282778 0.887492 0.0339878 0.0721237 0.785306
0 0.570894 0.734496 0.031972 0.0660992 0.759211
0 0.664926 0.763505 0.0306621 0.066007 0.751104
0 0.511961 0.6505 0.0311543 0.0730096 0.155729
0 0.437465 0.303488 0.0336328 0.0728527 0.830767
0 0.514016 0.812172 0.0357495 0.0762666 0.827031
0 0.443869 0.170279 0.0348382 0.0746451 0.824499
0 0.225305 0.825764 0.0340708 0.0720006 0.817584
0 0.36439 0.888337 0.0312243 0.0750343 0.81699
0 0.658879 0.275267 0.0315581 0.071336 0.811162
0 0.251684 0.247932 0.0328057 0.072234 0.810715
0 0.282245 0.886013 0.0354052 0.0745286 0.810016
0 0.570675 0.735424 0.0322292 0.0699596 0.807262
0 0.664742 0.763037 0.0314453 0.068463 0.764696
0 0.510725 0.650885 0.0336486 0.078774 0.139205
0 0.443426 0.167783 0.0344623 0.0730321 0.834735
0 0.437066 0.302042 0.0340714 0.0713264 0.830293
0 0.282111 0.8854 0.0352733 0.0743711 0.802133
0 0.514059 0.812955 0.0363502 0.0771025 0.800506
0 0.363914 0.889507 0.032298 0.0763968 0.800041
0 0.224879 0.824394 0.0354428 0.072035 0.785098
0 0.658582 0.274108 0.0319288 0.0704701 0.784405
0 0.251905 0.246851 0.0325837 0.0704241 0.777142
0 0.57048 0.736444 0.0320326 0.0715798 0.770746
0 0.664941 0.763486 0.0319897 0.069602 0.746639
0 0.510709 0.651087 0.0338742 0.0796834 0.179581
0 0.443593 0.167958 0.0337223 0.0720538 0.854286
0 0.437628 0.302327 0.0332192 0.069924 0.85339
0 0.514079 0.814116 0.0357805 0.076625 0.840335
0 0.364529 0.890298 0.0311898 0.0757732 0.836995
0 0.282224 0.885794 0.034209 0.0735164 0.836483
0 0.225113 0.824803 0.0346947 0.0697727 0.827933
0 0.251924 0.247885 0.0321266 0.0687291 0.826891
0 0.570653 0.736677 0.0318934 0.0710382 0.823736
0 0.658778 0.274658 0.0320913 0.0703507 0.82025
0 0.664766 0.763328 0.0306671 0.0671301 0.779146
0 0.510984 0.651251 0.0340765 0.0803505 0.544961
0 0.513742 0.812751 0.0375711 0.0781715 0.854463
0 0.364639 0.889655 0.031849 0.0749992 0.854103
0 0.281989 0.884885 0.0333591 0.0733567 0.849927
0 0.437322 0.302815 0.0345144 0.0705421 0.8498
0 0.224744 0.824963 0.0349194 0.0704905 0.829976
0 0.25163 0.24768 0.0327221 0.0680635 0.82307
0 0.443664 0.168481 0.0323234 0.0721866 0.807805
0 0.665138 0.762108 0.0312613 0.0679152 0.795762
0 0.658303 0.274669 0.0323462 0.0702484 0.790687
0 0.570933 0.735464 0.0327004 0.0690811 0.787275
0 0.510963 0.649325 0.035569 0.081932 0.753288
0 0.513953 0.812979 0.0362819 0.0763972 0.846655
0 0.365028 0.890802 0.0313806 0.073146 0.846344
0 0.437307 0.303717 0.0340647 0.0707418 0.841675
0 0.282 0.885841 0.0330293 0.0716011 0.83616
0 0.224433 0.825979 0.0338166 0.0701024 0.816445
0 0.251695 0.248975 0.0322181 0.0671054 0.813659
0 0.443565 0.169041 0.0326008 0.0727508 0.812544
0 0.658172 0.276584 0.0310624 0.0719302 0.801911
0 0.665451 0.76235 0.031041 0.066317 0.781356
0 0.571035 0.735848 0.0320637 0.0677248 0.779957
0 0.510903 0.650609 0.0340736 0.0788361 0.767896
0 0.44358 0.167917 0.0356002 0.0744729 0.811356
0 0.437066 0.302866 0.0357738 0.0734346 0.80951
0 0.51437 0.814281 0.0375722 0.0796111 0.80394
0 0.282052 0.885487 0.0352068 0.0720646 0.785289
0 0.365148 0.891718 0.0326998 0.0750093 0.782299
0 0.658246 0.276388 0.0315369 0.0738098 0.777066
0 0.665438 0.762849 0.0323711 0.0698426 0.76325
0 0.251402 0.249224 0.0335876 0.0688514 0.754987
0 0.570769 0.735938 0.0317348 0.0704276 0.745111
0 0.224367 0.825446 0.0346146 0.0726176 0.717956
0 0.510267 0.651463 0.0344483 0.0798112 0.645147
0 0.437385 0.301987 0.0347331 0.0723695 0.826612
0 0.51492 0.814251 0.0359148 0.0776204 0.821098
0 0.443405 0.16732 0.0340017 0.0727977 0.820219
0 0.658684 0.275707 0.0317639 0.0731287 0.789517
0 0.282404 0.885303 0.0347316 0.0737188 0.785486
0 0.252016 0.247679 0.0322399 0.0680813 0.778401
0 0.665785 0.762549 0.0313976 0.0681614 0.768048
0 0.365105 0.89227 0.0320188 0.0752837 0.761584
0 0.570905 0.735957 0.031193 0.0697193 0.740049
0 0.224683 0.824129 0.0335091 0.0720179 0.698308
0 0.511241 0.649612 0.0339521 0.0817352 0.624064
0 0.444046 0.167774 0.0344695 0.0754286 0.865742
0 0.437298 0.302572 0.0363407 0.0752092 0.861152
0 0.514625 0.813983 0.0354131 0.0787741 0.847051
0 0.281773 0.885185 0.0360436 0.0766112 0.83936
0 0.570662 0.735652 0.0317491 0.0687763 0.827452
0 0.666081 0.76267 0.0307469 0.0676964 0.824164
0 0.658953 0.276344 0.0331627 0.0752972 0.818264
0 0.2523 0.247214 0.0327536 0.0720832 0.817373
0 0.365159 0.891699 0.031899 0.0790844 0.806874
0 0.510347 0.651028 0.0340944 0.0794332 0.663731
0 0.224369 0.826766 0.0353846 0.0748245 0.646359
0 0.443974 0.168106 0.0350917 0.0735049 0.831855
0 0.281553 0.885562 0.0365654 0.0732079 0.82177
0 0.437157 0.302594 0.0364496 0.0743318 0.816679
0 0.570627 0.734899 0.0315812 0.0657359 0.793636
0 0.252568 0.246989 0.0320206 0.0684363 0.787226
0 0.513867 0.812673 0.035983 0.0776444 0.785707
0 0.65891 0.275331 0.0328391 0.0713452 0.784755
0 0.365159 0.891721 0.0314943 0.0769461 0.777883
0 0.666179 0.762686 0.0302834 0.0659153 0.761385
0 0.510125 0.650799 0.0340333 0.0779647 0.50536
0 0.225008 0.825919 0.0333011 0.0689566 0.305461
0 0.443622 0.170227 0.0344431 0.0737298 0.886861
0 0.281933 0.886595 0.0361327 0.0733521 0.878318
0 0.57097 0.735696 0.0309355 0.0665923 0.870232
0 0.437302 0.303651 0.0353433 0.0752697 0.859787
0 0.659164 0.27695 0.0308284 0.073829 0.847314
0 0.514594 0.813734 0.0346558 0.0773964 0.843312
0 0.365226 0.892256 0.0324166 0.0763209 0.83769
0 0.252586 0.248249 0.0326118 0.0719772 0.834589
0 0.666314 0.763538 0.0312988 0.0680249 0.814342
0 0.51053 0.651909 0.0328275 0.0800301 0.758023
0 0.225569 0.824871 0.0301073 0.0677133 0.625547
0 0.442923 0.16956 0.0372391 0.0774092 0.83834
0 0.437448 0.303041 0.037578 0.0771892 0.834005
0 0.570822 0.73516 0.0311577 0.0677363 0.832399
0 0.514516 0.814411 0.0372803 0.0790705 0.823921
0 0.666296 0.763018 0.0335594 0.0691985 0.820598
0 0.281605 0.885734 0.0375271 0.0771856 0.817711
0 0.365547 0.891398 0.0335956 0.0774938 0.811584
0 0.252538 0.247526 0.0344234 0.0755183 0.78355
0 0.658942 0.276227 0.0308617 0.0757034 0.782842
0 0.510406 0.651933 0.0342848 0.083448 0.761424
0 0.225357 0.827811 0.0318414 0.0732223 0.575661
0 0.437592 0.302928 0.0356873 0.0726016 0.843937
0 0.51474 0.814221 0.0347473 0.0750392 0.835685
0 0.443727 0.170006 0.034795 0.0716304 0.833814
0 0.365585 0.890513 0.031716 0.0731222 0.825663
0 0.666597 0.763319 0.0319416 0.0664417 0.822817
0 0.282433 0.885734 0.0354175 0.073506 0.819167
0 0.252555 0.247346 0.0320929 0.0694631 0.815004
0 0.658619 0.274647 0.0302593 0.0703809 0.791979
0 0.570905 0.734436 0.030445 0.065995 0.764234
0 0.225169 0.825357 0.032679 0.0688587 0.714155
0 0.510842 0.65228 0.0320331 0.0775164 0.450954
0 0.437216 0.302996 0.036235 0.0732265 0.879844
0 0.443693 0.169702 0.0347233 0.0725123 0.871344
0 0.514427 0.813784 0.0349139 0.076216 0.869891
0 0.365711 0.890297 0.0315696 0.0732924 0.865442
0 0.666714 0.763141 0.0317253 0.0672611 0.861958
0 0.252384 0.246691 0.0321556 0.0698727 0.858696
0 0.282761 0.885817 0.0355818 0.0735461 0.856306
0 0.225244 0.825538 0.0342124 0.0702448 0.840482
0 0.65868 0.274731 0.031648 0.0719055 0.834593
0 0.570834 0.734033 0.0316784 0.0670319 0.792379
0 0.510888 0.650871 0.0342028 0.0810868 0.483829
0 0.437056 0.302874 0.0371484 0.0733426 0.830339
0 0.666859 0.762869 0.0327905 0.0679561 0.825333
0 0.444071 0.169707 0.0363414 0.0736846 0.824327
0 0.514506 0.81333 0.0364766 0.0759562 0.811427
0 0.28328 0.88623 0.0369456 0.0748063 0.798955
0 0.365791 0.890802 0.0323394 0.0746673 0.794381
0 0.659019 0.274203 0.0333775 0.0714703 0.783394
0 0.252681 0.247764 0.0326898 0.0720147 0.776061
0 0.225574 0.826267 0.0354485 0.072502 0.773592
0 0.570463 0.734229 0.0323786 0.0680797 0.770475
0 0.510425 0.649806 0.0358987 0.0819165 0.468121
0 0.43759 0.303271 0.0364966 0.0730578 0.837667
0 0.443903 0.170211 0.0356291 0.0743183 0.828171
0 0.281785 0.888376 0.0338351 0.0712991 0.823375
0 0.666582 0.763395 0.0323786 0.0668896 0.812501
0 0.515427 0.813888 0.0354819 0.0742326 0.806233
0 0.570436 0.734702 0.0323113 0.0679087 0.79992
0 0.659583 0.274806 0.0334918 0.0725908 0.798601
0 0.36577 0.892606 0.0328801 0.0762112 0.788378
0 0.252764 0.249365 0.0326966 0.0731349 0.767002
0 0.225895 0.826956 0.03513 0.073054 0.751077
0 0.510901 0.64998 0.0361237 0.080256 0.552377
0 0.443638 0.169419 0.0356125 0.0749721 0.845537
0 0.437578 0.303075 0.0351662 0.0732551 0.845129
0 0.283218 0.886536 0.0378189 0.0756723 0.829338
0 0.514972 0.813563 0.0351306 0.0749275 0.819291
0 0.659531 0.274133 0.0332596 0.0724433 0.813249
0 0.365826 0.891385 0.0331995 0.0775663 0.80403
0 0.665468 0.763349 0.031748 0.0674095 0.801317
0 0.252665 0.249768 0.0320877 0.0727832 0.770839
0 0.570544 0.734469 0.0326993 0.0682047 0.731555
0 0.225733 0.826233 0.0355495 0.0738524 0.649969
0 0.51163 0.648299 0.0368617 0.0826842 0.375451
0 0.437693 0.304027 0.0346643 0.0721263 0.857608
0 0.444268 0.17048 0.0344556 0.0726764 0.850528
0 0.283534 0.887421 0.036817 0.0734146 0.837515
0 0.659467 0.274836 0.0326603 0.0712147 0.828354
0 0.51491 0.814339 0.0349847 0.0741683 0.822077
0 0.366293 0.892827 0.0326257 0.0756002 0.822043
0 0.665315 0.764238 0.0309945 0.0671135 0.808738
0 0.570683 0.735123 0.0320481 0.0680261 0.805943
0 0.252706 0.251182 0.0316667 0.0681402 0.783788
0 0.225603 0.82608 0.0352285 0.0716026 0.709281
0 0.511698 0.649437 0.0354334 0.0802743 0.505987
0 0.437124 0.30228 0.0356441 0.0738084 0.884303
0 0.443676 0.168217 0.0351126 0.0739131 0.875392
0 0.51429 0.813176 0.0353501 0.0781915 0.865717
0 0.658623 0.272456 0.032141 0.0694258 0.85587
0 0.282532 0.886292 0.0356443 0.0771098 0.855845
0 0.365633 0.892035 0.0330293 0.0791405 0.843268
0 0.570609 0.734197 0.0316569 0.0693669 0.836945
0 0.665552 0.762023 0.0316267 0.0694009 0.836667
0 0.252029 0.247692 0.0329597 0.0722438 0.832327
0 0.224832 0.823987 0.0340595 0.0703932 0.813646
0 0.5106 0.647995 0.0340478 0.0838924 0.777938
0 0.436991 0.303136 0.0365249 0.0747502 0.848321
0 0.443712 0.168867 0.0358549 0.0750297 0.844416
0 0.514252 0.814345 0.0357931 0.0784683 0.838303
0 0.282899 0.886529 0.0365065 0.078835 0.833322
0 0.665956 0.763239 0.0322496 0.0698238 0.827822
0 0.251832 0.248156 0.0334432 0.0723656 0.818379
0 0.658721 0.273231 0.0325732 0.0697717 0.817271
0 0.570724 0.735332 0.0320597 0.0696585 0.815528
0 0.22487 0.825144 0.034481 0.0714834 0.810815
0 0.365387 0.892695 0.0333954 0.0794097 0.805678
0 0.510718 0.649766 0.0336466 0.0801143 0.663048
0 0.443959 0.168973 0.0348327 0.0736851 0.882266
0 0.437591 0.302912 0.0356751 0.0735601 0.880333
0 0.28307 0.886709 0.0382412 0.0751057 0.870242
0 0.6594 0.273015 0.0335793 0.0687952 0.865528
0 0.252628 0.247021 0.0332151 0.0709206 0.846254
0 0.570937 0.734559 0.0321928 0.0669212 0.841662
0 0.515039 0.814136 0.0348228 0.0762776 0.83362
0 0.365796 0.892146 0.033535 0.0758222 0.832953
0 0.666486 0.763383 0.0326282 0.0695939 0.832657
0 0.225704 0.824762 0.0357724 0.0700105 0.680444
0 0.51136 0.649741 0.0346367 0.0786748 0.503374
0 0.437059 0.303462 0.035131 0.0757173 0.868975
0 0.443235 0.169027 0.0347574 0.0755362 0.860478
0 0.282301 0.886295 0.0384525 0.0768838 0.850711
0 0.252107 0.247855 0.0330032 0.0729251 0.829396
0 0.658643 0.273381 0.0323069 0.0708758 0.827236
0 0.570652 0.734482 0.0320104 0.0680578 0.824099
0 0.364891 0.890733 0.0339729 0.0780752 0.82045
0 0.514662 0.812859 0.0348947 0.0773468 0.795036
0 0.665599 0.763626 0.0323982 0.0728371 0.790013
0 0.225128 0.825261 0.035396 0.0720825 0.63398
0 0.510387 0.649282 0.0332502 0.0812692 0.468624
0 0.437797 0.303905 0.0336017 0.0725712 0.842037
0 0.443894 0.169744 0.0335063 0.0723632 0.835899
0 0.28306 0.886244 0.0374311 0.0736807 0.820942
0 0.659087 0.274561 0.032137 0.071326 0.813415
0 0.25275 0.248704 0.0315264 0.0699873 0.805424
0 0.570804 0.735202 0.0313596 0.0675952 0.804237
0 0.365233 0.890366 0.0334615 0.0762129 0.783798
0 0.51518 0.812783 0.0336576 0.0747668 0.763937
0 0.665746 0.764686 0.0323457 0.071073 0.761322
0 0.225229 0.827462 0.0297853 0.06878 0.481784
0 0.51082 0.649425 0.0328342 0.0791591 0.338411
0 0.437727 0.303224 0.0349375 0.0719973 0.876639
0 0.443955 0.169192 0.0353131 0.0726282 0.869353
0 0.283178 0.886262 0.0388985 0.0736094 0.85005
0 0.659003 0.274208 0.0326485 0.0717593 0.849487
0 0.570727 0.735496 0.031589 0.0681582 0.846342
0 0.25255 0.248176 0.0325898 0.0705814 0.843869
0 0.365388 0.89116 0.0351876 0.0787859 0.820358
0 0.665923 0.764482 0.0334601 0.0711168 0.814191
0 0.515002 0.814237 0.0347365 0.0745779 0.813015
0 0.510483 0.649369 0.0331931 0.0793079 0.583863
0 0.224988 0.826812 0.0301101 0.0677449 0.406338
0 0.437176 0.303287 0.0354343 0.0736987 0.853988
0 0.443208 0.169161 0.0352979 0.0740791 0.843398
0 0.282706 0.885852 0.038067 0.075859 0.837557
0 0.252278 0.248178 0.0325484 0.0712712 0.833818
0 0.570374 0.735299 0.0309629 0.0680222 0.823298
0 0.364956 0.89024 0.0344216 0.0813134 0.813308
0 0.658302 0.273593 0.0319667 0.0720839 0.812183
0 0.514609 0.813686 0.0358573 0.0791394 0.787979
0 0.665345 0.763344 0.0321723 0.0709111 0.758982
0 0.509471 0.650209 0.0317197 0.0781166 0.753368
0 0.224313 0.824396 0.033442 0.0683042 0.550161
0 0.444013 0.169233 0.0367943 0.0763742 0.864976
0 0.437555 0.304051 0.0361555 0.076805 0.863143
0 0.283834 0.886276 0.0396627 0.0779072 0.854241
0 0.252721 0.248544 0.032454 0.0730414 0.850592
0 0.659165 0.274682 0.0331643 0.0756005 0.833168
0 0.514806 0.813937 0.0361268 0.0787508 0.829953
0 0.365649 0.89079 0.0346856 0.0843464 0.823584
0 0.570615 0.735241 0.0313342 0.0686551 0.818697
0 0.665891 0.763239 0.0325896 0.0725211 0.779973
0 0.510309 0.650457 0.0326729 0.079013 0.728405
0 0.224956 0.825431 0.034714 0.0723327 0.553411
0 0.442877 0.169058 0.0378274 0.0754659 0.864199
0 0.282792 0.886724 0.039571 0.0759516 0.860633
0 0.436663 0.303543 0.0358821 0.0755515 0.857534
0 0.252254 0.24784 0.0320171 0.0712188 0.85371
0 0.658884 0.274619 0.0331172 0.0746879 0.841248
0 0.513672 0.813769 0.0355306 0.07895 0.834701
0 0.664841 0.763344 0.030916 0.0716823 0.821511
0 0.364739 0.891082 0.0334311 0.0789034 0.806584
0 0.570495 0.735154 0.0314393 0.0685097 0.805522
0 0.224558 0.824016 0.0352336 0.0736256 0.721951
0 0.509836 0.649428 0.032768 0.0786191 0.656204
0 0.43713 0.303148 0.0356857 0.0744715 0.854482
0 0.443511 0.168795 0.0370143 0.0762792 0.852779
0 0.514207 0.813705 0.0357348 0.0791898 0.847519
0 0.659062 0.274407 0.0330691 0.0741713 0.843779
0 0.283222 0.887051 0.0395146 0.0758909 0.839574
0 0.25228 0.247663 0.0324506 0.0714397 0.83353
0 0.664894 0.762602 0.0313528 0.0711125 0.829942
0 0.365188 0.891268 0.0335021 0.0798503 0.804719
0 0.570801 0.7349 0.0312616 0.0681537 0.746466
0 0.224729 0.826185 0.032094 0.0742353 0.59831
0 0.510187 0.648864 0.0330145 0.0790113 0.279623
0 0.443456 0.168093 0.0349319 0.0740075 0.870211
0 0.43718 0.302718 0.0352815 0.0731679 0.8618
0 0.658369 0.274089 0.0312772 0.0712929 0.846886
0 0.514218 0.813279 0.0350881 0.0763186 0.845616
0 0.252276 0.247455 0.0323439 0.0702095 0.843323
0 0.282635 0.887464 0.0375431 0.0742717 0.840273
0 0.664902 0.762576 0.0311166 0.0695566 0.823227
0 0.365168 0.891722 0.0329795 0.0779569 0.821788
0 0.570509 0.735344 0.0304691 0.0676863 0.73517
0 0.224741 0.823382 0.0339942 0.0694329 0.723962
0 0.509894 0.64868 0.0324381 0.0786243 0.275489
0 0.443581 0.168399 0.0348385 0.075124 0.869808
0 0.437518 0.303182 0.0351114 0.074671 0.857372
0 0.658638 0.275263 0.031413 0.0740774 0.853624
0 0.514898 0.814364 0.0341434 0.0759379 0.851324
0 0.282669 0.887355 0.0369721 0.0750074 0.847726
0 0.570779 0.735847 0.0305629 0.0688042 0.844461
0 0.252381 0.248026 0.0324808 0.0711697 0.844414
0 0.225095 0.824028 0.0340479 0.0721906 0.834187
0 0.365521 0.89247 0.0329849 0.0801341 0.830189
0 0.665909 0.76359 0.0314265 0.0706175 0.827658
0 0.510212 0.648507 0.0334723 0.0813654 0.660721
