0 0.826467 0.657772 0.0539388 0.0777512 0.861639
0 0.162166 0.719733 0.0454833 0.0479727 0.480175
0 0.471249 0.404011 0.0447059 0.0453186 0.168477
0 0.480905 0.409647 0.0283949 0.0282986 0.166997
0 0.823449 0.645 0.0362465 0.052978 0.108985
0 0.162796 0.717386 0.0496216 0.0681518 0.866633
0 0.8292 0.656268 0.0599558 0.081285 0.70781
0 0.471575 0.398954 0.0501997 0.0643039 0.432897
0 0.71748 0.610206 0.0508287 0.0676155 0.389892
0 0.792201 0.62557 0.0376024 0.0601588 0.171682
0 0.830802 0.658206 0.0640068 0.0863229 0.720779
0 0.16402 0.717588 0.0524259 0.0684627 0.251173
0 0.161242 0.715914 0.048576 0.0657548 0.717685
0 0.471633 0.400867 0.0472501 0.0582264 0.641627
0 0.83052 0.658629 0.0590302 0.0811414 0.576996
0 0.793979 0.62042 0.0276378 0.046965 0.254014
0 0.708125 0.606759 0.0270203 0.0570451 0.246932
0 0.729049 0.620158 0.0289963 0.0622568 0.204762
0 0.265894 0.724682 0.0192154 0.027021 0.113608
0 0.784564 0.62522 0.0233785 0.0577807 0.106557
0 0.831261 0.658135 0.0633694 0.083359 0.948383
0 0.162044 0.71615 0.0504143 0.0685981 0.882597
0 0.472536 0.402719 0.0506686 0.0567644 0.870853
0 0.729183 0.623901 0.032048 0.0625214 0.460881
0 0.830576 0.658426 0.0621975 0.0858276 0.966038
0 0.161358 0.716338 0.0477041 0.0671664 0.644681
0 0.47202 0.406298 0.0459101 0.0511819 0.626959
0 0.731685 0.622953 0.0247755 0.0514325 0.280195
0 0.830904 0.656257 0.0629985 0.0857938 0.675443
0 0.471582 0.403167 0.0433485 0.0580396 0.427585
0 0.161821 0.71555 0.0494378 0.0676263 0.353746
0 0.830919 0.657509 0.0659824 0.0869196 0.986054
0 0.162196 0.71667 0.0510307 0.0659765 0.956374
0 0.471439 0.402991 0.0460445 0.0574872 0.87305
0 0.727194 0.622728 0.0364977 0.0687917 0.345634
0 0.830973 0.657858 0.0641548 0.0885562 0.917309
0 0.161589 0.714608 0.0497811 0.0652496 0.806476
0 0.471473 0.402655 0.0449545 0.0549969 0.619995
0 0.732432 0.620646 0.0271395 0.0530889 0.260094
0 0.83078 0.657255 0.0622866 0.0864489 0.705506
0 0.16165 0.714518 0.0465554 0.0660204 0.677657
0 0.471579 0.402718 0.0444929 0.0548566 0.519602
0 0.732221 0.618571 0.0241743 0.047641 0.50001
0 0.829726 0.654848 0.0649044 0.0867161 0.966294
0 0.162913 0.71569 0.051433 0.0681969 0.918672
0 0.472119 0.403531 0.0466654 0.053775 0.821079
0 0.732163 0.625198 0.0270153 0.0611684 0.46453
0 0.72282 0.622091 0.047892 0.0725909 0.14277
0 0.830761 0.654436 0.0592602 0.0822282 0.836678
0 0.16354 0.714528 0.0471543 0.0630046 0.658148
0 0.472506 0.402642 0.045259 0.0527437 0.457844
0 0.731779 0.620683 0.024786 0.0497874 0.166539
0 0.829579 0.655414 0.0632999 0.0919215 0.65159
0 0.162277 0.71651 0.0513868 0.068753 0.504578
0 0.470943 0.403158 0.0455994 0.0587902 0.460032
0 0.730792 0.620669 0.0272551 0.0647316 0.155106
0 0.706766 0.60521 0.0276132 0.0522649 0.153265
0 0.716363 0.615964 0.0570766 0.0811122 0.11804
0 0.83014 0.655129 0.062899 0.0894572 0.901745
0 0.161682 0.716583 0.0507558 0.0693319 0.833731
0 0.469172 0.404123 0.0415598 0.0565293 0.717587
0 0.731979 0.624849 0.0218857 0.0470433 0.15932
0 0.823866 0.642915 0.0327114 0.0385712 0.746706
0 0.16633 0.718032 0.0521021 0.0649926 0.393733
0 0.470193 0.401939 0.0462029 0.0579723 0.356798
0 0.823626 0.655027 0.0377559 0.0723396 0.305057
0 0.502701 0.410254 0.0196989 0.0450731 0.188154
0 0.830908 0.656736 0.0606222 0.0859979 0.931311
0 0.164212 0.715707 0.0495644 0.0669541 0.433115
0 0.47081 0.399649 0.0474222 0.0604027 0.366054
0 0.731886 0.624762 0.0252169 0.0550518 0.17714
0 0.831543 0.659637 0.0615578 0.0833796 0.604003
0 0.163903 0.71856 0.052423 0.0672475 0.371203
0 0.472357 0.40041 0.0456228 0.0616427 0.242165
0 0.16195 0.715371 0.0523113 0.067369 0.790052
0 0.470965 0.397921 0.0496012 0.0649113 0.76294
0 0.830402 0.656443 0.064002 0.0875032 0.761052
0 0.163732 0.716496 0.0490751 0.0576509 0.714484
0 0.831946 0.656123 0.0603798 0.0811386 0.655103
0 0.471268 0.404618 0.0439466 0.0438049 0.438876
0 0.162751 0.71722 0.0521654 0.0647255 0.878181
0 0.831138 0.656846 0.0630836 0.0873885 0.839048
0 0.47227 0.40546 0.047757 0.050948 0.708139
0 0.731338 0.625374 0.0261034 0.0585127 0.142928
0 0.829877 0.656445 0.063246 0.0884808 0.774578
0 0.162477 0.717082 0.0474149 0.0669531 0.731126
0 0.47158 0.404167 0.0450579 0.0565596 0.564114
0 0.16322 0.716267 0.0499952 0.0673261 0.912135
0 0.830209 0.657304 0.0645906 0.0886996 0.848103
0 0.472265 0.402894 0.0467056 0.0570358 0.82331
0 0.488814 0.411965 0.0559861 0.0393584 0.241145
0 0.218719 0.492629 0.0277055 0.0262786 0.168729
0 0.732114 0.62536 0.0258358 0.0575344 0.10438
0 0.162959 0.715594 0.0484211 0.065658 0.945768
0 0.47224 0.402161 0.0452158 0.0559667 0.897918
0 0.831369 0.654207 0.0660031 0.0927906 0.731244
0 0.162363 0.714968 0.0482125 0.0685893 0.894579
0 0.471488 0.403922 0.043517 0.0537327 0.782676
0 0.83058 0.655174 0.0644058 0.0927711 0.665736
0 0.162894 0.716193 0.0485141 0.0662951 0.920463
0 0.830493 0.656218 0.0645982 0.0859248 0.918016
0 0.47169 0.404357 0.0447645 0.0539613 0.846632
0 0.719239 0.617519 0.0546438 0.0749092 0.245335
0 0.731902 0.625215 0.0255871 0.0565686 0.120469
0 0.829969 0.656626 0.0635834 0.0846141 0.728045
0 0.163693 0.715445 0.0525347 0.0663371 0.652171
0 0.471212 0.403213 0.0470652 0.0553767 0.567147
0 0.718804 0.616398 0.0549108 0.076417 0.134606
0 0.162275 0.715723 0.0481709 0.0693622 0.837218
0 0.830077 0.657157 0.0613415 0.0865471 0.794971
0 0.471826 0.404916 0.044243 0.052031 0.754865
0 0.162079 0.715037 0.0508728 0.0686746 0.854133
0 0.830092 0.656598 0.0632012 0.0873886 0.811625
0 0.469345 0.404859 0.0390502 0.0533344 0.751749
0 0.162432 0.713707 0.0527786 0.0693944 0.91231
0 0.469579 0.403733 0.0402584 0.0539301 0.84306
0 0.831585 0.655813 0.0642002 0.0901169 0.308846
0 0.460415 0.306393 0.0203541 0.0366132 0.135405
0 0.162673 0.714789 0.0517637 0.0686526 0.82994
0 0.47002 0.404258 0.0407357 0.0528357 0.774009
0 0.4603 0.30725 0.0200329 0.0372307 0.112083
0 0.161833 0.714674 0.049787 0.0661338 0.929222
0 0.469791 0.403849 0.0390423 0.0516847 0.869855
0 0.162834 0.716099 0.0489798 0.0659069 0.843365
0 0.469676 0.404174 0.0430052 0.051522 0.780799
0 0.830537 0.656468 0.061989 0.0867515 0.303284
0 0.162749 0.714779 0.0495596 0.0671079 0.870635
0 0.469265 0.404538 0.0422958 0.0518083 0.800891
0 0.831117 0.655765 0.0598068 0.0842011 0.787198
0 0.701617 0.616235 0.0164042 0.0261648 0.110367
0 0.162071 0.716362 0.0533417 0.0699232 0.899973
0 0.469987 0.40413 0.0436184 0.0546187 0.826756
0 0.830643 0.656661 0.062318 0.0888702 0.792907
0 0.830333 0.655176 0.0608868 0.0868698 0.825023
0 0.16341 0.714843 0.0493566 0.0678207 0.822571
0 0.470148 0.404846 0.0386835 0.0503243 0.79121
0 0.830613 0.655898 0.0604055 0.0881337 0.90133
0 0.16259 0.7151 0.0502227 0.0676757 0.860362
0 0.469697 0.404229 0.0402458 0.0519479 0.846616
0 0.704244 0.616919 0.024444 0.0281944 0.188046
0 0.719055 0.619177 0.0535946 0.0733114 0.187075
0 0.730497 0.626621 0.0264404 0.0555677 0.119005
0 0.83082 0.656353 0.0598987 0.0845812 0.889419
0 0.162286 0.715147 0.0476095 0.0662581 0.81019
0 0.469854 0.403509 0.0417262 0.0527863 0.753388
0 0.830965 0.656707 0.0624294 0.0882642 0.865146
0 0.162202 0.71637 0.0488446 0.0661059 0.831924
0 0.469644 0.404177 0.042655 0.0556998 0.831297
0 0.469605 0.40377 0.0404291 0.0526222 0.862719
0 0.831058 0.65606 0.0625134 0.08455 0.856987
0 0.162021 0.715455 0.0492924 0.0642841 0.851907
0 0.732832 0.625286 0.0276953 0.0552124 0.249994
0 0.163195 0.7153 0.0500905 0.0636861 0.801102
0 0.831339 0.656622 0.0623642 0.0853507 0.768304
0 0.470978 0.402485 0.0439307 0.0533383 0.765215
0 0.162253 0.714264 0.0479223 0.0622767 0.845836
0 0.470621 0.403187 0.0431668 0.0515439 0.77502
0 0.831157 0.655036 0.0607672 0.0846002 0.428238
0 0.163553 0.715686 0.0514083 0.0660609 0.844649
0 0.4714 0.403656 0.0431723 0.0520793 0.809036
0 0.83129 0.657024 0.0622833 0.0867052 0.728594
0 0.162771 0.715599 0.0505347 0.0684692 0.873547
0 0.830669 0.655837 0.0632847 0.0878044 0.862248
0 0.469824 0.402811 0.0419781 0.053729 0.861505
0 0.470137 0.402749 0.042537 0.0547734 0.827801
0 0.830824 0.656122 0.0644608 0.0906857 0.80092
0 0.163566 0.716399 0.0523421 0.0681432 0.799826
0 0.470622 0.403235 0.0446589 0.0545167 0.87383
0 0.1647 0.715246 0.0528362 0.0670167 0.839794
0 0.831034 0.656402 0.0625046 0.0906073 0.830164
0 0.469722 0.403151 0.0440441 0.0548902 0.78972
0 0.830645 0.656111 0.0618203 0.0897252 0.781026
0 0.162732 0.714977 0.0491055 0.0666023 0.777809
0 0.47127 0.403844 0.0457657 0.0555827 0.836631
0 0.831279 0.656519 0.0620594 0.0885377 0.836015
0 0.163825 0.715699 0.0531591 0.0682966 0.831122
0 0.46984 0.403393 0.044223 0.0552724 0.836895
0 0.162149 0.715868 0.0532842 0.0683684 0.794924
0 0.830905 0.656415 0.0625931 0.0872004 0.77909
0 0.470352 0.402556 0.0424862 0.055592 0.861958
0 0.1634 0.715083 0.0508971 0.0678132 0.790488
0 0.831508 0.655481 0.0628874 0.0880696 0.759546
0 0.16383 0.715336 0.0523852 0.0677824 0.799742
0 0.470353 0.402705 0.043546 0.0558027 0.790581
0 0.162175 0.714893 0.0484743 0.0666634 0.897579
0 0.470538 0.402683 0.0429312 0.0541678 0.846326
0 0.830982 0.65427 0.061454 0.0894059 0.52201
0 0.162137 0.715389 0.0501706 0.0682012 0.857493
0 0.830661 0.65575 0.0619213 0.0880099 0.847248
0 0.471108 0.40344 0.0443545 0.0556559 0.758346
0 0.831523 0.656005 0.0621351 0.084922 0.899989
0 0.162314 0.715491 0.0491598 0.0645124 0.87622
0 0.471537 0.402676 0.0448374 0.0555416 0.818075
0 0.830632 0.656231 0.0633961 0.086142 0.848138
0 0.161986 0.716681 0.0508596 0.065919 0.792477
0 0.471006 0.403163 0.0439812 0.0566128 0.750582
0 0.830986 0.65594 0.065064 0.090212 0.899507
0 0.162889 0.71452 0.0538907 0.0680994 0.869736
0 0.47047 0.402799 0.0430649 0.0534669 0.792663
0 0.830975 0.656652 0.0635578 0.0881899 0.904441
0 0.163241 0.715746 0.0535596 0.0682261 0.868594
0 0.470003 0.403422 0.0420479 0.0528843 0.797712
0 0.831241 0.655105 0.0636536 0.0909935 0.877397
0 0.163457 0.714718 0.0546862 0.0719119 0.865474
0 0.469897 0.402809 0.0433455 0.0564311 0.815602
0 0.15536 0.467547 0.0444935 0.0847177 0.103105
0 0.162932 0.715303 0.0517082 0.0680694 0.887142
0 0.831195 0.656218 0.0621422 0.0882595 0.875256
0 0.470793 0.403438 0.0396446 0.0527482 0.817775
0 0.163178 0.714837 0.0559905 0.068732 0.888424
0 0.830277 0.65707 0.0631431 0.0872227 0.860754
0 0.47108 0.402743 0.0437322 0.0557367 0.816306
0 0.175112 0.469416 0.0656286 0.10284 0.158435
0 0.163113 0.715539 0.0522124 0.0657597 0.874115
0 0.830667 0.657117 0.0606712 0.0827481 0.840459
0 0.470058 0.403434 0.0410112 0.0530795 0.76793
0 0.174606 0.467115 0.067041 0.107809 0.217753
0 0.1643 0.715786 0.0503406 0.0655479 0.850537
0 0.83178 0.654978 0.0632408 0.0842432 0.841933
0 0.470736 0.403322 0.0417849 0.0532484 0.789579
0 0.177119 0.482157 0.0649892 0.0761604 0.106846
0 0.17479 0.466348 0.0863451 0.11709 0.104619
0 0.83132 0.656523 0.0639267 0.0865189 0.834065
0 0.163123 0.715979 0.0505435 0.066865 0.818483
0 0.469955 0.403768 0.0408555 0.0536644 0.794645
0 0.831335 0.657339 0.0625389 0.086008 0.849145
0 0.470077 0.402583 0.0415466 0.0548118 0.8257
0 0.163502 0.716062 0.0527889 0.0682219 0.817902
0 0.831112 0.656449 0.0625279 0.0878155 0.84751
0 0.469951 0.402628 0.0425262 0.056194 0.81608
0 0.162971 0.715239 0.0526301 0.0706837 0.781835
0 0.162987 0.714816 0.0505631 0.068469 0.847134
0 0.470251 0.402973 0.0423615 0.0543044 0.838283
0 0.831705 0.654517 0.062643 0.0860446 0.656282
0 0.469914 0.402677 0.0433947 0.0570123 0.814641
0 0.163145 0.715385 0.0532308 0.0689266 0.795815
0 0.832532 0.653918 0.0673 0.0903213 0.101956
0 0.469439 0.402746 0.0412929 0.0565844 0.880401
0 0.16189 0.715764 0.0511861 0.0669609 0.879916
0 0.831882 0.654851 0.0653347 0.0879328 0.575785
0 0.162707 0.716118 0.0515441 0.0669954 0.841207
0 0.470194 0.403336 0.0420801 0.0562024 0.835095
0 0.831247 0.657078 0.0631633 0.088503 0.78619
0 0.831153 0.656778 0.0599075 0.0861824 0.882587
0 0.163205 0.715521 0.0490763 0.0667387 0.853012
0 0.469853 0.402947 0.041313 0.0559864 0.849488
0 0.831724 0.656438 0.0594155 0.0846027 0.851505
0 0.469907 0.403102 0.0413651 0.0542002 0.836055
0 0.162646 0.715653 0.049517 0.0651684 0.83109
0 0.8314 0.657034 0.0606995 0.0841418 0.873968
0 0.162639 0.716739 0.0500379 0.0649455 0.845573
0 0.470179 0.40318 0.0429589 0.0573014 0.843365
0 0.719961 0.61784 0.0528449 0.0725694 0.181407
0 0.830913 0.655996 0.0606003 0.0820468 0.873195
0 0.162588 0.71571 0.0484937 0.0639041 0.842579
0 0.47041 0.403374 0.0421856 0.0544534 0.83509
0 0.83117 0.656537 0.0626072 0.0832232 0.882089
0 0.471457 0.404512 0.0445885 0.055344 0.852868
0 0.162755 0.716805 0.0513486 0.0667948 0.83984
0 0.714289 0.605865 0.0463121 0.0519049 0.147821
0 0.831135 0.656539 0.0622734 0.086275 0.869367
0 0.471308 0.404413 0.0440184 0.0543204 0.810447
0 0.162398 0.716209 0.0500479 0.0673652 0.798898
0 0.831544 0.655595 0.0630737 0.0873212 0.921094
0 0.162219 0.715496 0.0502649 0.0655695 0.8655
0 0.47035 0.403835 0.0438262 0.053367 0.846923
0 0.831453 0.656448 0.0626697 0.0859938 0.907737
0 0.162588 0.716589 0.0515699 0.0654836 0.832139
0 0.470984 0.403633 0.0452585 0.0551457 0.819476
0 0.158752 0.462055 0.0723147 0.107877 0.226528
0 0.830348 0.655901 0.062833 0.0874631 0.925353
0 0.161602 0.716272 0.0510861 0.0654854 0.866722
0 0.470596 0.402702 0.0448846 0.0560018 0.839649
0 0.159049 0.458876 0.0701364 0.11052 0.323798
0 0.82992 0.656535 0.0625638 0.085005 0.896473
0 0.161966 0.71652 0.0519406 0.0638239 0.847563
0 0.470515 0.40359 0.0451589 0.0541101 0.837384
0 0.159403 0.459803 0.0688916 0.108454 0.126175
0 0.831276 0.653983 0.0632528 0.0882744 0.90559
0 0.469457 0.403173 0.044403 0.0547502 0.874197
0 0.16211 0.715838 0.0525417 0.0659697 0.871043
0 0.162203 0.716655 0.0497712 0.0660046 0.855388
0 0.831537 0.656825 0.0607407 0.0858056 0.849137
0 0.469461 0.403704 0.041648 0.0533859 0.825915
0 0.705035 0.607388 0.0240347 0.0453684 0.163961
0 0.831615 0.656329 0.0615375 0.0856052 0.861396
0 0.162243 0.715676 0.0513545 0.0655321 0.857172
0 0.469775 0.403532 0.043581 0.0532285 0.827771
0 0.832257 0.657582 0.0608208 0.0861757 0.884364
0 0.162909 0.716186 0.0495762 0.0660819 0.883641
0 0.470655 0.404084 0.0428022 0.0536391 0.838494
0 0.831008 0.65691 0.0610878 0.0859929 0.843849
0 0.162487 0.717189 0.0501528 0.0665555 0.792974
0 0.470357 0.404088 0.0432444 0.0536984 0.784609
0 0.831414 0.656853 0.0598594 0.0833383 0.897218
0 0.163001 0.716542 0.0500883 0.0652843 0.875478
0 0.470829 0.404032 0.0423754 0.0514795 0.861134
0 0.831802 0.657262 0.0590236 0.0864685 0.890041
0 0.163109 0.716673 0.0504011 0.0664099 0.883956
0 0.470573 0.404608 0.0430317 0.0521696 0.850151
0 0.162842 0.717146 0.0510408 0.0659821 0.898848
0 0.831652 0.658306 0.0602637 0.0854541 0.890878
0 0.470605 0.405059 0.0434881 0.0522995 0.846709
0 0.831259 0.657666 0.0593843 0.082118 0.869178
0 0.161976 0.716662 0.0503111 0.0660914 0.86661
0 0.470514 0.404563 0.0426943 0.0523001 0.810854
0 0.830848 0.656933 0.0599296 0.0849896 0.888866
0 0.162182 0.716401 0.05367 0.0707283 0.864452
0 0.470857 0.404455 0.0446675 0.0551919 0.824628
0 0.831033 0.65681 0.0595268 0.0802991 0.863716
0 0.162236 0.715712 0.049032 0.0669179 0.845015
0 0.471207 0.403885 0.0433452 0.0524509 0.806396
0 0.831263 0.656388 0.0609566 0.0836398 0.899353
0 0.161913 0.715967 0.0497793 0.0673617 0.857267
0 0.470355 0.403291 0.0431725 0.0537914 0.833908
0 0.831461 0.657459 0.0614258 0.0827528 0.887406
0 0.162466 0.715816 0.0491371 0.0663374 0.85476
0 0.470237 0.403781 0.0445526 0.0559902 0.82738
0 0.831292 0.65824 0.0616581 0.0823006 0.900024
0 0.162321 0.7156 0.0491688 0.0668003 0.873593
0 0.470526 0.403473 0.044075 0.055283 0.862254
0 0.1624 0.714941 0.0496707 0.0692833 0.86931
0 0.47036 0.403176 0.0443876 0.0551583 0.867637
0 0.831128 0.657963 0.0620945 0.0878209 0.862181
0 0.831132 0.65804 0.0610352 0.0847758 0.867596
0 0.162524 0.715179 0.0484415 0.0671788 0.865636
0 0.47028 0.402967 0.0433064 0.0535246 0.856725
0 0.831235 0.657397 0.0626621 0.0854791 0.852674
0 0.162499 0.715656 0.0529225 0.069042 0.829565
0 0.470521 0.403955 0.0463235 0.0556628 0.814365
0 0.831319 0.657495 0.0615532 0.0818848 0.869908
0 0.162323 0.716102 0.051214 0.0676413 0.847942
0 0.47099 0.404223 0.0447664 0.0546392 0.834075
0 0.162149 0.715704 0.0524967 0.0686274 0.888823
0 0.830942 0.65803 0.0612263 0.0842731 0.887834
0 0.471414 0.404482 0.0446146 0.0551515 0.874771
0 0.830548 0.657836 0.0607893 0.0823499 0.88045
0 0.162076 0.715478 0.0532464 0.0678078 0.87403
0 0.47076 0.404563 0.0442457 0.0544758 0.84988
0 0.831139 0.658281 0.0596001 0.0821844 0.918908
0 0.162542 0.715666 0.0491106 0.0656367 0.918305
0 0.470689 0.404668 0.0430544 0.0535491 0.89175
0 0.831086 0.6572 0.0623635 0.0842144 0.890331
0 0.16194 0.715626 0.0517002 0.0682781 0.874649
0 0.470349 0.403723 0.0442194 0.0556512 0.855936
0 0.831192 0.657234 0.0621941 0.0824511 0.862251
0 0.162439 0.715833 0.0487938 0.0669668 0.850261
0 0.470251 0.403075 0.0437096 0.0537163 0.833456
0 0.830995 0.657014 0.0623024 0.0812685 0.896004
0 0.162242 0.716921 0.0489353 0.0681657 0.881479
0 0.470169 0.402955 0.0442296 0.0545958 0.869578
0 0.831691 0.6571 0.0620361 0.0807621 0.863053
0 0.163214 0.716979 0.0521653 0.0689062 0.853992
0 0.470665 0.404389 0.0448156 0.0555801 0.841319
0 0.831935 0.657885 0.0615272 0.081827 0.896665
0 0.163189 0.717119 0.0525766 0.068559 0.882284
0 0.471049 0.40462 0.0446366 0.0554609 0.860021
0 0.830954 0.657632 0.061565 0.0833388 0.911554
0 0.162301 0.71589 0.0536444 0.0682429 0.890191
0 0.470809 0.403478 0.044437 0.0553375 0.865783
0 0.83107 0.658579 0.0608375 0.0805303 0.898695
0 0.163904 0.717069 0.0511918 0.0659416 0.895623
0 0.471125 0.404268 0.0441393 0.0540543 0.87158
0 0.163446 0.715647 0.0520069 0.0674006 0.908971
0 0.831958 0.656361 0.0611874 0.0849262 0.891652
0 0.469906 0.40369 0.0436115 0.0558 0.880733
0 0.718439 0.615476 0.0575939 0.0752139 0.161707
0 0.163414 0.716009 0.0526618 0.0676717 0.875387
0 0.832135 0.656362 0.0612881 0.0838769 0.863805
0 0.470349 0.403473 0.043502 0.0555361 0.851286
0 0.832157 0.65667 0.0615976 0.0791987 0.915673
0 0.163125 0.715542 0.0519469 0.0655504 0.891329
0 0.470352 0.404938 0.0439644 0.0542451 0.873038
0 0.831257 0.656681 0.0614941 0.0836706 0.909028
0 0.162073 0.715486 0.0510672 0.0682617 0.864317
0 0.469884 0.40465 0.0435121 0.0558014 0.85476
0 0.831472 0.656908 0.0610407 0.0832103 0.893603
0 0.16266 0.715648 0.0511855 0.0674595 0.837142
0 0.470551 0.404537 0.0435028 0.0550136 0.82722
0 0.831631 0.656836 0.0633438 0.084962 0.913277
0 0.162685 0.715478 0.0521809 0.0675801 0.877077
0 0.4704 0.403999 0.0443455 0.0549333 0.854691
0 0.831152 0.65668 0.0621631 0.0831393 0.879159
0 0.162112 0.715094 0.0503818 0.068453 0.843057
0 0.470087 0.403899 0.0444228 0.0554889 0.823246
0 0.831816 0.656604 0.063649 0.0834851 0.895685
0 0.162845 0.715184 0.0529178 0.0700849 0.872821
0 0.470951 0.404568 0.0451915 0.056491 0.860841
0 0.166921 0.478909 0.067108 0.077609 0.28377
0 0.830826 0.657213 0.062011 0.0803838 0.889058
0 0.161756 0.714955 0.0507217 0.068178 0.875178
0 0.470275 0.404402 0.0448726 0.0556084 0.852076
0 0.165956 0.479189 0.061941 0.0761261 0.426238
0 0.831616 0.657361 0.0618114 0.0818702 0.878909
0 0.470985 0.404056 0.0443223 0.0558886 0.864416
0 0.162353 0.715253 0.0503696 0.0679467 0.857956
0 0.165093 0.471669 0.06078 0.0928634 0.20543
0 0.83168 0.657403 0.0614078 0.0835268 0.893587
0 0.162158 0.715196 0.0491415 0.0653126 0.88902
0 0.470541 0.403956 0.0425133 0.0536559 0.87071
0 0.831963 0.657719 0.0619492 0.0834965 0.904433
0 0.162035 0.71536 0.0499633 0.0651293 0.896543
0 0.470543 0.403936 0.0427713 0.0548545 0.86877
