0 0.257421 0.470681 0.0699821 0.0718982 0.890318
0 0.854624 0.634064 0.0630477 0.0605696 0.875075
0 0.789823 0.420077 0.0793305 0.067075 0.178656
0 0.372788 0.773012 0.0834272 0.0769047 0.151914
0 0.856454 0.632624 0.0680563 0.0609951 0.939709
0 0.789895 0.417929 0.0826965 0.0685406 0.925836
0 0.372219 0.772042 0.080194 0.0787197 0.839389
0 0.25669 0.472336 0.0741521 0.0742781 0.684823
0 0.85719 0.633809 0.0681547 0.0623359 0.894784
0 0.790399 0.418583 0.0820955 0.0712963 0.890516
0 0.254832 0.471284 0.085051 0.0839258 0.828822
0 0.374132 0.773095 0.0868893 0.0836484 0.812621
0 0.374178 0.772071 0.090769 0.0806476 0.801271
0 0.790771 0.418497 0.0783007 0.0654083 0.694949
0 0.856367 0.632655 0.0650546 0.0567858 0.684284
0 0.255264 0.471805 0.0759867 0.0780929 0.527452
0 0.829995 0.679767 0.0168168 0.0179208 0.231245
0 0.207045 0.649638 0.0271867 0.0270668 0.184926
0 0.262131 0.411673 0.0182632 0.015605 0.101906
0 0.857637 0.632536 0.0707616 0.0589768 0.958216
0 0.790989 0.418763 0.0816068 0.0699411 0.954628
0 0.257914 0.472256 0.0794464 0.0764245 0.842914
0 0.374624 0.772477 0.0887105 0.0793249 0.775102
0 0.202661 0.644044 0.0442812 0.0481018 0.301749
0 0.210534 0.8912 0.0433258 0.0388008 0.134277
0 0.308357 0.438665 0.0469933 0.0434395 0.114671
0 0.645519 0.745058 0.0450163 0.0377407 0.113462
0 0.8302 0.679537 0.0197541 0.0181469 0.104329
0 0.791489 0.420163 0.0822361 0.070775 0.969032
0 0.856541 0.633103 0.0669527 0.0608696 0.94661
0 0.377088 0.774569 0.0941872 0.0867176 0.866451
0 0.257489 0.473357 0.0816862 0.0775621 0.825543
0 0.205081 0.64953 0.0316813 0.0261053 0.197525
0 0.211684 0.880129 0.0473862 0.0614319 0.142839
0 0.21029 0.892669 0.0386263 0.0332994 0.135231
0 0.791006 0.413889 0.0832546 0.075758 0.886156
0 0.857183 0.630826 0.066001 0.0625145 0.838084
0 0.373578 0.771505 0.0887947 0.0793926 0.748409
0 0.252988 0.471933 0.0890399 0.0812518 0.709788
0 0.202358 0.642952 0.042475 0.044446 0.141152
0 0.261189 0.412613 0.0194119 0.0172108 0.118005
0 0.305314 0.431211 0.0382008 0.0291208 0.109461
0 0.418004 0.625787 0.0307313 0.0330593 0.10138
0 0.790807 0.415975 0.0842625 0.0739552 0.996344
0 0.857807 0.632067 0.0688937 0.0596645 0.991257
0 0.255447 0.471926 0.0892085 0.0804728 0.984657
0 0.37466 0.773237 0.0920972 0.0801199 0.982411
0 0.324091 0.688866 0.0311433 0.0276837 0.314622
0 0.419245 0.626609 0.0309732 0.0318716 0.29038
0 0.211073 0.896935 0.0400851 0.0385692 0.233715
0 0.202776 0.642779 0.043451 0.0439906 0.194925
0 0.212193 0.879399 0.0494737 0.0667835 0.164703
0 0.306749 0.433052 0.0420777 0.0317629 0.147667
0 0.52619 0.629669 0.0524357 0.0491466 0.112093
0 0.261869 0.412536 0.0203417 0.0173388 0.105868
0 0.790796 0.416218 0.0838476 0.074172 0.957495
0 0.858566 0.632496 0.0695306 0.0610015 0.943346
0 0.25812 0.471261 0.0866006 0.0797036 0.907444
0 0.374422 0.773014 0.0907182 0.0835461 0.906451
0 0.857444 0.632424 0.0671159 0.0589739 0.815382
0 0.790909 0.417363 0.0791795 0.069025 0.713214
0 0.258547 0.471041 0.0792983 0.0766985 0.544034
0 0.372545 0.771605 0.085821 0.078624 0.49514
0 0.304579 0.427868 0.0279813 0.0203865 0.178219
0 0.318593 0.62557 0.0287354 0.0292488 0.163847
0 0.418502 0.62689 0.0252551 0.0254244 0.123843
0 0.2619 0.410801 0.0143274 0.0134459 0.110259
0 0.43468 0.802227 0.0206102 0.0201653 0.108485
0 0.790052 0.415968 0.0821109 0.0733761 0.975742
0 0.858277 0.631883 0.0705662 0.062825 0.964119
0 0.374369 0.77132 0.0921304 0.0815949 0.957284
0 0.259843 0.470078 0.0839546 0.0756283 0.937126
0 0.789905 0.415007 0.0786961 0.0686805 0.884616
0 0.373552 0.769535 0.0900403 0.0773184 0.865271
0 0.858243 0.630317 0.0637422 0.0588666 0.857499
0 0.259197 0.469805 0.081384 0.0730513 0.779518
0 0.85681 0.634711 0.0676266 0.0659348 0.748511
0 0.254959 0.470222 0.094728 0.0788819 0.637377
0 0.789256 0.416869 0.0810511 0.0760771 0.633554
0 0.371386 0.772786 0.091666 0.0855595 0.627749
0 0.66561 0.558014 0.0310792 0.02629 0.131913
0 0.729946 0.57196 0.0248419 0.0207479 0.107116
0 0.857216 0.63486 0.0683253 0.0637544 0.955315
0 0.371723 0.770161 0.08466 0.0784701 0.922576
0 0.25776 0.471317 0.0831134 0.0750868 0.892191
0 0.790307 0.415116 0.0785618 0.0716274 0.85395
0 0.857522 0.636744 0.0638643 0.0622246 0.592838
0 0.784123 0.41382 0.0602033 0.0590368 0.295332
0 0.264508 0.412955 0.0301195 0.0232407 0.154913
0 0.267495 0.46963 0.0451047 0.0423229 0.150791
0 0.78925 0.417064 0.080056 0.0705055 0.9788
0 0.373926 0.771596 0.0995583 0.0780701 0.964354
0 0.858506 0.632893 0.0667623 0.0595453 0.934619
0 0.253906 0.472021 0.0934276 0.0749659 0.901299
0 0.691515 0.394543 0.243643 0.201779 0.178485
0 0.834948 0.683078 0.02893 0.0274172 0.128841
0 0.790745 0.418538 0.0802915 0.0713656 0.935636
0 0.857278 0.633832 0.0655458 0.0593372 0.874822
0 0.373724 0.771997 0.101557 0.07973 0.836207
0 0.256455 0.474354 0.0895568 0.0763588 0.721072
0 0.856782 0.633091 0.068055 0.0616639 0.917305
0 0.791121 0.417287 0.0805455 0.0725607 0.874624
0 0.374182 0.771939 0.0955774 0.0844102 0.805373
0 0.249765 0.472152 0.100009 0.0795607 0.615997
0 0.835454 0.682422 0.0270363 0.0241625 0.11209
0 0.792081 0.415713 0.080801 0.0695198 0.889084
0 0.857828 0.631325 0.0688222 0.0554424 0.87093
0 0.373146 0.769793 0.0994021 0.0771161 0.816226
0 0.252478 0.469834 0.0927629 0.0765357 0.595363
0 0.733716 0.395189 0.0181214 0.0208885 0.117286
0 0.792488 0.416714 0.0820721 0.0733946 0.945266
0 0.374608 0.771515 0.0959182 0.0838142 0.940173
0 0.858637 0.632994 0.0696215 0.0583482 0.935945
0 0.252179 0.470596 0.0970056 0.0791157 0.799398
0 0.650274 0.57792 0.0307508 0.024573 0.268161
0 0.374005 0.771808 0.0934658 0.0847837 0.880339
0 0.857044 0.632322 0.0671206 0.0629839 0.856549
0 0.791398 0.41477 0.0818592 0.0783253 0.83843
0 0.253769 0.471935 0.0924734 0.0808577 0.652223
0 0.856282 0.633092 0.0645904 0.0599447 0.92225
0 0.373433 0.771925 0.091052 0.0815606 0.884987
0 0.791664 0.414681 0.0830031 0.0763397 0.880287
0 0.25688 0.470578 0.0906579 0.0745966 0.709925
0 0.858613 0.632127 0.0698978 0.0642023 0.931424
0 0.792282 0.413858 0.0854355 0.0770994 0.895007
0 0.373165 0.769754 0.100065 0.0839919 0.871123
0 0.250423 0.471172 0.100122 0.0864687 0.71219
0 0.857929 0.632253 0.0693216 0.0642349 0.856641
0 0.792377 0.414672 0.0870981 0.0784222 0.690786
0 0.373905 0.770838 0.0981546 0.0840812 0.543914
0 0.252465 0.471506 0.09806 0.081221 0.50936
0 0.85719 0.632765 0.0704104 0.0581198 0.971016
0 0.791135 0.415751 0.0788245 0.0714439 0.956371
0 0.376097 0.770628 0.0891364 0.077379 0.941261
0 0.2576 0.470907 0.0839449 0.0764189 0.864899
0 0.856504 0.632253 0.0696663 0.0592598 0.883352
0 0.791371 0.414741 0.0809419 0.0738161 0.852312
0 0.37531 0.771278 0.0907771 0.0785598 0.843812
0 0.254552 0.472245 0.093769 0.0774235 0.662264
0 0.856068 0.631979 0.0661615 0.0604776 0.891663
0 0.791378 0.413484 0.0812622 0.0774107 0.866218
0 0.374793 0.770966 0.089141 0.0798391 0.850379
0 0.257598 0.472268 0.0847468 0.0773176 0.728455
0 0.856809 0.633599 0.0675388 0.0599082 0.875982
0 0.790733 0.415649 0.0822287 0.075316 0.849199
0 0.374257 0.771004 0.0886393 0.0784849 0.802783
0 0.257379 0.471689 0.0849304 0.0763484 0.794651
0 0.857979 0.631397 0.0685364 0.0597552 0.87293
0 0.791436 0.410704 0.0811982 0.0820954 0.852431
0 0.373634 0.770686 0.091027 0.080197 0.819143
0 0.255292 0.47181 0.0939514 0.0785987 0.585418
0 0.857884 0.631879 0.0673604 0.0601326 0.858623
0 0.791409 0.411505 0.0824945 0.0823558 0.790567
0 0.374399 0.771004 0.0918582 0.0804746 0.766694
0 0.255602 0.472331 0.0952622 0.0794399 0.534647
0 0.857058 0.631324 0.0654595 0.0595664 0.947582
0 0.374586 0.769869 0.0919711 0.0799979 0.937241
0 0.790365 0.413772 0.0823752 0.0769215 0.920855
0 0.255092 0.472105 0.0946487 0.078755 0.842633
0 0.8561 0.63281 0.0667136 0.0596241 0.868883
0 0.789847 0.414661 0.0837487 0.0774469 0.828212
0 0.375152 0.770967 0.0952903 0.0799715 0.794865
0 0.25902 0.473302 0.0894778 0.0769823 0.765403
0 0.856736 0.632323 0.0658614 0.058532 0.919826
0 0.790835 0.41366 0.0795926 0.0780815 0.8225
0 0.375808 0.770028 0.0918677 0.0777414 0.807082
0 0.25975 0.472585 0.0823771 0.0774404 0.766873
0 0.856575 0.633164 0.0666447 0.0611626 0.934251
0 0.375509 0.771688 0.0906376 0.0806599 0.911506
0 0.257554 0.472565 0.0863264 0.0780258 0.840341
0 0.791156 0.412448 0.0818199 0.0802915 0.760076
0 0.857832 0.631572 0.0653137 0.0596647 0.896169
0 0.791546 0.41333 0.0794956 0.0783945 0.84212
0 0.374956 0.770711 0.088597 0.0777437 0.795887
0 0.258995 0.471132 0.0805088 0.0733646 0.788381
0 0.856605 0.631455 0.0677437 0.0591999 0.93139
0 0.789746 0.41353 0.0802078 0.0755941 0.928221
0 0.37491 0.771637 0.0917333 0.0796171 0.894396
0 0.260727 0.472495 0.0838145 0.075993 0.854947
0 0.856265 0.632447 0.0652561 0.0570084 0.933427
0 0.790593 0.413404 0.0821913 0.0759258 0.926555
0 0.375409 0.769872 0.0922418 0.0784535 0.903677
0 0.262091 0.471938 0.084563 0.0755266 0.890904
0 0.856429 0.632793 0.0679527 0.0596518 0.901737
0 0.790958 0.413625 0.0829167 0.0784781 0.876774
0 0.26196 0.472009 0.085692 0.0765654 0.848465
0 0.374814 0.769705 0.0919931 0.0797204 0.846807
0 0.85651 0.632461 0.0655946 0.0571779 0.859526
0 0.791525 0.412997 0.0789777 0.0742596 0.817288
0 0.373839 0.769754 0.0871095 0.0783428 0.810793
0 0.260396 0.472048 0.0818727 0.0743253 0.800269
0 0.374753 0.770237 0.088804 0.0790997 0.834636
0 0.791326 0.413633 0.0783324 0.0745529 0.828918
0 0.856715 0.632494 0.0663949 0.0574508 0.826395
0 0.263723 0.471917 0.0813026 0.0738291 0.825987
0 0.856472 0.631804 0.0655607 0.0578951 0.929663
0 0.373071 0.768408 0.0890793 0.0786213 0.909127
0 0.790386 0.413185 0.0774606 0.0743237 0.853248
0 0.26062 0.471498 0.0797445 0.0732279 0.693771
0 0.373815 0.769097 0.0906795 0.0789568 0.907676
0 0.857193 0.632616 0.0680725 0.0599131 0.905212
0 0.791198 0.413902 0.078853 0.0752689 0.880379
0 0.260856 0.472208 0.0848172 0.0750834 0.786779
0 0.791107 0.41421 0.0789372 0.0755709 0.895262
0 0.373975 0.769164 0.0876036 0.0762236 0.883698
0 0.855932 0.632291 0.068374 0.0589432 0.87739
0 0.261483 0.471378 0.0824954 0.0747792 0.860022
0 0.791625 0.415168 0.0798985 0.0737268 0.859685
0 0.373946 0.769257 0.0873151 0.0765333 0.840586
0 0.855937 0.632234 0.0670279 0.0605206 0.833643
0 0.26214 0.471646 0.0834631 0.0770826 0.768866
0 0.791847 0.414287 0.0793919 0.075428 0.88609
0 0.856605 0.633253 0.0672134 0.0593069 0.88026
0 0.374213 0.769148 0.086971 0.076652 0.877391
0 0.260705 0.472115 0.0851315 0.0767955 0.824486
0 0.856352 0.632534 0.0662059 0.0587433 0.853208
0 0.790901 0.413881 0.0776502 0.0756524 0.849257
0 0.373012 0.768893 0.085176 0.0771959 0.843581
0 0.258027 0.471663 0.0825964 0.0764236 0.792802
0 0.858163 0.633085 0.0664475 0.0577062 0.901483
0 0.79168 0.413532 0.0770114 0.0766602 0.888301
0 0.374703 0.769687 0.0859912 0.0777563 0.878668
0 0.262638 0.472136 0.0802177 0.076882 0.815789
0 0.857304 0.632745 0.0674179 0.0572689 0.884421
0 0.790892 0.413673 0.0767675 0.0756083 0.873825
0 0.372434 0.769885 0.0843038 0.0768752 0.838931
0 0.261307 0.472186 0.0820222 0.0756422 0.826713
0 0.856485 0.632465 0.0665171 0.0593659 0.84857
0 0.791634 0.413483 0.0773851 0.0746543 0.832044
0 0.263829 0.471753 0.08136 0.0752779 0.820095
0 0.372654 0.769763 0.0832307 0.076589 0.794777
0 0.791729 0.413095 0.0798168 0.0757125 0.868411
0 0.856536 0.632073 0.0682964 0.0599529 0.862648
0 0.373837 0.769762 0.0863616 0.0769333 0.827478
0 0.265947 0.472095 0.086579 0.0771361 0.606106
0 0.856667 0.631843 0.0656482 0.0600155 0.913331
0 0.791456 0.413049 0.0798582 0.0762358 0.901851
0 0.372742 0.769455 0.0845258 0.0761761 0.859015
0 0.265005 0.472274 0.0844105 0.0772627 0.826451
0 0.856545 0.632293 0.0669415 0.0618108 0.859986
0 0.790879 0.413773 0.0802004 0.0760151 0.851989
0 0.371412 0.769693 0.0852162 0.076883 0.789213
0 0.262496 0.473118 0.0850992 0.0790317 0.739191
0 0.85754 0.631527 0.065768 0.0589525 0.922581
0 0.372655 0.768866 0.0837432 0.0749002 0.905831
0 0.792042 0.413092 0.0783421 0.0741146 0.900064
0 0.262694 0.472204 0.0820247 0.0759937 0.78095
0 0.791788 0.414689 0.0797925 0.0754685 0.848616
0 0.85725 0.631814 0.0681824 0.0608133 0.847935
0 0.372352 0.769327 0.0860223 0.0766043 0.840349
0 0.262839 0.472621 0.0828929 0.077652 0.737214
0 0.792094 0.413094 0.0798411 0.0773468 0.908718
0 0.373082 0.769339 0.0855805 0.0785507 0.900493
0 0.85753 0.631768 0.0687532 0.0607115 0.89702
0 0.263364 0.472311 0.0840302 0.0774348 0.82297
0 0.857236 0.632421 0.0686999 0.0598066 0.900491
0 0.372992 0.770233 0.083963 0.0769606 0.896504
0 0.792167 0.414162 0.0799732 0.0743679 0.883841
0 0.262926 0.472769 0.0835528 0.0768585 0.843981
0 0.857111 0.632223 0.0694394 0.06207 0.876271
0 0.373601 0.769666 0.0849713 0.0771324 0.845941
0 0.791676 0.413054 0.0801436 0.0754824 0.841194
0 0.263387 0.471704 0.0845274 0.0770084 0.777051
0 0.857285 0.633426 0.0681181 0.0598911 0.885427
0 0.793047 0.41405 0.079119 0.0744576 0.869512
0 0.374985 0.76966 0.0841916 0.0757805 0.826639
0 0.262448 0.472519 0.0845151 0.0766627 0.821904
0 0.856219 0.633424 0.069291 0.0613045 0.855485
0 0.792675 0.414409 0.0806504 0.0746654 0.84977
0 0.263678 0.472167 0.0836418 0.0767244 0.819431
0 0.375051 0.770047 0.0868711 0.0766449 0.81586
0 0.856188 0.632519 0.0665043 0.0606761 0.855498
0 0.791349 0.414582 0.0791822 0.0734456 0.845116
0 0.3744 0.770184 0.0871933 0.0765355 0.830736
0 0.262408 0.473909 0.0834609 0.0784015 0.803149
0 0.793276 0.745342 0.025408 0.0227057 0.410723
0 0.856411 0.632688 0.0683229 0.0618488 0.881186
0 0.791911 0.411824 0.0817351 0.0754586 0.870471
0 0.37339 0.76922 0.0872185 0.0783752 0.868971
0 0.261469 0.472256 0.0905962 0.0793258 0.811356
0 0.856062 0.633808 0.0677181 0.0615413 0.862032
0 0.37282 0.770408 0.0854523 0.0782496 0.861321
0 0.791592 0.412591 0.0812983 0.0749508 0.845422
0 0.261464 0.472888 0.0868069 0.0787769 0.790037
0 0.856936 0.633155 0.0678871 0.060697 0.846557
0 0.792574 0.41492 0.0807096 0.0745953 0.842862
0 0.374974 0.770836 0.0871242 0.0772658 0.831356
0 0.26189 0.472829 0.0847208 0.0767094 0.789492
0 0.793107 0.74438 0.0239127 0.0215685 0.207694
0 0.856294 0.632672 0.0676745 0.0610506 0.821082
0 0.792336 0.414757 0.0806449 0.074691 0.818729
0 0.374783 0.770468 0.08794 0.0787766 0.816114
0 0.259691 0.472641 0.0873408 0.0785448 0.724875
0 0.856303 0.631612 0.0658458 0.0604786 0.904939
0 0.792294 0.41245 0.0770343 0.0751492 0.891315
0 0.374905 0.769658 0.0853167 0.0798019 0.888033
0 0.261121 0.471996 0.0813236 0.0767835 0.651129
0 0.79242 0.414821 0.0801407 0.07621 0.848941
0 0.856378 0.631729 0.0676899 0.060272 0.847854
0 0.374714 0.770452 0.0870092 0.081987 0.84517
0 0.26021 0.472171 0.0859347 0.0781548 0.507763
0 0.790801 0.41444 0.0790541 0.0746787 0.907852
0 0.85635 0.631965 0.0680046 0.0612993 0.905872
0 0.373592 0.770171 0.0875656 0.0792468 0.903938
0 0.261625 0.472503 0.082748 0.0789896 0.856785
0 0.856868 0.632392 0.0685044 0.0612255 0.869868
0 0.79111 0.414497 0.0788327 0.0745508 0.863775
0 0.374899 0.76983 0.0902316 0.0784287 0.842436
0 0.262934 0.471432 0.0834363 0.0765108 0.802627
0 0.856549 0.632703 0.065871 0.0620065 0.923295
0 0.790865 0.414072 0.078263 0.07508 0.906101
0 0.373357 0.768786 0.0876913 0.077417 0.899606
0 0.262311 0.471273 0.0827853 0.0761288 0.849789
0 0.792454 0.742411 0.0255347 0.0199321 0.169994
0 0.856403 0.633035 0.0658127 0.0607437 0.904424
0 0.791449 0.414193 0.0772512 0.0738923 0.883679
0 0.373318 0.769131 0.0865821 0.0768572 0.860333
0 0.263496 0.471637 0.0812602 0.075658 0.824985
0 0.79222 0.744191 0.0241234 0.0200587 0.340982
0 0.855993 0.633754 0.0675323 0.0619165 0.917892
0 0.792231 0.414421 0.0763303 0.0753357 0.897745
0 0.373051 0.770012 0.0859338 0.0785184 0.870085
0 0.262556 0.472188 0.0823459 0.0765318 0.840885
0 0.792544 0.744696 0.0274224 0.0219338 0.158851
0 0.856674 0.632715 0.0678453 0.0599263 0.887977
0 0.791515 0.414088 0.0779651 0.0730567 0.874206
0 0.374477 0.768247 0.0883296 0.0795895 0.863987
0 0.264265 0.472051 0.0815826 0.0756218 0.836728
0 0.856947 0.633864 0.0689706 0.0629856 0.894193
0 0.374133 0.771099 0.0899309 0.0819478 0.883809
0 0.7914 0.414301 0.0794404 0.0751087 0.870842
0 0.262348 0.472919 0.0858825 0.0801095 0.839797
0 0.856705 0.633978 0.0675787 0.0634457 0.874201
0 0.373415 0.769867 0.0872898 0.0783943 0.867321
0 0.791956 0.414735 0.0775087 0.0747831 0.864636
0 0.263163 0.472071 0.0819547 0.0771673 0.842559
0 0.791326 0.414028 0.0783738 0.0761685 0.941336
0 0.373403 0.769151 0.0877281 0.0788622 0.937203
0 0.261914 0.471281 0.0827934 0.0767319 0.925255
0 0.856641 0.633516 0.0684628 0.0615549 0.911683
0 0.791565 0.414427 0.078308 0.0750203 0.927909
0 0.374244 0.769126 0.0881299 0.0800029 0.926764
0 0.262062 0.472177 0.0818804 0.0756682 0.919339
0 0.856697 0.633753 0.0691936 0.0616425 0.876917
0 0.791752 0.414027 0.0779734 0.0759048 0.935787
0 0.374915 0.769748 0.0876282 0.0797334 0.929104
0 0.262423 0.472441 0.0814092 0.0755062 0.917586
0 0.856516 0.63311 0.0674508 0.0624873 0.912455
0 0.856735 0.632986 0.0681643 0.0608542 0.90011
0 0.791763 0.414507 0.0771882 0.0735064 0.897762
0 0.375361 0.770389 0.0872199 0.0772149 0.895303
0 0.263224 0.472577 0.0811726 0.0744162 0.893592
0 0.856392 0.632563 0.0689883 0.0634778 0.920867
0 0.26189 0.472153 0.0840316 0.0782448 0.880679
0 0.79181 0.413642 0.0791252 0.0756038 0.874156
0 0.374954 0.769614 0.0895746 0.0799822 0.871717
0 0.857629 0.633946 0.0686244 0.062307 0.899253
0 0.263311 0.473002 0.0822192 0.0773756 0.86457
0 0.375122 0.770695 0.0873183 0.0791117 0.851285
0 0.792055 0.413957 0.0778124 0.0758427 0.850239
0 0.792949 0.744563 0.0239416 0.0214911 0.253499
0 0.262 0.472209 0.0825106 0.0759225 0.9025
0 0.85664 0.632707 0.0685744 0.061081 0.892931
0 0.374365 0.770056 0.0870373 0.0766529 0.888686
0 0.792068 0.413755 0.0772369 0.0737166 0.853484
0 0.857209 0.633067 0.0676607 0.0613501 0.905567
0 0.262651 0.471949 0.0796595 0.07425 0.903519
0 0.374662 0.769963 0.0850892 0.0756557 0.900959
0 0.792829 0.413967 0.0764414 0.0734394 0.875045
0 0.373616 0.769363 0.0868275 0.0793557 0.827735
0 0.260631 0.472064 0.0813367 0.0763212 0.824076
0 0.856595 0.633401 0.0695387 0.0635358 0.812424
0 0.792004 0.414202 0.0774248 0.0739967 0.801851
0 0.373522 0.77008 0.0866541 0.0774067 0.90635
0 0.856571 0.632951 0.0686966 0.0631246 0.901852
0 0.2611 0.472074 0.0815917 0.0765919 0.896179
0 0.791908 0.414589 0.0773728 0.072261 0.875823
0 0.374 0.769922 0.087382 0.0782901 0.904547
0 0.26152 0.472362 0.0815518 0.0772549 0.882003
0 0.855684 0.632744 0.0674553 0.065531 0.879939
0 0.792124 0.414532 0.07585 0.0720945 0.860346
0 0.374004 0.770071 0.0880519 0.0774007 0.918435
0 0.261516 0.472774 0.0818575 0.0768232 0.882608
0 0.792347 0.414688 0.0750885 0.0713484 0.87498
0 0.85571 0.633371 0.0689189 0.0649473 0.870826
0 0.794212 0.74289 0.024859 0.0190521 0.103847
0 0.372836 0.770457 0.0827106 0.0752198 0.897805
0 0.260843 0.473175 0.0796523 0.0752044 0.87225
0 0.792383 0.415286 0.0732487 0.0699219 0.867826
0 0.855919 0.63365 0.0682444 0.0624985 0.866671
0 0.794803 0.74338 0.0259698 0.0207397 0.174544
0 0.3728 0.770829 0.0851088 0.0772976 0.907644
0 0.856172 0.632983 0.0684563 0.0652685 0.904066
0 0.260421 0.473536 0.0823179 0.0777624 0.897355
0 0.79177 0.415027 0.0740584 0.0712442 0.89102
0 0.793437 0.743987 0.0255481 0.0212389 0.270904
0 0.37572 0.770472 0.0857835 0.0751104 0.877798
0 0.856587 0.633444 0.0663773 0.0611419 0.869937
0 0.261069 0.473796 0.0828078 0.0765949 0.867759
0 0.791714 0.415167 0.0729227 0.070479 0.86328
0 0.794344 0.742058 0.0275824 0.0219984 0.141757
0 0.375037 0.769922 0.0892056 0.0768505 0.899028
0 0.856033 0.632168 0.0669634 0.064317 0.895458
0 0.26169 0.472899 0.083138 0.0779581 0.884067
0 0.791515 0.414308 0.0741861 0.0726982 0.882168
0 0.856435 0.632278 0.0668966 0.0613538 0.896374
0 0.375666 0.768765 0.0895959 0.0772449 0.883873
0 0.791928 0.41412 0.0749663 0.0740586 0.866774
0 0.263117 0.472619 0.0833165 0.0761909 0.866018
0 0.857137 0.633312 0.0671861 0.0600858 0.913663
0 0.375331 0.769337 0.0900321 0.0771747 0.897996
0 0.792266 0.414567 0.0761237 0.0746639 0.897819
0 0.2631 0.473036 0.0841149 0.0764925 0.887311
0 0.793455 0.745087 0.0235639 0.0197754 0.375541
0 0.856878 0.633321 0.0693009 0.0636435 0.905583
0 0.793172 0.413898 0.0776741 0.0782498 0.876077
0 0.262076 0.471741 0.0835644 0.0777456 0.873018
0 0.374791 0.768886 0.0907742 0.0786514 0.870446
0 0.793458 0.744498 0.0245432 0.0205227 0.337756
0 0.721805 0.742173 0.0189913 0.0173278 0.117704
0 0.857123 0.633239 0.0672563 0.0623632 0.912913
0 0.792618 0.414031 0.0759828 0.0769578 0.891364
0 0.262316 0.472099 0.0803037 0.0765646 0.889659
0 0.375403 0.769449 0.0881025 0.0765407 0.88252
0 0.794159 0.745008 0.0254229 0.0210856 0.600235
0 0.72212 0.743036 0.0198765 0.0180739 0.203105
0 0.856484 0.633245 0.0697818 0.064925 0.893968
0 0.792325 0.413889 0.0770719 0.0765623 0.8803
0 0.261243 0.472391 0.0828785 0.0769913 0.876006
0 0.374529 0.769854 0.0867504 0.0775042 0.871485
0 0.79437 0.745161 0.0254114 0.020912 0.109076
0 0.856962 0.633425 0.0688968 0.0638362 0.903811
0 0.262213 0.472666 0.0808933 0.0761529 0.89222
0 0.374796 0.770036 0.0854127 0.0767711 0.886319
0 0.79292 0.41382 0.076341 0.0746281 0.886229
0 0.261565 0.473049 0.0832591 0.0783525 0.895241
0 0.855749 0.634148 0.0716629 0.0668088 0.879261
0 0.374704 0.770421 0.0887725 0.078254 0.875295
0 0.792555 0.413928 0.0771724 0.0751683 0.872014
0 0.26171 0.472933 0.0825961 0.0779503 0.875225
0 0.855888 0.634718 0.0702382 0.0650783 0.865644
0 0.374627 0.770096 0.0888263 0.0776806 0.851844
0 0.79245 0.414178 0.0769943 0.0743971 0.840391
0 0.793769 0.745066 0.0238234 0.0198866 0.165454
0 0.262442 0.472527 0.0792012 0.0751948 0.918502
0 0.85693 0.635171 0.065761 0.0628471 0.907958
0 0.374768 0.769949 0.0847887 0.0764652 0.905193
0 0.792769 0.414726 0.0736513 0.07351 0.903282
0 0.794308 0.745203 0.0232483 0.0197289 0.423707
0 0.722483 0.741964 0.0179482 0.0158823 0.265253
0 0.26211 0.472269 0.0801587 0.0764414 0.882183
0 0.856986 0.634728 0.0691221 0.0642895 0.877684
0 0.373512 0.769908 0.0849873 0.0757869 0.869477
0 0.791876 0.414078 0.0760447 0.0751864 0.867016
0 0.794472 0.742547 0.0235698 0.0169748 0.292528
0 0.722441 0.740985 0.0184668 0.0158842 0.103812
0 0.374266 0.770221 0.086345 0.0757951 0.888976
0 0.262888 0.473062 0.0805606 0.0759399 0.886653
0 0.792662 0.414899 0.0773661 0.0725563 0.878806
0 0.857231 0.633982 0.0691781 0.0624634 0.878499
0 0.793766 0.744729 0.0247348 0.0203909 0.130828
0 0.262038 0.473031 0.0819264 0.0764311 0.914833
0 0.373893 0.770805 0.0864102 0.0767341 0.914093
0 0.85617 0.633736 0.0679965 0.0625848 0.910215
0 0.79223 0.414122 0.0774166 0.0736788 0.90808
0 0.373426 0.770136 0.0855613 0.0758325 0.880805
0 0.856563 0.63273 0.068367 0.0619489 0.880506
0 0.261359 0.472775 0.0811408 0.0759941 0.87003
0 0.792564 0.413946 0.0776513 0.0721187 0.86223
0 0.793539 0.744896 0.0263825 0.0217568 0.127946
0 0.856723 0.633739 0.0683439 0.0642204 0.909996
0 0.374054 0.770318 0.0848488 0.075627 0.909757
0 0.262229 0.472973 0.0798309 0.0749299 0.897003
0 0.793001 0.415185 0.0757528 0.0714733 0.893527
0 0.79373 0.74502 0.0251436 0.0217582 0.191633
0 0.856181 0.633327 0.0683702 0.0646246 0.915837
0 0.374434 0.770764 0.0870528 0.0767795 0.915725
0 0.261386 0.472868 0.081387 0.0755287 0.914025
0 0.792126 0.415046 0.077058 0.0732436 0.903121
0 0.793698 0.74448 0.0249128 0.0218538 0.146308
0 0.856988 0.633448 0.0683286 0.0629099 0.912674
0 0.261884 0.473604 0.0827182 0.0750958 0.906285
0 0.374873 0.771639 0.088314 0.0767943 0.905553
0 0.793447 0.415482 0.0781209 0.0701929 0.896663
0 0.793798 0.744694 0.0250026 0.0217144 0.136978
0 0.85657 0.633094 0.0696397 0.0651329 0.911575
0 0.262451 0.472765 0.0829738 0.0774427 0.905111
0 0.373902 0.77048 0.0884273 0.0780678 0.900135
0 0.792759 0.413465 0.0780814 0.0762472 0.898857
0 0.794958 0.742082 0.0262273 0.0201894 0.191639
0 0.856189 0.634166 0.0695112 0.0648712 0.892652
0 0.262081 0.472655 0.0837459 0.0766218 0.882849
0 0.373657 0.770292 0.0878685 0.0773461 0.869365
0 0.792412 0.413334 0.0777487 0.0754543 0.869027
0 0.794939 0.741666 0.0260466 0.0202995 0.251159
0 0.261795 0.472522 0.0835538 0.0746088 0.924888
0 0.855957 0.633773 0.0680237 0.0602408 0.921319
0 0.791965 0.413522 0.0764671 0.072315 0.919253
0 0.373801 0.769934 0.0868396 0.0751244 0.914843
0 0.795281 0.741984 0.0253374 0.0196564 0.151868
0 0.791886 0.414309 0.0763481 0.0728975 0.918754
0 0.261365 0.47238 0.0842802 0.0772242 0.908802
0 0.373114 0.769969 0.0870418 0.0773271 0.903833
0 0.855739 0.634696 0.0683588 0.0641183 0.898446
0 0.792144 0.414943 0.0758953 0.0722671 0.909183
0 0.262068 0.473268 0.0834189 0.0768568 0.881927
0 0.374273 0.769827 0.0856033 0.076918 0.879056
0 0.856115 0.633856 0.0677082 0.0624556 0.871605
0 0.793392 0.743662 0.0251083 0.0204063 0.262848
0 0.792026 0.414849 0.0771488 0.0731016 0.930681
0 0.856275 0.634596 0.0690428 0.0636657 0.908421
0 0.262409 0.473313 0.085313 0.0780288 0.906016
0 0.374337 0.769983 0.0873375 0.0778914 0.905303
0 0.793497 0.743567 0.0257723 0.0203083 0.355314
0 0.856877 0.63451 0.0699172 0.0638596 0.890011
0 0.791853 0.414688 0.0762815 0.0723562 0.88632
0 0.261829 0.473137 0.082154 0.0766889 0.878129
0 0.374029 0.770071 0.0864962 0.0770383 0.869999
0 0.793629 0.743652 0.0261451 0.0208685 0.447358
0 0.857269 0.63401 0.0706988 0.0651726 0.910953
0 0.792865 0.4142 0.0776392 0.0736317 0.904932
0 0.374851 0.770055 0.0880017 0.0771715 0.898293
0 0.262207 0.472708 0.0845596 0.0776333 0.89781
0 0.794012 0.743906 0.0258715 0.0209606 0.281052
0 0.856377 0.63382 0.0682269 0.0624208 0.922536
0 0.37354 0.770407 0.08708 0.0763311 0.901524
0 0.261444 0.473017 0.0827223 0.0756088 0.899779
0 0.792235 0.41445 0.0770179 0.0712022 0.897622
0 0.794803 0.743843 0.0248869 0.0203026 0.274655
0 0.856712 0.633818 0.0675874 0.0628701 0.910678
0 0.792892 0.414328 0.0770126 0.0711558 0.892859
0 0.374087 0.770254 0.0865318 0.0764037 0.882692
0 0.262297 0.472722 0.0824986 0.0753231 0.880129
0 0.857027 0.6339 0.0674398 0.0625558 0.897777
0 0.792814 0.414353 0.0773855 0.0719077 0.897175
0 0.375072 0.770412 0.0873646 0.0775646 0.890509
0 0.26245 0.472955 0.0840058 0.0766384 0.889183
0 0.856808 0.633789 0.0678666 0.0631376 0.898291
0 0.375201 0.770439 0.087912 0.0780867 0.89417
0 0.262289 0.473026 0.0854928 0.0772162 0.892938
0 0.792666 0.414771 0.0773921 0.0726133 0.889985
