0 0.792394 0.500089 0.0607663 0.0297884 0.9357
0 0.744544 0.298793 0.078368 0.0253891 0.861642
0 0.169522 0.481939 0.0717679 0.0253237 0.694977
0 0.853782 0.580656 0.0774971 0.0279085 0.522709
0 0.184953 0.367491 0.084881 0.0266518 0.393029
0 0.364266 0.307669 0.0744916 0.0304091 0.364909
0 0.558989 0.354349 0.0574418 0.0234416 0.294556
0 0.435174 0.61931 0.0823505 0.0303459 0.292688
0 0.439969 0.495628 0.0656837 0.0282677 0.260586
0 0.162216 0.763483 0.0859417 0.0310736 0.234178
0 0.587865 0.354333 0.0519319 0.0236534 0.218008
0 0.821581 0.503038 0.0714845 0.0282908 0.161524
0 0.179085 0.469529 0.0695111 0.0418541 0.141945
0 0.573153 0.353145 0.100392 0.0282575 0.11823
0 0.136689 0.765482 0.0621374 0.0236247 0.116179
0 0.790155 0.50049 0.0613581 0.0330963 0.92742
0 0.434911 0.496051 0.0616773 0.0337732 0.913466
0 0.74306 0.299813 0.0788111 0.0343185 0.771888
0 0.361322 0.307289 0.0766911 0.0362062 0.743094
0 0.851149 0.582495 0.0791766 0.0385299 0.657781
0 0.429696 0.619676 0.0840089 0.0339526 0.546282
0 0.151439 0.763584 0.107133 0.0368567 0.472125
0 0.816604 0.502336 0.0767165 0.0339682 0.452486
0 0.54805 0.35334 0.0763077 0.0316548 0.303214
0 0.164589 0.479831 0.087672 0.0338366 0.254812
0 0.0341434 0.966807 0.0682868 0.0238863 0.244499
0 0.384549 0.620149 0.0649741 0.0327148 0.241802
0 0.612269 0.214794 0.0556206 0.0238777 0.23354
0 0.175963 0.371001 0.0965376 0.0385514 0.227493
0 0.0470432 0.984499 0.0940864 0.0310026 0.207739
0 0.782945 0.202885 0.127148 0.0542648 0.128047
0 0.437277 0.496278 0.0751674 0.0333029 0.447324
0 0.431873 0.620342 0.0923945 0.0351512 0.266796
0 0.853623 0.583762 0.0849592 0.0398052 0.242287
0 0.806733 0.500745 0.111974 0.0429073 0.150025
0 0.363025 0.308485 0.0807168 0.0368145 0.14303
0 0.79054 0.50218 0.066723 0.0347382 0.139741
0 0.745964 0.302354 0.0830104 0.0388295 0.106088
0 0.437292 0.494826 0.0740794 0.0320627 0.917883
0 0.194142 0.37055 0.0525995 0.0346665 0.751503
0 0.363213 0.307889 0.0727031 0.0325491 0.654675
0 0.853966 0.587008 0.0885747 0.0451988 0.619798
0 0.749203 0.301512 0.0750411 0.0353864 0.6034
0 0.433165 0.618659 0.0896504 0.0345392 0.581777
0 0.553462 0.353964 0.0757069 0.0319424 0.581393
0 0.0508284 0.972245 0.101657 0.0555099 0.549312
0 0.160668 0.763835 0.0942437 0.0383648 0.544737
0 0.790873 0.500552 0.0821405 0.0354746 0.423182
0 0.170356 0.480014 0.06702 0.0312662 0.380719
0 0.377492 0.363675 0.124256 0.0379018 0.318856
0 0.921377 0.403061 0.0472242 0.0188729 0.245502
0 0.0468343 0.986854 0.0936686 0.0262924 0.145126
0 0.402251 0.362742 0.0645642 0.0361919 0.133756
0 0.361986 0.30784 0.0786155 0.0339874 0.924807
0 0.159014 0.763585 0.098086 0.0355414 0.908551
0 0.436617 0.493818 0.0752481 0.0334377 0.895065
0 0.853689 0.58677 0.093768 0.0490748 0.874075
0 0.744642 0.302139 0.0903184 0.0359566 0.869021
0 0.0512164 0.973934 0.102433 0.052132 0.867853
0 0.433708 0.618415 0.0982057 0.0353016 0.85357
0 0.79777 0.501911 0.0930518 0.0357256 0.779172
0 0.571315 0.353997 0.125211 0.0326464 0.776568
0 0.168821 0.478179 0.0769734 0.0358217 0.758181
0 0.188408 0.369936 0.11419 0.0365535 0.755232
0 0.37784 0.364065 0.127736 0.0376295 0.606658
0 0.39556 0.661328 0.0855216 0.0327082 0.280081
0 0.780792 0.204711 0.131166 0.061216 0.205337
0 0.924203 0.402997 0.05582 0.0217631 0.166996
0 0.431849 0.618163 0.0906359 0.0348185 0.844819
0 0.158483 0.7641 0.0949316 0.0332017 0.812648
0 0.438135 0.492917 0.077762 0.0358672 0.805604
0 0.363582 0.308263 0.0733674 0.0314317 0.786627
0 0.85408 0.58393 0.0882883 0.0434348 0.746486
0 0.0492648 0.984877 0.0985296 0.030246 0.69371
0 0.794615 0.502587 0.0811865 0.0345608 0.681929
0 0.170011 0.479569 0.0779961 0.0334236 0.59715
0 0.565258 0.354388 0.109083 0.0327198 0.58724
0 0.185049 0.369677 0.0921839 0.0364802 0.575463
0 0.746837 0.302324 0.0815051 0.0334374 0.523204
0 0.377942 0.364587 0.127271 0.0368626 0.221831
0 0.430649 0.619432 0.10076 0.0364651 0.544741
0 0.157218 0.762833 0.10016 0.0382956 0.521511
0 0.439329 0.494866 0.0773117 0.0379906 0.479381
0 0.794196 0.501166 0.0816349 0.038184 0.401396
0 0.361159 0.307875 0.0747034 0.0343248 0.383564
0 0.833027 0.347283 0.276662 0.134499 0.339247
0 0.556787 0.355408 0.0904848 0.033815 0.337341
0 0.854296 0.583955 0.0908071 0.0409973 0.32066
0 0.449866 0.511292 0.428159 0.186076 0.267803
0 0.180731 0.370559 0.0872544 0.0357307 0.239981
0 0.0491945 0.976578 0.0983891 0.0468431 0.226678
0 0.168011 0.480082 0.081725 0.03484 0.212816
0 0.378436 0.363735 0.122973 0.0402328 0.210016
0 0.745358 0.300973 0.0838956 0.0388246 0.194761
0 0.437409 0.521477 0.324961 0.08924 0.146508
0 0.439345 0.495896 0.0778683 0.0380119 0.967435
0 0.433247 0.620348 0.0964613 0.0368082 0.963064
0 0.15994 0.763209 0.0933825 0.0389857 0.951194
0 0.795274 0.501954 0.0818622 0.0377247 0.944351
0 0.361892 0.309294 0.0768247 0.0343886 0.942945
0 0.0503164 0.975549 0.100633 0.0489014 0.878614
0 0.852693 0.586053 0.0922835 0.0438919 0.85757
0 0.746037 0.301652 0.0861806 0.0394524 0.830044
0 0.169081 0.481406 0.0795078 0.0325558 0.760189
0 0.560894 0.356588 0.0985398 0.0344048 0.716811
0 0.186344 0.371302 0.100346 0.0359422 0.559104
0 0.377533 0.363854 0.126572 0.0405698 0.396265
0 0.39775 0.619867 0.0921123 0.0333567 0.181911
0 0.432386 0.61922 0.0892197 0.0344092 0.844839
0 0.159593 0.763128 0.0877236 0.037721 0.819512
0 0.363285 0.308151 0.0774986 0.0327626 0.747267
0 0.43673 0.494936 0.0733493 0.0342402 0.744851
0 0.792854 0.501518 0.0762884 0.0362655 0.735134
0 0.853394 0.582869 0.088461 0.0402746 0.731552
0 0.170141 0.480175 0.0785518 0.0318621 0.64183
0 0.550743 0.356182 0.0812435 0.0333093 0.591287
0 0.748491 0.300286 0.0798502 0.0362738 0.589741
0 0.0497595 0.982512 0.0995191 0.0349765 0.493932
0 0.378028 0.363996 0.126203 0.0393092 0.383979
0 0.836147 0.3494 0.283203 0.138208 0.234851
0 0.19538 0.370151 0.0788663 0.0336154 0.203558
0 0.571965 0.788966 0.0549765 0.0174032 0.107989
0 0.431746 0.619335 0.0831355 0.0342828 0.791532
0 0.160176 0.76322 0.0838975 0.0365601 0.777694
0 0.434379 0.493749 0.0678355 0.0323538 0.714665
0 0.793597 0.50215 0.0733973 0.0344057 0.711468
0 0.852971 0.58286 0.0862254 0.0393981 0.708842
0 0.362271 0.308862 0.0730314 0.0326273 0.670921
0 0.169448 0.479773 0.0752826 0.0317106 0.642453
0 0.550534 0.355167 0.0720705 0.0310479 0.608147
0 0.748787 0.300671 0.0780192 0.0356166 0.568805
0 0.0502442 0.984251 0.0955309 0.0314981 0.37254
0 0.377108 0.363878 0.124901 0.0372994 0.370938
0 0.192026 0.368843 0.058513 0.0298968 0.3513
0 0.404741 0.362928 0.0641664 0.0367714 0.241929
0 0.39635 0.660174 0.0758274 0.0291124 0.171009
0 0.34857 0.363805 0.0585428 0.0358509 0.133868
0 0.927232 0.401941 0.0480121 0.0199451 0.132912
0 0.654824 0.201492 0.0495302 0.0185623 0.115662
0 0.89151 0.777283 0.040793 0.0171216 0.102456
0 0.433032 0.619455 0.0916381 0.0393285 0.892895
0 0.853212 0.584141 0.0914755 0.0444073 0.888082
0 0.435344 0.494656 0.0752768 0.0390232 0.873598
0 0.157716 0.764259 0.0910526 0.0380546 0.862565
0 0.796965 0.502684 0.0817889 0.0360748 0.857892
0 0.168947 0.4796 0.0799627 0.0340424 0.849029
0 0.362733 0.309917 0.0761477 0.0367168 0.845479
0 0.748233 0.301982 0.0840133 0.0369574 0.776789
0 0.0504693 0.982109 0.100939 0.035782 0.59705
0 0.550358 0.355336 0.0777587 0.0338692 0.252137
0 0.432907 0.617785 0.0852143 0.0340521 0.725605
0 0.437219 0.493106 0.0711208 0.032892 0.720681
0 0.854315 0.58072 0.083236 0.0349472 0.714784
0 0.169089 0.478564 0.0776996 0.0326912 0.694749
0 0.362644 0.307341 0.0724272 0.0313982 0.693702
0 0.795218 0.501716 0.0720192 0.0340414 0.662913
0 0.16002 0.763471 0.0840679 0.0342951 0.646595
0 0.748962 0.301046 0.0775534 0.0325964 0.635914
0 0.0496838 0.984269 0.0946586 0.0314613 0.281913
0 0.551723 0.354112 0.0690952 0.0313742 0.14903
0 0.431797 0.618719 0.0872678 0.0364375 0.76309
0 0.560564 0.355441 0.102395 0.0347459 0.658507
0 0.194077 0.370069 0.0979727 0.036899 0.628772
0 0.435562 0.493193 0.0732981 0.0355854 0.5934
0 0.377963 0.364515 0.121182 0.039243 0.563417
0 0.798546 0.502097 0.0731906 0.029578 0.552813
0 0.746338 0.302206 0.086711 0.0352178 0.546493
0 0.36297 0.307706 0.0730049 0.0332688 0.533774
0 0.15796 0.76464 0.0926429 0.0398825 0.519854
0 0.167136 0.480304 0.0829512 0.0348842 0.489652
0 0.0490736 0.981561 0.0981471 0.036877 0.47408
0 0.853456 0.583209 0.0915941 0.0413302 0.470898
0 0.887033 0.778482 0.0576444 0.0194336 0.145429
0 0.927018 0.402718 0.052284 0.0235569 0.14275
0 0.432399 0.619195 0.0832482 0.0354796 0.80715
0 0.435719 0.493647 0.0689154 0.0334704 0.7491
0 0.851466 0.582205 0.0854706 0.0366526 0.742947
0 0.793687 0.502888 0.0751057 0.0348657 0.706288
0 0.748938 0.302297 0.081227 0.0343277 0.682216
0 0.160083 0.764034 0.0799668 0.035441 0.655933
0 0.168467 0.480908 0.075728 0.0337976 0.60662
0 0.363469 0.308521 0.0673935 0.0314647 0.581286
0 0.54918 0.355734 0.0787521 0.0336182 0.565677
0 0.377793 0.365025 0.122962 0.0399092 0.430584
0 0.193161 0.370695 0.0852882 0.0363457 0.387541
0 0.049621 0.976571 0.0992421 0.0468572 0.241083
0 0.437934 0.618957 0.078015 0.0316946 0.934865
0 0.443729 0.497844 0.0701374 0.0314869 0.783736
0 0.798524 0.499706 0.0680381 0.034268 0.750665
0 0.855765 0.588243 0.0837396 0.0511706 0.660854
0 0.362934 0.308625 0.0718585 0.0364937 0.598991
0 0.153527 0.764422 0.102852 0.0378088 0.559945
0 0.568681 0.354003 0.119656 0.0341424 0.477287
0 0.167966 0.481526 0.0717913 0.0307846 0.46304
0 0.744005 0.298738 0.0770985 0.0316518 0.423942
0 0.0495428 0.973006 0.0990855 0.0539878 0.359368
0 0.0487747 0.985601 0.0975493 0.0287979 0.155841
0 0.795899 0.500624 0.0633999 0.0313595 0.803748
0 0.438315 0.496572 0.0674106 0.0307117 0.705935
0 0.147709 0.764475 0.112945 0.0377186 0.624096
0 0.466752 0.507137 0.391298 0.179818 0.586853
0 0.425237 0.619054 0.0937362 0.033205 0.583067
0 0.360606 0.305677 0.0681542 0.0362974 0.542133
0 0.744399 0.300123 0.100627 0.0361242 0.385713
0 0.571256 0.353272 0.126568 0.032527 0.375494
0 0.0499675 0.972159 0.099935 0.0556827 0.307677
0 0.168089 0.473562 0.0955041 0.0456045 0.278728
0 0.292636 0.497991 0.515416 0.181973 0.274718
0 0.380019 0.363078 0.130684 0.0369222 0.253296
0 0.852414 0.583159 0.092198 0.0444401 0.232101
0 0.047357 0.985106 0.094714 0.0297871 0.18157
0 0.843408 0.361828 0.313184 0.142672 0.136294
0 0.321019 0.643047 0.331379 0.0800317 0.117515
0 0.180589 0.478553 0.310765 0.150088 0.116943
0 0.846724 0.365974 0.290521 0.16755 0.719711
0 0.434091 0.619647 0.0843922 0.0321808 0.635676
0 0.792796 0.2249 0.184897 0.110942 0.375752
0 0.156739 0.764825 0.106371 0.0356523 0.277452
0 0.572422 0.354712 0.125936 0.0311186 0.26622
0 0.796667 0.501531 0.0658111 0.0291262 0.229832
0 0.438703 0.496567 0.0579989 0.0293348 0.197507
0 0.363455 0.307048 0.0758801 0.0321237 0.17551
0 0.747029 0.301355 0.0963281 0.0364898 0.155804
0 0.852849 0.583226 0.0904553 0.0365551 0.148806
0 0.380354 0.362773 0.131706 0.0378682 0.135869
0 0.168267 0.481 0.0880621 0.0315882 0.115652
0 0.843387 0.364355 0.313225 0.16483 0.996349
0 0.432943 0.61798 0.0840795 0.0339924 0.819964
0 0.569545 0.353315 0.12499 0.0351676 0.749159
0 0.0518422 0.972141 0.103684 0.055718 0.70803
0 0.79779 0.500066 0.0802174 0.033586 0.698085
0 0.363471 0.307596 0.0772998 0.0366789 0.672009
0 0.161183 0.763739 0.096591 0.0410215 0.631449
0 0.744701 0.299922 0.0960445 0.0398098 0.60817
0 0.379344 0.361696 0.129774 0.0402349 0.516264
0 0.191426 0.369047 0.111224 0.0376509 0.510833
0 0.438401 0.49347 0.0740408 0.0324945 0.490405
0 0.168662 0.473035 0.0873835 0.0454727 0.477732
0 0.73885 0.225161 0.296799 0.115065 0.339958
0 0.853322 0.585897 0.0959226 0.0507361 0.264607
0 0.82953 0.489292 0.340939 0.103455 0.169399
0 0.940503 0.395113 0.118995 0.0337273 0.140921
0 0.16083 0.76405 0.0864772 0.0330313 0.588654
0 0.437769 0.493115 0.0652868 0.0278581 0.542987
0 0.796331 0.502591 0.0703667 0.0295975 0.515936
0 0.74855 0.301776 0.088013 0.0346531 0.502013
0 0.0494483 0.981274 0.0988965 0.0374518 0.482659
0 0.557347 0.354224 0.0861827 0.0298658 0.40948
0 0.443256 0.618064 0.0592016 0.0294425 0.388911
0 0.363102 0.308393 0.0732444 0.0294292 0.383014
0 0.193437 0.369736 0.108206 0.0346284 0.340772
0 0.171825 0.479723 0.0754429 0.0287232 0.310501
0 0.380842 0.362751 0.122791 0.0364107 0.291395
0 0.421761 0.618957 0.107492 0.0329306 0.282423
0 0.857218 0.579037 0.0738591 0.0315208 0.213836
0 0.792821 0.493217 0.0878323 0.050364 0.127945
0 0.835935 0.351111 0.289101 0.155969 0.127353
0 0.948134 0.395825 0.0970475 0.0225862 0.118425
0 0.427754 0.619459 0.10539 0.0347224 0.814032
0 0.571471 0.35489 0.121454 0.0330381 0.783845
0 0.194308 0.370589 0.113146 0.0371949 0.775706
0 0.795154 0.502728 0.0752159 0.0309034 0.731111
0 0.745736 0.301985 0.0954776 0.0379163 0.705804
0 0.0510879 0.982354 0.102176 0.0352917 0.659782
0 0.160132 0.764997 0.0901557 0.0351191 0.641626
0 0.435161 0.4957 0.0768993 0.0317574 0.63732
0 0.381647 0.363847 0.126419 0.0386487 0.629212
0 0.171031 0.480614 0.0807878 0.0318337 0.518378
0 0.362911 0.308749 0.0740315 0.0311068 0.510128
0 0.854842 0.581107 0.0931905 0.0378666 0.334252
0 0.826696 0.34307 0.306285 0.162199 0.2679
0 0.428973 0.619027 0.0883856 0.0361584 0.658312
0 0.793195 0.501238 0.0701615 0.0332311 0.639708
0 0.434315 0.494162 0.0666229 0.032775 0.639141
0 0.159401 0.764163 0.0827195 0.0369051 0.516912
0 0.854269 0.579946 0.087399 0.0387958 0.503723
0 0.168985 0.480319 0.0798407 0.0349193 0.498875
0 0.378886 0.36392 0.124125 0.0401179 0.481494
0 0.0498076 0.978915 0.0996152 0.0421707 0.479376
0 0.193544 0.369326 0.103232 0.0388173 0.439096
0 0.36101 0.308124 0.0699906 0.034141 0.42077
0 0.565534 0.354374 0.109501 0.0354464 0.371277
0 0.746926 0.301656 0.0882388 0.039283 0.362134
0 0.180489 0.47326 0.114703 0.0472262 0.142163
0 0.430964 0.618604 0.0930083 0.0356144 0.856344
0 0.794623 0.501975 0.0802892 0.0340765 0.809616
0 0.158903 0.765918 0.094738 0.0390139 0.807609
0 0.854386 0.580575 0.0928424 0.0384226 0.769567
0 0.436484 0.493984 0.0768181 0.0317576 0.765889
0 0.169016 0.480146 0.0856698 0.033898 0.718034
0 0.0525044 0.973058 0.105009 0.0538843 0.710251
0 0.57031 0.355277 0.123506 0.0343601 0.659386
0 0.378014 0.364384 0.125469 0.0383685 0.63554
0 0.362958 0.308538 0.0764697 0.0333982 0.593533
0 0.192857 0.36995 0.110949 0.0377138 0.583676
0 0.747072 0.302347 0.0922248 0.0375772 0.428328
0 0.188329 0.473189 0.140282 0.048096 0.216144
0 0.822617 0.34478 0.310237 0.160669 0.15715
0 0.167748 0.480612 0.0806283 0.030839 0.886058
0 0.433122 0.493792 0.0683202 0.030972 0.872099
0 0.429422 0.61848 0.0907744 0.0350561 0.842996
0 0.158744 0.764796 0.0883682 0.0382263 0.837168
0 0.0506956 0.972364 0.101391 0.0552728 0.826817
0 0.792511 0.502151 0.0732298 0.0336963 0.82247
0 0.854227 0.580006 0.0920324 0.0368868 0.787966
0 0.362013 0.308688 0.0731849 0.0317209 0.671483
0 0.746033 0.301577 0.0882448 0.0372665 0.649795
0 0.192392 0.369909 0.104203 0.0372981 0.581977
0 0.377529 0.364027 0.124311 0.0380507 0.324718
0 0.18329 0.474009 0.124806 0.0487232 0.20406
0 0.0267668 0.956646 0.0535337 0.0238373 0.15371
0 0.167616 0.480566 0.0710806 0.0320133 0.791478
0 0.159018 0.764518 0.080704 0.0381455 0.761113
0 0.433305 0.618059 0.0826391 0.0363081 0.759659
0 0.0488537 0.97583 0.0977073 0.0483406 0.746564
0 0.85296 0.579624 0.0907755 0.0375368 0.686835
0 0.431658 0.493856 0.0646432 0.0312754 0.671345
0 0.790844 0.502567 0.0670224 0.0336023 0.648506
0 0.746414 0.301982 0.0833948 0.0373565 0.580826
0 0.361625 0.308664 0.0667281 0.0316455 0.536325
0 0.198514 0.369567 0.0945398 0.0366048 0.256074
0 0.0364516 0.966018 0.0729032 0.0444775 0.151807
0 0.378828 0.363362 0.127536 0.038886 0.150895
0 0.0250631 0.956292 0.0501263 0.021669 0.123591
0 0.431514 0.618417 0.0860046 0.0366447 0.861766
0 0.167388 0.479553 0.0783571 0.0340313 0.850005
0 0.853747 0.580497 0.0908157 0.0365468 0.847124
0 0.747156 0.302678 0.0854192 0.0366361 0.846282
0 0.049457 0.981568 0.098914 0.0368643 0.837129
0 0.158868 0.764455 0.0809672 0.037124 0.825382
0 0.433154 0.493057 0.0722329 0.0321833 0.785017
0 0.360756 0.308689 0.0722252 0.0314928 0.730282
0 0.791688 0.502057 0.0760594 0.0349619 0.724689
0 0.192095 0.368957 0.0747309 0.0357425 0.692182
0 0.379402 0.363663 0.128952 0.0391823 0.527592
0 0.431776 0.61868 0.0904998 0.0361468 0.626141
0 0.0516059 0.980499 0.103212 0.0390018 0.603819
0 0.855002 0.581148 0.0899314 0.0352969 0.576432
0 0.168724 0.479998 0.0844934 0.0328783 0.569608
0 0.746993 0.303109 0.0872558 0.0355706 0.569167
0 0.162173 0.764245 0.0849165 0.037141 0.540517
0 0.378526 0.363294 0.128192 0.0387755 0.514458
0 0.194896 0.36934 0.0857924 0.0344526 0.467184
0 0.433637 0.493255 0.0700392 0.0318789 0.459799
0 0.362023 0.308137 0.0775728 0.0317537 0.440395
0 0.794016 0.502602 0.0740593 0.0333225 0.346995
0 0.56791 0.354597 0.120915 0.0332744 0.125437
0 0.434289 0.617866 0.0825472 0.0366022 0.830833
0 0.747526 0.301865 0.0831272 0.034875 0.828503
0 0.361453 0.308348 0.0754204 0.0324329 0.826174
0 0.169889 0.48039 0.0799153 0.0331091 0.807467
0 0.85479 0.580668 0.0885727 0.0358734 0.791324
0 0.162396 0.76327 0.0791831 0.0362207 0.786127
0 0.434085 0.493927 0.06754 0.0317942 0.760415
0 0.793188 0.502353 0.0721874 0.0334303 0.745862
0 0.0500585 0.981966 0.100117 0.0360675 0.582378
0 0.192514 0.368447 0.065998 0.0313606 0.518876
0 0.377531 0.363039 0.124859 0.0384383 0.374268
0 0.745807 0.30149 0.0814759 0.0346518 0.839338
0 0.167626 0.480584 0.0747718 0.0329527 0.836613
0 0.85248 0.581445 0.0898914 0.0368775 0.815766
0 0.360745 0.309184 0.070357 0.0308188 0.791445
0 0.160006 0.763318 0.0785846 0.0352327 0.790486
0 0.791912 0.501628 0.0733604 0.0340283 0.786476
0 0.433043 0.494231 0.0694409 0.0314879 0.783995
0 0.432496 0.618656 0.0838849 0.0347328 0.776697
0 0.0485775 0.982619 0.097155 0.0347616 0.580475
0 0.191506 0.369141 0.0662569 0.0330153 0.307446
0 0.378067 0.363542 0.127009 0.0379907 0.202674
0 0.749713 0.301993 0.0830466 0.0353248 0.845597
0 0.168324 0.479676 0.0735845 0.0336807 0.834619
0 0.0495909 0.975211 0.0991818 0.0495781 0.831395
0 0.793825 0.501756 0.0740975 0.0340013 0.821206
0 0.853299 0.580611 0.0917709 0.0386398 0.814333
0 0.434876 0.492831 0.0703789 0.0319771 0.812318
0 0.16238 0.763134 0.0815742 0.0363364 0.80995
0 0.432966 0.618221 0.0853564 0.0346861 0.809393
0 0.361525 0.308976 0.0703572 0.0313572 0.767327
0 0.196375 0.369238 0.0707882 0.0339886 0.589602
0 0.380411 0.363552 0.127457 0.038216 0.500952
0 0.778047 0.208511 0.119428 0.0462442 0.124697
0 0.0497934 0.97868 0.0995867 0.0426391 0.774059
0 0.435247 0.49429 0.0699076 0.0314462 0.763846
0 0.431174 0.619995 0.0936836 0.0357571 0.755177
0 0.162997 0.764224 0.0819531 0.0370098 0.746157
0 0.855481 0.581972 0.0924572 0.0397238 0.743294
0 0.749054 0.302758 0.0814627 0.0357364 0.727948
0 0.795368 0.502393 0.0725973 0.033747 0.697856
0 0.169185 0.480635 0.0756722 0.0323991 0.67586
0 0.361923 0.309802 0.0720818 0.032479 0.61619
0 0.199514 0.369934 0.0770008 0.0346293 0.501695
0 0.379557 0.364089 0.124435 0.0391491 0.482139
0 0.778468 0.210125 0.118971 0.046397 0.137252
0 0.732123 0.239193 0.294127 0.112722 0.110998
0 0.433915 0.493122 0.0652305 0.0294341 0.888136
0 0.1691 0.479082 0.0791459 0.0344546 0.873418
0 0.852189 0.580946 0.0906933 0.0363801 0.872653
0 0.794232 0.501672 0.0705037 0.03368 0.872302
0 0.433504 0.617821 0.0863587 0.0333643 0.847907
0 0.163424 0.763357 0.0786211 0.0351115 0.828299
0 0.748333 0.302028 0.080046 0.035306 0.823894
0 0.362205 0.308569 0.0741464 0.0318158 0.788675
0 0.0491592 0.982223 0.0983184 0.0355538 0.779016
0 0.194448 0.368442 0.0614131 0.0338796 0.399021
0 0.433789 0.618457 0.08493 0.0348389 0.831994
0 0.0491909 0.983006 0.0983817 0.0339878 0.808839
0 0.162754 0.764082 0.0795869 0.035383 0.805593
0 0.85389 0.58209 0.0915509 0.0379185 0.802756
0 0.433215 0.494622 0.0684493 0.0318804 0.800241
0 0.168877 0.480557 0.080008 0.0332312 0.784224
0 0.7944 0.502284 0.0730421 0.0331043 0.781001
0 0.363002 0.309315 0.0739458 0.031224 0.780031
0 0.747877 0.301952 0.0821004 0.0336746 0.779876
0 0.199471 0.369169 0.0716272 0.0348786 0.326724
0 0.377198 0.363812 0.120238 0.0389856 0.177123
0 0.433557 0.618036 0.0828894 0.0365138 0.832664
0 0.748931 0.301782 0.0798445 0.033969 0.818972
0 0.795064 0.502262 0.071028 0.032608 0.805444
0 0.433937 0.493529 0.0639577 0.033505 0.802606
0 0.161982 0.763762 0.0768994 0.034556 0.799973
0 0.853348 0.581267 0.0845731 0.0368603 0.797029
0 0.0485435 0.983451 0.097087 0.0330971 0.792688
0 0.168967 0.480573 0.0759214 0.0343691 0.788426
0 0.363031 0.309247 0.0741269 0.0317116 0.749869
0 0.379686 0.363233 0.122356 0.0397992 0.704515
0 0.203758 0.369382 0.0833014 0.0357201 0.61455
0 0.264336 0.293156 0.0668701 0.0215922 0.283027
0 0.564 0.353205 0.0814298 0.0315724 0.152948
0 0.774985 0.210496 0.108413 0.0449398 0.13585
0 0.930027 0.399426 0.0574434 0.0264845 0.100395
0 0.749372 0.301503 0.0828703 0.0362266 0.848471
0 0.162329 0.763546 0.0814163 0.036682 0.815521
0 0.431667 0.61899 0.0880193 0.0368703 0.808928
0 0.794168 0.502221 0.0769322 0.033994 0.797387
0 0.432859 0.493546 0.0674637 0.0320358 0.781293
0 0.169218 0.481162 0.0794896 0.0326023 0.776573
0 0.0509904 0.970339 0.101981 0.0593219 0.77241
0 0.36218 0.309224 0.0753743 0.0326155 0.75634
0 0.852181 0.581337 0.092971 0.0373878 0.737046
0 0.377953 0.363715 0.127365 0.0403094 0.570216
0 0.203225 0.369748 0.0894507 0.0353798 0.48806
0 0.749051 0.301718 0.0801957 0.0344867 0.811583
0 0.162194 0.763344 0.0764233 0.0351281 0.757387
0 0.16923 0.481104 0.074946 0.031242 0.740849
0 0.431975 0.619161 0.0843115 0.036999 0.725032
0 0.43496 0.493401 0.0684614 0.0315773 0.699321
0 0.362552 0.309503 0.0701007 0.0309868 0.697161
0 0.854341 0.581244 0.0902367 0.0368297 0.689217
0 0.793986 0.502732 0.0725963 0.0320773 0.673829
0 0.0511308 0.982222 0.0996181 0.035556 0.643533
0 0.20022 0.368726 0.070266 0.0330192 0.31392
0 0.379021 0.363501 0.124104 0.0390094 0.22615
0 0.745852 0.301679 0.0854448 0.0356304 0.826482
0 0.0506792 0.982711 0.101358 0.0345789 0.81646
0 0.427714 0.619317 0.094848 0.0374906 0.807314
0 0.167469 0.481175 0.0802785 0.0323406 0.802149
0 0.853309 0.58208 0.0936251 0.0378649 0.799629
0 0.162198 0.763712 0.0795731 0.0363994 0.799004
0 0.435206 0.49373 0.0701258 0.0316522 0.77057
0 0.792645 0.502601 0.0749843 0.0331628 0.763883
0 0.361181 0.309965 0.0731458 0.0327222 0.744243
0 0.3798 0.362889 0.124039 0.040359 0.371266
0 0.201221 0.369341 0.0862098 0.0363001 0.343067
0 0.747398 0.300743 0.0810919 0.0351924 0.778905
0 0.168722 0.48059 0.0782714 0.0326258 0.765226
0 0.435798 0.49356 0.0694514 0.0310986 0.764284
0 0.794878 0.502253 0.0760077 0.0327948 0.75609
0 0.433516 0.618363 0.0882936 0.0354627 0.752686
0 0.162051 0.763107 0.0821557 0.0349078 0.748268
0 0.853873 0.581201 0.0912089 0.0381824 0.739255
0 0.0498787 0.984082 0.0997575 0.0318359 0.719159
0 0.362319 0.309486 0.0712904 0.0314491 0.600969
0 0.43541 0.494224 0.0669337 0.0315114 0.863044
0 0.748315 0.300574 0.0789158 0.0351448 0.859997
0 0.433503 0.619726 0.0845456 0.0355526 0.845191
0 0.169776 0.481502 0.0763853 0.0321005 0.838266
0 0.161735 0.763029 0.0783033 0.0347576 0.825467
0 0.794297 0.502264 0.0733204 0.0333565 0.823887
0 0.853947 0.583369 0.0857015 0.0380566 0.808323
0 0.0497734 0.982467 0.0995468 0.0350664 0.783694
0 0.362709 0.309485 0.0698292 0.0322788 0.743955
0 0.431793 0.618953 0.0833379 0.0350626 0.860372
0 0.434093 0.493675 0.0691734 0.0317885 0.851889
0 0.748569 0.3012 0.079106 0.0341013 0.851624
0 0.793398 0.502364 0.0735298 0.0328272 0.844234
0 0.85179 0.58291 0.0874876 0.0378343 0.837647
0 0.361889 0.309456 0.0698389 0.0325257 0.833678
0 0.169068 0.480904 0.0760432 0.032546 0.830888
0 0.161356 0.764139 0.0774804 0.0338528 0.809542
0 0.0482193 0.982357 0.0964385 0.0352857 0.799567
0 0.378897 0.363859 0.126715 0.037526 0.299643
0 0.202293 0.369291 0.0865 0.0347763 0.291847
0 0.944182 0.397501 0.0903737 0.0323647 0.137897
0 0.853401 0.582115 0.0946358 0.0383625 0.787055
0 0.362409 0.309077 0.0730017 0.0313878 0.773107
0 0.431708 0.619071 0.0880656 0.0354352 0.765915
0 0.434964 0.493297 0.0701924 0.03279 0.764718
0 0.170395 0.48061 0.081197 0.0334582 0.756879
0 0.748745 0.301392 0.0854575 0.0350311 0.754843
0 0.1612 0.764007 0.0785884 0.0348032 0.74779
0 0.794422 0.502902 0.0736101 0.0334862 0.742943
0 0.0499715 0.981619 0.0999429 0.0367618 0.638446
0 0.853456 0.58175 0.0911795 0.0375875 0.864146
0 0.16142 0.763429 0.0780894 0.035381 0.847714
0 0.747337 0.301186 0.0854181 0.0351193 0.843758
0 0.43421 0.493375 0.0693621 0.0307521 0.840841
0 0.43205 0.618769 0.0875565 0.0342962 0.828208
0 0.793354 0.502521 0.070724 0.0329584 0.826777
0 0.169255 0.480191 0.081235 0.0327284 0.822938
0 0.361365 0.30861 0.0749565 0.0304795 0.815638
0 0.0491148 0.98321 0.0982297 0.0335794 0.767549
0 0.37833 0.363924 0.1241 0.0381071 0.617088
0 0.378319 0.363827 0.124531 0.0380161 0.84121
0 0.433317 0.619144 0.0873261 0.0343544 0.840627
0 0.8543 0.582466 0.0890956 0.0377195 0.827806
0 0.748228 0.301402 0.0849387 0.0347219 0.818294
0 0.162987 0.76351 0.081005 0.0354595 0.81144
0 0.434701 0.49389 0.0707776 0.0319693 0.80257
0 0.0496619 0.982897 0.0993239 0.0342057 0.79747
0 0.17126 0.480481 0.0796143 0.0322249 0.79324
0 0.795288 0.502915 0.0724075 0.0324017 0.78554
0 0.363311 0.309485 0.0757202 0.0323524 0.77348
0 0.940161 0.398452 0.0885658 0.031724 0.294025
0 0.200305 0.369571 0.0934172 0.0346511 0.251182
0 0.570465 0.354824 0.124741 0.0331598 0.1508
0 0.43096 0.618935 0.0864698 0.037267 0.871259
0 0.434489 0.492514 0.0682244 0.0318394 0.868811
0 0.0492802 0.98246 0.0985605 0.03508 0.838047
0 0.853148 0.581462 0.0857774 0.0367048 0.834538
0 0.794116 0.502333 0.0708688 0.0329571 0.825235
0 0.746735 0.300854 0.0808671 0.0353498 0.824794
0 0.17053 0.480252 0.0760502 0.0328096 0.824513
0 0.161005 0.763035 0.0778857 0.0363259 0.824388
0 0.361512 0.309406 0.0713924 0.0330144 0.794538
0 0.377264 0.363384 0.12084 0.0379611 0.774783
0 0.20264 0.369108 0.0838965 0.0345864 0.2541
0 0.791011 0.501156 0.067518 0.0274029 0.858017
0 0.434987 0.492573 0.068191 0.0316178 0.837373
0 0.431666 0.619397 0.0870924 0.0362789 0.802035
0 0.747518 0.301028 0.0807278 0.0355729 0.799744
0 0.162147 0.763367 0.0805013 0.036173 0.79678
0 0.171749 0.480438 0.0756202 0.0325661 0.774212
0 0.853039 0.582156 0.0887268 0.0376121 0.761013
0 0.363114 0.309583 0.0710934 0.0323158 0.755776
0 0.0503397 0.980329 0.100679 0.0393417 0.73678
0 0.377748 0.363559 0.118474 0.0379582 0.291041
0 0.200411 0.369261 0.0747729 0.0342911 0.210676
0 0.436003 0.493162 0.0726137 0.0313898 0.852451
0 0.749672 0.301529 0.0820309 0.0343294 0.845673
0 0.162916 0.763789 0.0845302 0.0358719 0.842691
0 0.433961 0.61978 0.0895908 0.0341821 0.840839
0 0.79456 0.502422 0.0738573 0.0331126 0.831343
0 0.361967 0.310023 0.0732732 0.0312136 0.814404
0 0.171243 0.480684 0.0777581 0.0329279 0.814255
0 0.855816 0.581855 0.0875813 0.036572 0.810726
0 0.0511562 0.981335 0.102312 0.0373304 0.500883
0 0.202185 0.369438 0.0790998 0.0339848 0.220876
0 0.378914 0.363933 0.117681 0.0381682 0.145911
0 0.747211 0.301205 0.0845267 0.0349161 0.774347
0 0.432944 0.492174 0.0707964 0.0337324 0.771623
0 0.853511 0.581438 0.0904267 0.0375319 0.763607
0 0.431482 0.619122 0.0883489 0.0349758 0.758591
0 0.791754 0.501791 0.0733352 0.0337924 0.758051
0 0.168573 0.480092 0.08081 0.0332594 0.752537
0 0.161207 0.763124 0.0808342 0.0356909 0.750608
0 0.360576 0.309737 0.0725287 0.0311599 0.741199
0 0.0500887 0.979462 0.100177 0.0410758 0.145823
0 0.162227 0.764171 0.0819645 0.0347477 0.81614
0 0.170809 0.480309 0.0827071 0.0328882 0.792588
0 0.434164 0.492675 0.0729834 0.0315303 0.790897
0 0.430986 0.619873 0.0881667 0.0356337 0.790129
0 0.853932 0.583275 0.0944252 0.0398479 0.781742
0 0.793626 0.502614 0.0737804 0.0327604 0.769511
0 0.361599 0.308646 0.075469 0.0303034 0.729055
0 0.748885 0.30156 0.0886999 0.0341245 0.696969
0 0.0525465 0.971616 0.105093 0.0567682 0.677081
0 0.747068 0.302121 0.0865432 0.033929 0.831095
0 0.161506 0.764323 0.0808358 0.0339718 0.827396
0 0.433797 0.492905 0.0722118 0.0321358 0.805572
0 0.430095 0.618806 0.0910265 0.0350491 0.794664
0 0.793146 0.502841 0.0746161 0.0319226 0.793612
0 0.170118 0.480404 0.0798593 0.0326321 0.780874
0 0.85376 0.582841 0.0911472 0.0386103 0.771677
0 0.361305 0.309385 0.0727876 0.0315839 0.770619
0 0.0515695 0.971926 0.103139 0.0561474 0.749629
0 0.379225 0.363374 0.123146 0.037235 0.291311
0 0.199184 0.370531 0.0897748 0.0366294 0.126119
0 0.171948 0.480663 0.072439 0.0329425 0.838892
0 0.163817 0.763667 0.0800793 0.0352442 0.837183
0 0.362229 0.309393 0.0689761 0.0321682 0.834769
0 0.748255 0.301893 0.0820686 0.0348445 0.829927
0 0.0504668 0.973843 0.100934 0.0523132 0.827295
0 0.43516 0.493476 0.0733725 0.0333427 0.825525
0 0.79494 0.501684 0.074799 0.0332695 0.818942
0 0.433206 0.619284 0.0909771 0.0356052 0.803862
0 0.854797 0.58228 0.0869975 0.0386351 0.795141
0 0.378866 0.362924 0.119034 0.038606 0.63456
0 0.199759 0.369574 0.0859898 0.0353639 0.45917
0 0.171549 0.480858 0.0737467 0.0326487 0.842296
0 0.748523 0.301842 0.0842678 0.0342991 0.841473
0 0.361719 0.309491 0.0688867 0.0315813 0.836228
0 0.431053 0.619124 0.093062 0.035441 0.832564
0 0.854041 0.582802 0.0898853 0.0376939 0.8182
0 0.434078 0.493332 0.0700605 0.033173 0.811877
0 0.794448 0.502755 0.0738261 0.0327211 0.806277
0 0.16291 0.762926 0.0801269 0.0321085 0.570715
0 0.0518078 0.971894 0.103616 0.056212 0.280007
0 0.171847 0.480454 0.0734436 0.0315657 0.852817
0 0.433514 0.492241 0.0682726 0.03235 0.83839
0 0.749408 0.301905 0.079589 0.0331868 0.835036
0 0.36108 0.309202 0.0684445 0.0308263 0.834015
0 0.432194 0.618284 0.0854281 0.0345127 0.828356
0 0.793523 0.502331 0.0721996 0.0318678 0.820464
0 0.854132 0.581985 0.0886292 0.0369367 0.81057
0 0.162609 0.763142 0.0776957 0.0333929 0.805549
0 0.0508867 0.976067 0.101773 0.0478657 0.233196
0 0.197278 0.368778 0.0763566 0.0340829 0.169503
0 0.925851 0.402374 0.0493524 0.0184908 0.123489
0 0.171286 0.480798 0.0765539 0.032323 0.82216
0 0.749149 0.302355 0.082925 0.0343197 0.818974
0 0.434088 0.492489 0.0708557 0.033163 0.785835
0 0.794146 0.502735 0.0737538 0.0331254 0.772136
0 0.361693 0.309904 0.0707816 0.0328039 0.769376
0 0.43208 0.618517 0.088253 0.0359842 0.76935
0 0.853612 0.582636 0.0900667 0.0390447 0.767937
0 0.162042 0.763485 0.0785575 0.0350811 0.762789
0 0.197815 0.369504 0.0849831 0.0366495 0.129934
0 0.748846 0.302562 0.0826165 0.0344414 0.885669
0 0.434254 0.492723 0.0690606 0.0334279 0.868662
0 0.172042 0.48093 0.0772433 0.0322592 0.860151
0 0.794849 0.502786 0.0736529 0.0327086 0.856628
0 0.432521 0.618827 0.0900381 0.0366481 0.852136
0 0.853155 0.58293 0.0904925 0.0383015 0.845716
0 0.163853 0.763588 0.0811519 0.0355613 0.835165
0 0.36199 0.31011 0.0713168 0.0318823 0.827765
0 0.747784 0.302625 0.0813369 0.0354486 0.788439
0 0.170675 0.48152 0.0781129 0.033432 0.77348
0 0.433873 0.493518 0.0678418 0.0340183 0.767648
0 0.794007 0.502927 0.0731888 0.0338818 0.766166
0 0.853418 0.583486 0.0904431 0.0382637 0.743214
0 0.43068 0.619483 0.0920431 0.0375339 0.737181
0 0.361873 0.310439 0.0713138 0.0329822 0.73512
0 0.16355 0.763907 0.0807552 0.0375506 0.725553
0 0.853176 0.581885 0.0879344 0.0370228 0.826924
0 0.431817 0.61826 0.0932582 0.035556 0.825714
0 0.747775 0.301773 0.0792837 0.0345674 0.820204
0 0.171575 0.480012 0.0778034 0.0322273 0.817277
0 0.434862 0.491802 0.0716124 0.0322752 0.803415
0 0.79479 0.502187 0.0758867 0.0327627 0.793394
0 0.361824 0.309375 0.0717542 0.03123 0.772826
0 0.164416 0.763293 0.0811598 0.0350619 0.768549
0 0.0514001 0.97405 0.1028 0.0518997 0.182904
0 0.854145 0.582551 0.0855992 0.0369722 0.851954
0 0.434052 0.619049 0.0897038 0.035471 0.831003
0 0.171478 0.480689 0.0768562 0.0326757 0.829792
0 0.748494 0.302523 0.0786206 0.0331301 0.828912
0 0.435381 0.492346 0.0712876 0.0325733 0.820742
0 0.794833 0.503749 0.0691509 0.0316659 0.806715
0 0.361937 0.310046 0.0717845 0.0302915 0.771238
0 0.164443 0.76434 0.0806827 0.0339634 0.741223
0 0.0489412 0.983907 0.0978823 0.0321857 0.349377
0 0.852821 0.582395 0.0885063 0.0393845 0.850562
0 0.433258 0.492093 0.072229 0.0341219 0.826235
0 0.747997 0.301018 0.0818854 0.0369998 0.825435
0 0.792793 0.500823 0.0768723 0.0352859 0.823066
0 0.170469 0.479794 0.0796369 0.0349789 0.805255
0 0.361524 0.309241 0.0742367 0.0314876 0.804783
0 0.423862 0.618727 0.10822 0.0378094 0.804577
0 0.16298 0.763192 0.0772714 0.0362988 0.779214
0 0.0497574 0.981804 0.0995148 0.0363911 0.489056
0 0.853709 0.58338 0.0856487 0.036437 0.831405
0 0.361751 0.309036 0.0706293 0.0302956 0.824104
0 0.749226 0.300272 0.080869 0.035983 0.803078
0 0.172527 0.480923 0.0719384 0.0330774 0.796949
0 0.433477 0.619637 0.0836293 0.0336542 0.79537
0 0.434852 0.49357 0.0669561 0.0321446 0.794387
0 0.161921 0.763328 0.075747 0.035632 0.787741
0 0.793111 0.501229 0.070856 0.0347302 0.777968
0 0.0486496 0.983381 0.0972992 0.0332386 0.265822
0 0.748854 0.300394 0.0842475 0.0370874 0.833248
0 0.172641 0.480232 0.0775285 0.0346647 0.811331
0 0.429074 0.619151 0.098106 0.0358074 0.800731
0 0.161485 0.763413 0.0800759 0.0359917 0.789719
0 0.361686 0.30896 0.0750597 0.0316707 0.787369
0 0.43393 0.492718 0.0707788 0.0337595 0.786927
0 0.793348 0.502815 0.0701183 0.0327053 0.785103
0 0.854126 0.582881 0.090372 0.0398945 0.767738
0 0.0506941 0.981346 0.101388 0.037307 0.756398
0 0.377591 0.363221 0.12729 0.0365418 0.120009
0 0.748465 0.300489 0.0819296 0.0355255 0.811615
0 0.172838 0.480005 0.0736072 0.0326525 0.797957
0 0.16156 0.763496 0.0751944 0.0349632 0.786967
0 0.0489392 0.984131 0.0978783 0.0317382 0.783014
0 0.431664 0.619219 0.0892841 0.034198 0.778536
0 0.85392 0.582606 0.0854829 0.0372644 0.758153
0 0.435128 0.49291 0.0682564 0.0322443 0.754499
0 0.792916 0.502144 0.0706494 0.032924 0.752024
0 0.361857 0.309051 0.0699133 0.0305671 0.751864
0 0.376893 0.363611 0.12041 0.0352159 0.31347
0 0.193872 0.36923 0.0885134 0.032746 0.129714
0 0.749338 0.300647 0.0823351 0.0354713 0.827696
0 0.174593 0.480048 0.0738621 0.0336241 0.813233
0 0.162946 0.763592 0.0768881 0.0345635 0.806259
0 0.855073 0.582545 0.0878202 0.0381581 0.779936
0 0.436188 0.492998 0.0697399 0.0328919 0.779321
0 0.434007 0.619455 0.0908314 0.0358992 0.776836
0 0.363463 0.309306 0.0706016 0.031704 0.767491
0 0.795216 0.502404 0.0728275 0.0322978 0.755547
0 0.0494612 0.982852 0.0989225 0.0342959 0.710662
0 0.173734 0.480635 0.0715361 0.033541 0.808832
0 0.749154 0.300881 0.0804366 0.0343682 0.804484
0 0.161804 0.763578 0.0773218 0.0340903 0.796495
0 0.431897 0.619795 0.0913793 0.0358979 0.781146
0 0.854074 0.582883 0.0880395 0.037702 0.773438
0 0.435003 0.493091 0.0697745 0.0331984 0.7708
0 0.362973 0.309344 0.0675225 0.030298 0.760733
0 0.794 0.502497 0.0724878 0.0319373 0.743776
0 0.0478615 0.984222 0.095723 0.0315563 0.416221
0 0.173742 0.480414 0.0748415 0.0337044 0.844861
0 0.750305 0.300509 0.0812928 0.0347241 0.83398
0 0.362714 0.309203 0.0736844 0.0310992 0.829808
0 0.160747 0.763051 0.0802081 0.0348736 0.824669
0 0.854102 0.582673 0.0901269 0.0373163 0.807331
0 0.431083 0.619277 0.0886914 0.0356962 0.793282
0 0.79379 0.502003 0.0751693 0.0330395 0.787521
0 0.434303 0.49227 0.0721444 0.033357 0.782637
0 0.0494044 0.983238 0.0988088 0.0335243 0.566692
0 0.925838 0.402011 0.0528178 0.0190762 0.150347
0 0.748934 0.300882 0.0847082 0.0354009 0.815882
0 0.172781 0.480349 0.0787139 0.0340513 0.810154
0 0.362312 0.309541 0.0770957 0.0320286 0.797974
0 0.160521 0.763166 0.0804073 0.0347454 0.795148
0 0.853965 0.58245 0.0918889 0.0384471 0.780471
0 0.429956 0.619493 0.0885978 0.035882 0.758523
0 0.792863 0.5021 0.0754533 0.033111 0.754935
0 0.433059 0.492068 0.0721142 0.0336448 0.745049
0 0.0513025 0.972521 0.102605 0.0549584 0.382692
0 0.17403 0.480692 0.0768903 0.0333893 0.86236
0 0.750399 0.301487 0.0814822 0.0345677 0.861918
0 0.432799 0.619271 0.0885203 0.0358871 0.856702
0 0.163134 0.763485 0.0798106 0.0335922 0.847931
0 0.363062 0.309346 0.0769065 0.0319588 0.843351
0 0.855095 0.582164 0.0885778 0.0386086 0.822666
0 0.434806 0.492329 0.0695367 0.0331282 0.808871
0 0.79516 0.502369 0.0731777 0.0327944 0.807794
0 0.0525136 0.969622 0.105027 0.0607559 0.257081
0 0.749347 0.301326 0.0833148 0.0362538 0.828361
0 0.172735 0.481133 0.0789451 0.0339924 0.815581
0 0.433816 0.619444 0.0906944 0.0357741 0.806325
0 0.362345 0.309282 0.076566 0.0330805 0.798005
0 0.162613 0.762842 0.0839178 0.0341865 0.778073
0 0.794922 0.502291 0.0751582 0.033349 0.765772
0 0.433822 0.492066 0.0765078 0.0354149 0.762361
0 0.853312 0.582776 0.0932018 0.0386788 0.76163
0 0.0525745 0.969695 0.105149 0.0606092 0.269989
0 0.432501 0.619307 0.0828369 0.0344637 0.872916
0 0.74962 0.301125 0.0824022 0.0353515 0.868447
0 0.172296 0.481154 0.0771623 0.0326303 0.865191
0 0.161174 0.762355 0.0801195 0.034457 0.863132
0 0.794091 0.501779 0.0704378 0.0326916 0.854478
0 0.361177 0.308564 0.0715398 0.0309643 0.851531
0 0.433682 0.492237 0.0701285 0.0324581 0.848365
0 0.852636 0.582361 0.0898331 0.0370659 0.83466
0 0.0504886 0.972498 0.100977 0.0550048 0.429081
0 0.162313 0.763102 0.0802004 0.0353503 0.842416
0 0.433617 0.619389 0.0837549 0.0350441 0.829304
0 0.75052 0.301442 0.0831888 0.0353842 0.829143
0 0.172759 0.481564 0.0789606 0.0333426 0.828127
0 0.362833 0.308773 0.0743695 0.031401 0.820927
0 0.795099 0.501911 0.0707969 0.0328175 0.820795
0 0.434951 0.492914 0.0714117 0.0331672 0.808204
0 0.854679 0.5827 0.0906638 0.0387968 0.791653
0 0.0509606 0.973076 0.101921 0.0538481 0.703307
0 0.433668 0.618857 0.0841044 0.0356043 0.842625
0 0.362066 0.308376 0.0743568 0.03118 0.840753
0 0.749047 0.301576 0.0829497 0.0349985 0.840178
0 0.171536 0.480696 0.0776816 0.0328274 0.837414
0 0.162252 0.763577 0.079986 0.0350002 0.830711
0 0.795106 0.502166 0.0709281 0.0325905 0.823057
0 0.43432 0.492429 0.0701174 0.0322951 0.818637
0 0.852613 0.581922 0.0881693 0.0376239 0.815733
0 0.0494094 0.97203 0.0988189 0.0559399 0.425126
0 0.749776 0.301183 0.0810695 0.0347757 0.831337
0 0.433843 0.618733 0.0849892 0.035108 0.831309
0 0.16222 0.763878 0.0806188 0.0348036 0.825768
0 0.361772 0.308528 0.0735479 0.0309414 0.82491
0 0.171101 0.479921 0.0776958 0.0329905 0.815889
0 0.434897 0.492067 0.0708833 0.0315085 0.813065
0 0.795579 0.502308 0.0710707 0.0326132 0.79962
0 0.852463 0.581782 0.0880327 0.0374059 0.796576
0 0.049601 0.971779 0.099202 0.0564424 0.185072
0 0.161372 0.764131 0.0839874 0.037675 0.849238
0 0.17087 0.480425 0.0813681 0.0349957 0.838934
0 0.431966 0.619203 0.0870023 0.0360606 0.837681
0 0.748945 0.300247 0.0855514 0.0367906 0.833842
0 0.360826 0.310277 0.0747988 0.0348806 0.833777
0 0.434691 0.492931 0.0739846 0.0337406 0.823479
0 0.795404 0.502507 0.0749801 0.0340563 0.811736
0 0.853294 0.583346 0.0910705 0.0402996 0.782383
0 0.377828 0.363666 0.119364 0.0377125 0.675332
0 0.0504587 0.971107 0.100917 0.0577868 0.602766
0 0.749538 0.300146 0.0820847 0.036128 0.836452
0 0.171554 0.480194 0.0772905 0.033577 0.833973
0 0.433937 0.619156 0.0836788 0.0344539 0.822142
0 0.162126 0.76372 0.0798859 0.0361221 0.819643
0 0.361643 0.30929 0.0717467 0.0317583 0.816705
0 0.434356 0.492741 0.0706767 0.0322197 0.815968
0 0.795271 0.502448 0.072206 0.0327948 0.812513
0 0.854582 0.582376 0.0884502 0.0375485 0.801679
0 0.377678 0.363446 0.119022 0.0361867 0.251944
0 0.0503352 0.979167 0.10067 0.0416659 0.219682
0 0.748867 0.300952 0.0821345 0.0357213 0.860915
0 0.362206 0.309474 0.0712558 0.031364 0.855763
0 0.430611 0.619824 0.0880359 0.0367641 0.849625
0 0.171638 0.480976 0.0777309 0.0333746 0.847324
0 0.853938 0.582404 0.0905971 0.0391542 0.834426
0 0.433551 0.493378 0.073129 0.0334257 0.814925
0 0.795643 0.503099 0.0751908 0.0331829 0.810881
0 0.161653 0.76396 0.0826624 0.0368404 0.810713
0 0.0519865 0.971943 0.103973 0.0561142 0.68682
0 0.377353 0.364093 0.11836 0.0362984 0.404542
0 0.571568 0.353923 0.121415 0.0368509 0.227276
0 0.748853 0.300858 0.0802751 0.0347117 0.833214
0 0.171657 0.480639 0.0760056 0.0332552 0.827138
0 0.362123 0.309272 0.0691876 0.0308664 0.818087
0 0.43148 0.619269 0.0880459 0.0364363 0.816213
0 0.853835 0.581886 0.0894536 0.0396382 0.796625
0 0.161458 0.763426 0.0815549 0.0358731 0.794109
0 0.434273 0.492914 0.0729948 0.0339179 0.788427
0 0.795554 0.502671 0.0729334 0.0327406 0.78054
0 0.0506993 0.976843 0.101399 0.0463145 0.409776
0 0.376927 0.364547 0.115464 0.035229 0.171726
0 0.929507 0.402304 0.0531322 0.0194117 0.111903
0 0.74719 0.301241 0.079975 0.0339577 0.860695
0 0.170016 0.480684 0.0759628 0.0322843 0.857714
0 0.16129 0.763414 0.080796 0.0348593 0.836565
0 0.429801 0.619329 0.0949346 0.0355238 0.833165
0 0.434651 0.492775 0.0705854 0.032807 0.831075
0 0.794433 0.502367 0.0703885 0.0317886 0.818209
0 0.360731 0.308924 0.0714192 0.0308614 0.809678
0 0.853227 0.582623 0.0880612 0.0386211 0.809554
0 0.747407 0.301479 0.081176 0.0344609 0.838752
0 0.170211 0.4811 0.0786844 0.0327854 0.832996
0 0.162149 0.763686 0.0819447 0.0351415 0.799947
0 0.429987 0.620353 0.0968783 0.0364254 0.79529
0 0.794844 0.503056 0.0712886 0.0318952 0.782367
0 0.36144 0.309236 0.07465 0.0322571 0.778199
0 0.434953 0.493218 0.0693283 0.0327698 0.774719
0 0.854028 0.583303 0.0898806 0.0392284 0.765303
0 0.246864 0.299643 0.121133 0.0800115 0.138892
0 0.748266 0.300614 0.0781879 0.0344881 0.8542
0 0.171447 0.480451 0.0756315 0.0331391 0.846752
0 0.162053 0.762896 0.0809596 0.0353861 0.830761
0 0.429805 0.619737 0.0886969 0.0363386 0.820618
0 0.362587 0.308672 0.0724284 0.0327542 0.813048
0 0.852967 0.582938 0.0856251 0.0390183 0.812028
0 0.793358 0.502066 0.069899 0.0324335 0.807127
0 0.433722 0.492765 0.0687682 0.0332366 0.78632
0 0.0510425 0.969922 0.102085 0.0601566 0.515633
0 0.190039 0.369326 0.0877615 0.0345128 0.127012
0 0.749658 0.300993 0.0759049 0.0327577 0.849776
0 0.172752 0.480882 0.0743165 0.0324829 0.845482
0 0.42955 0.620335 0.0922597 0.0362134 0.834468
0 0.161769 0.763137 0.0822089 0.0347846 0.826651
0 0.362794 0.309147 0.0736103 0.0321012 0.819603
0 0.794165 0.502587 0.0723705 0.0313637 0.806559
0 0.852924 0.583233 0.0891807 0.0374352 0.801807
0 0.433853 0.493143 0.0707792 0.0328815 0.779919
0 0.0508024 0.973014 0.101605 0.053973 0.484378
0 0.748403 0.301022 0.0801513 0.034483 0.883423
0 0.425939 0.619919 0.0999547 0.0379909 0.86607
0 0.172031 0.480885 0.0768543 0.0328236 0.857647
0 0.36196 0.309363 0.071418 0.0321308 0.855228
0 0.161112 0.76282 0.0816896 0.0355844 0.845969
0 0.793609 0.502326 0.0730753 0.0316712 0.838993
0 0.852885 0.582819 0.0882464 0.0386249 0.830405
0 0.433215 0.492968 0.0718119 0.0336578 0.816288
0 0.0512268 0.971473 0.102454 0.0570545 0.745472
0 0.749448 0.301558 0.0770567 0.0338571 0.854462
0 0.173171 0.48119 0.0731139 0.0323106 0.829333
0 0.362128 0.309574 0.067187 0.031099 0.828079
0 0.430142 0.62016 0.0879013 0.0365421 0.816194
0 0.161964 0.763687 0.0769044 0.0339724 0.809031
0 0.794111 0.502815 0.0693114 0.0309231 0.808821
0 0.852749 0.583091 0.0856619 0.0391775 0.78053
0 0.433342 0.49303 0.0688855 0.0326388 0.768127
0 0.0499036 0.9725 0.0998072 0.0550001 0.710306
0 0.748794 0.301299 0.0802583 0.034473 0.860032
0 0.17273 0.480586 0.0776901 0.0321587 0.841207
0 0.161504 0.76253 0.0830397 0.0348441 0.810629
0 0.361753 0.30895 0.0724909 0.0312506 0.799069
0 0.428394 0.619749 0.0920889 0.0358641 0.789827
0 0.793228 0.502078 0.0727872 0.0318647 0.785182
0 0.85228 0.582885 0.0890174 0.0379516 0.780874
0 0.43258 0.492748 0.0698934 0.0324253 0.766386
0 0.0490115 0.978542 0.0980231 0.0419395 0.213628
0 0.749407 0.30171 0.0777564 0.0346068 0.872792
0 0.173096 0.481063 0.0768627 0.0331258 0.859936
0 0.162364 0.763033 0.0842338 0.035872 0.835737
0 0.361986 0.309033 0.072985 0.0319503 0.826066
0 0.853941 0.583204 0.087404 0.0386658 0.814301
0 0.794156 0.502511 0.0722718 0.0324936 0.807703
0 0.431136 0.619927 0.0879525 0.0358702 0.801598
0 0.433646 0.492824 0.0699694 0.0324743 0.79239
0 0.0486544 0.984374 0.0973087 0.0303722 0.261191
0 0.747793 0.301889 0.0781476 0.0348661 0.85313
0 0.171384 0.480944 0.0762304 0.0328709 0.83202
0 0.162209 0.762829 0.084657 0.0360336 0.801888
0 0.360682 0.30881 0.0732148 0.0325673 0.780162
0 0.793279 0.502906 0.0719163 0.0325052 0.777616
0 0.433117 0.49317 0.0698257 0.0320671 0.75167
0 0.853429 0.583129 0.0868627 0.0374814 0.743
0 0.427878 0.620019 0.0968557 0.0376557 0.73789
0 0.0474015 0.985649 0.094803 0.0287029 0.232764
0 0.748644 0.301726 0.0773875 0.034338 0.912435
0 0.172329 0.480575 0.0751417 0.0323041 0.895988
0 0.794988 0.502714 0.0718096 0.0318987 0.878529
0 0.163069 0.763228 0.0805746 0.0350694 0.869808
0 0.361233 0.308876 0.0725355 0.0322477 0.860992
0 0.854092 0.582862 0.0865683 0.0372412 0.839037
0 0.435202 0.492976 0.0697358 0.0316449 0.831963
0 0.433958 0.61953 0.0863273 0.0348754 0.827887
0 0.0496296 0.986434 0.0909415 0.0270399 0.57861
0 0.748503 0.301576 0.077704 0.0343906 0.910242
0 0.172585 0.480902 0.0750359 0.0331662 0.88843
0 0.79431 0.502288 0.0711715 0.0323326 0.863419
0 0.162373 0.763212 0.0823345 0.035536 0.850861
0 0.361056 0.309736 0.0715825 0.0328918 0.839269
0 0.434154 0.493226 0.0714791 0.0333664 0.822046
0 0.853299 0.582997 0.0882536 0.0380055 0.818897
0 0.43235 0.61958 0.0871724 0.0358858 0.814693
0 0.0509738 0.986339 0.0903244 0.0273216 0.65676
0 0.747909 0.301488 0.0794475 0.0340326 0.905498
0 0.172242 0.481374 0.0771933 0.0330971 0.879594
0 0.793801 0.502242 0.0704526 0.0318094 0.85302
0 0.360967 0.309778 0.0717645 0.0325115 0.848504
0 0.162147 0.763136 0.0833175 0.0348347 0.83643
0 0.432994 0.492497 0.0705865 0.0323683 0.827563
0 0.853264 0.583287 0.0895428 0.0375546 0.826347
0 0.43153 0.619752 0.0884767 0.0357288 0.821522
0 0.0500438 0.98644 0.0913563 0.0266037 0.589431
0 0.747943 0.301583 0.0776929 0.032898 0.864346
0 0.172151 0.481055 0.075115 0.0311548 0.847744
0 0.36064 0.30977 0.0696525 0.0310864 0.819136
0 0.793766 0.502343 0.0673949 0.0311632 0.813539
0 0.433485 0.492255 0.0675096 0.0312487 0.81081
0 0.852878 0.5832 0.0885168 0.0375813 0.79709
0 0.162271 0.763224 0.0802896 0.0340497 0.794458
0 0.433532 0.619971 0.0838447 0.0353311 0.784062
0 0.0520318 0.986821 0.0814757 0.0239584 0.276969
0 0.748107 0.301455 0.0813891 0.0359235 0.863049
0 0.160973 0.763332 0.0836951 0.0358816 0.832174
0 0.171562 0.480727 0.0799779 0.0328093 0.826782
0 0.793503 0.502094 0.0694078 0.0324841 0.815915
0 0.360985 0.309964 0.0727741 0.0332207 0.813919
0 0.854141 0.583437 0.0907929 0.0407882 0.810767
0 0.433355 0.492272 0.0699279 0.0320089 0.807492
0 0.429255 0.619362 0.0919664 0.03825 0.796715
0 0.0502725 0.986394 0.0896191 0.0261444 0.345365
0 0.749067 0.301741 0.0789644 0.0342487 0.851988
0 0.161677 0.763335 0.0809419 0.0347586 0.810065
0 0.362776 0.310157 0.0680722 0.0314904 0.809491
0 0.173444 0.480157 0.0761871 0.031072 0.802815
0 0.433613 0.619976 0.0838377 0.0362182 0.798801
0 0.854562 0.583449 0.0888521 0.0391051 0.795428
0 0.794031 0.502685 0.0686397 0.0311334 0.794006
0 0.434867 0.492234 0.0677005 0.0310219 0.770828
0 0.0551846 0.986717 0.080202 0.0249161 0.236273
0 0.747327 0.301549 0.0803498 0.0343165 0.858884
0 0.161145 0.762884 0.0827975 0.0353386 0.834226
0 0.172958 0.479839 0.0761302 0.0325102 0.825624
0 0.432799 0.619466 0.0846515 0.0371885 0.822103
0 0.362883 0.309918 0.0685646 0.0320583 0.82004
0 0.43352 0.492275 0.0716095 0.0321636 0.810167
0 0.852813 0.5826 0.0915383 0.0400581 0.804922
0 0.79347 0.502298 0.0731325 0.0319626 0.803643
0 0.0489581 0.986209 0.093527 0.0260536 0.196423
0 0.747249 0.301544 0.0795109 0.0347528 0.84616
0 0.361319 0.30934 0.07218 0.0315939 0.814188
0 0.171345 0.480872 0.0765083 0.0330928 0.812205
0 0.161658 0.76238 0.0820854 0.0353 0.801528
0 0.432018 0.619151 0.0862253 0.0366774 0.80084
0 0.852545 0.582472 0.0905034 0.0388558 0.793457
0 0.792868 0.502046 0.0720231 0.0321255 0.791433
0 0.43342 0.492831 0.072747 0.0338341 0.789263
0 0.74854 0.301733 0.0797032 0.0353083 0.87308
0 0.16187 0.762578 0.0811934 0.0350351 0.856502
0 0.172821 0.480914 0.0761655 0.0329566 0.846112
0 0.362291 0.309368 0.072675 0.03102 0.83746
0 0.85332 0.58292 0.0893414 0.0378234 0.828367
0 0.432724 0.619474 0.0837891 0.0356376 0.820732
0 0.433963 0.493182 0.0692783 0.0326122 0.818931
0 0.793102 0.502307 0.0708295 0.0318107 0.814087
0 0.0486619 0.983582 0.0973238 0.0300102 0.109076
0 0.748074 0.301264 0.0798684 0.0353085 0.87933
0 0.161476 0.762283 0.0799316 0.0348617 0.866685
0 0.171595 0.480177 0.0784507 0.0331448 0.85844
0 0.433615 0.492506 0.0688753 0.0329939 0.850911
0 0.428084 0.618826 0.0922484 0.0373622 0.840244
0 0.792689 0.501298 0.0698747 0.0327425 0.838847
0 0.853719 0.582087 0.0874312 0.0393286 0.827402
0 0.361322 0.30947 0.0733046 0.0308221 0.809136
0 0.244318 0.294279 0.117529 0.0238568 0.162836
0 0.0497517 0.972504 0.0995034 0.0518173 0.160445
0 0.197741 0.368646 0.0836388 0.0324591 0.108129
0 0.748172 0.301758 0.0774662 0.0336264 0.87251
0 0.161145 0.762709 0.0798537 0.0349782 0.857242
0 0.171836 0.480133 0.0753454 0.0318903 0.839855
0 0.433839 0.492475 0.0680034 0.032225 0.834027
0 0.430289 0.618994 0.084973 0.035952 0.82233
0 0.792882 0.501751 0.0693628 0.032143 0.813905
0 0.361508 0.309767 0.0710921 0.0305856 0.811966
0 0.853365 0.582567 0.0837436 0.0378391 0.802531
0 0.0499406 0.972787 0.0998813 0.053466 0.490436
0 0.379273 0.363335 0.120002 0.0332766 0.414003
0 0.248165 0.294287 0.110499 0.0224974 0.294291
0 0.199496 0.368712 0.081357 0.0318462 0.198025
0 0.748272 0.301849 0.0782224 0.0340259 0.828191
0 0.170835 0.480654 0.0765012 0.032214 0.798384
0 0.161784 0.762594 0.0844156 0.0356734 0.792718
0 0.852799 0.582916 0.0896211 0.0391487 0.790735
0 0.361532 0.309773 0.074103 0.0326003 0.784115
0 0.793126 0.50194 0.0740083 0.032255 0.780474
0 0.43018 0.619731 0.0901496 0.036903 0.776247
0 0.433596 0.492743 0.0710422 0.0331257 0.773168
0 0.0516284 0.971546 0.103257 0.0569083 0.577605
0 0.380356 0.363286 0.122698 0.0347239 0.294298
0 0.171784 0.480646 0.0737989 0.0316711 0.811236
0 0.362375 0.309653 0.0730214 0.0320151 0.807658
0 0.748602 0.301641 0.0764583 0.0337695 0.806449
0 0.853827 0.582917 0.0880866 0.0381735 0.805827
0 0.792421 0.502479 0.0705317 0.0317871 0.793251
0 0.431172 0.619367 0.0871997 0.0357072 0.788772
0 0.162739 0.762785 0.0817905 0.0353628 0.785031
0 0.433523 0.492703 0.0685926 0.0328384 0.774033
0 0.051829 0.971993 0.103658 0.0560133 0.589879
0 0.379622 0.363287 0.120164 0.0355168 0.221242
0 0.171162 0.480713 0.0778825 0.0326699 0.858691
0 0.362265 0.3101 0.0753941 0.0337245 0.856569
0 0.748239 0.301188 0.0790904 0.0353772 0.850706
0 0.792655 0.502243 0.0710349 0.0331301 0.844976
0 0.433644 0.619458 0.0844693 0.0364821 0.839184
0 0.163508 0.762781 0.0806187 0.0370483 0.828061
0 0.85376 0.583236 0.0881395 0.0393099 0.819846
0 0.433142 0.492766 0.0676599 0.0329038 0.819402
0 0.0518697 0.972268 0.103739 0.0554643 0.745823
0 0.374374 0.363637 0.112135 0.0378567 0.120415
0 0.362099 0.310555 0.0739506 0.0331947 0.833025
0 0.430593 0.619765 0.0931604 0.0362267 0.826449
0 0.170511 0.480652 0.0793157 0.0333785 0.826396
0 0.792395 0.502278 0.0713819 0.0324028 0.824602
0 0.162934 0.763005 0.0817163 0.0360954 0.808541
0 0.852979 0.58329 0.0896851 0.0389881 0.80701
0 0.748566 0.301737 0.0783714 0.0349082 0.789976
0 0.433004 0.492843 0.0684297 0.0318814 0.78638
0 0.0518701 0.972442 0.10374 0.0551151 0.709763
0 0.376289 0.364127 0.118291 0.0358732 0.111204
0 0.793808 0.502495 0.0711572 0.0323448 0.888906
0 0.362338 0.310833 0.0714096 0.0338912 0.878642
0 0.429756 0.620368 0.0950272 0.0368586 0.876979
0 0.171793 0.480999 0.0753908 0.0340288 0.876501
0 0.749562 0.301787 0.0749353 0.034515 0.875822
0 0.434938 0.493373 0.0713167 0.0324304 0.873732
0 0.162278 0.763439 0.0804378 0.0358809 0.869161
0 0.853128 0.584306 0.0892166 0.0406069 0.859268
0 0.0514089 0.973107 0.102818 0.0537868 0.763253
0 0.375388 0.363881 0.112127 0.037528 0.12244
0 0.749649 0.301783 0.0768981 0.0346883 0.850374
0 0.79327 0.502331 0.0728557 0.0330989 0.841954
0 0.171265 0.480798 0.0770986 0.0345109 0.841588
0 0.362134 0.310523 0.0722717 0.0349927 0.830887
0 0.434366 0.493233 0.0737749 0.0334502 0.82808
0 0.427613 0.620229 0.0998941 0.0382683 0.825638
0 0.853043 0.584561 0.0930233 0.0423931 0.820162
0 0.160897 0.763103 0.0815009 0.0367236 0.808367
0 0.0517073 0.972683 0.103415 0.0546341 0.755081
0 0.37744 0.364047 0.120913 0.0375332 0.229276
0 0.749738 0.301708 0.0745478 0.0332955 0.860339
0 0.172918 0.480138 0.0735415 0.0317785 0.834939
0 0.362565 0.309965 0.0690654 0.0319969 0.822885
0 0.854871 0.582989 0.0876189 0.0374398 0.816883
0 0.434248 0.492606 0.0678179 0.0310518 0.81473
0 0.161556 0.762913 0.0800859 0.0344986 0.814142
0 0.794197 0.50237 0.0688279 0.0311876 0.809638
0 0.429867 0.62009 0.0913704 0.0362856 0.801706
0 0.0495501 0.979693 0.0991002 0.0400337 0.368476
0 0.749394 0.301567 0.0782518 0.0341618 0.889086
0 0.172181 0.479865 0.0774496 0.0321285 0.861265
0 0.1619 0.762669 0.0809525 0.0344529 0.859738
0 0.434597 0.49242 0.0672258 0.0307073 0.85785
0 0.362778 0.309741 0.0718934 0.0319819 0.857793
0 0.85506 0.582677 0.0875526 0.0377111 0.855733
0 0.794363 0.50238 0.0692744 0.0312107 0.849318
0 0.430966 0.62009 0.0909079 0.0366401 0.845363
0 0.0502471 0.981636 0.100494 0.0367275 0.412431
0 0.749259 0.30158 0.0800582 0.0347156 0.839917
0 0.361756 0.309771 0.0755221 0.0323429 0.81035
0 0.435458 0.492716 0.069766 0.0305454 0.802572
0 0.854145 0.582431 0.0903787 0.0370646 0.799994
0 0.17071 0.480358 0.0793645 0.0322729 0.793614
0 0.43167 0.619943 0.0942005 0.0363245 0.79315
0 0.162662 0.762531 0.082981 0.0355711 0.790548
0 0.794366 0.502384 0.0731019 0.031767 0.787687
0 0.0510432 0.980402 0.102086 0.0391966 0.523361
0 0.37723 0.364422 0.110488 0.0364047 0.144891
0 0.792192 0.502512 0.0704513 0.0301189 0.842589
0 0.750838 0.301823 0.0773016 0.0340908 0.836947
0 0.362108 0.309591 0.0739357 0.031733 0.82781
0 0.433429 0.619985 0.0880769 0.035083 0.820409
0 0.171795 0.480708 0.0764046 0.0317938 0.814595
0 0.854379 0.583134 0.0890619 0.0367393 0.8136
0 0.434661 0.492581 0.0703089 0.0300267 0.807824
0 0.162512 0.762683 0.0825876 0.0349653 0.800593
0 0.0505126 0.984919 0.101025 0.0301617 0.634919
0 0.37682 0.363766 0.116074 0.0351777 0.306519
0 0.36248 0.309265 0.0730335 0.0315097 0.846464
0 0.854079 0.58282 0.0895531 0.036976 0.835212
0 0.172492 0.48034 0.074572 0.0313147 0.833799
0 0.432533 0.619249 0.0867274 0.0351119 0.832399
0 0.794625 0.502133 0.0738159 0.032339 0.830931
0 0.751687 0.301078 0.0754694 0.0341207 0.828772
0 0.434808 0.492891 0.0710562 0.0312029 0.816881
0 0.162248 0.762508 0.0827996 0.0355209 0.811082
0 0.0503882 0.986182 0.0982554 0.0274782 0.639138
0 0.0524435 0.973512 0.104887 0.052976 0.198513
0 0.375562 0.363504 0.117107 0.0348582 0.190871
0 0.202002 0.36888 0.0875859 0.031527 0.101106
0 0.362773 0.309647 0.0721535 0.0312729 0.861682
0 0.855338 0.582915 0.086557 0.0360576 0.845503
0 0.172819 0.480564 0.0738274 0.0310322 0.844397
0 0.795335 0.502557 0.0710535 0.0314152 0.838786
0 0.434512 0.619615 0.0834613 0.0339723 0.838164
0 0.752557 0.301474 0.0743294 0.0334281 0.836265
0 0.435508 0.493351 0.0691637 0.0308755 0.82824
0 0.163382 0.763052 0.0810758 0.0352914 0.820723
0 0.0516329 0.986999 0.094119 0.0260027 0.717424
0 0.376489 0.364065 0.115491 0.0344768 0.329895
0 0.0522862 0.973951 0.104572 0.0520972 0.159916
0 0.202604 0.369342 0.0842195 0.0319781 0.106043
0 0.360972 0.30885 0.0727096 0.0312984 0.881434
0 0.749381 0.300929 0.0773096 0.0350646 0.86648
0 0.170727 0.480002 0.0762067 0.0326657 0.861726
0 0.794574 0.502162 0.0702035 0.0323536 0.857739
0 0.162354 0.762806 0.0813705 0.0355845 0.850221
0 0.854214 0.582001 0.0847541 0.0373309 0.850168
0 0.430135 0.619065 0.0874675 0.0358465 0.834049
0 0.435186 0.493096 0.0683183 0.0322104 0.829651
0 0.050694 0.980297 0.101388 0.0390158 0.755631
0 0.376849 0.363208 0.111677 0.0355788 0.450909
0 0.360863 0.309187 0.0742912 0.0314603 0.846562
0 0.749379 0.301432 0.0788496 0.0353639 0.84064
0 0.170496 0.48039 0.0777836 0.0326422 0.82981
0 0.794238 0.502339 0.0709156 0.0328657 0.822523
0 0.162161 0.763107 0.0824542 0.0367582 0.816542
0 0.854456 0.582546 0.0858537 0.0370052 0.813474
0 0.435253 0.493606 0.0682653 0.0318323 0.797789
0 0.429502 0.619434 0.0906542 0.0360958 0.79731
0 0.0513523 0.972439 0.102705 0.0551215 0.717701
0 0.376583 0.363445 0.112979 0.0360595 0.514022
0 0.361838 0.309286 0.0751379 0.0315438 0.885062
0 0.794115 0.502368 0.0719792 0.0321926 0.879113
0 0.855724 0.582369 0.0873552 0.036119 0.869088
0 0.172463 0.480118 0.0778896 0.0318534 0.867845
0 0.162975 0.76297 0.0803307 0.0344419 0.85809
0 0.750856 0.301479 0.0792137 0.0344266 0.851326
0 0.435721 0.492363 0.0705211 0.0307844 0.848255
0 0.434444 0.619297 0.0854513 0.0346538 0.84432
0 0.0524882 0.971996 0.104976 0.0560089 0.775018
0 0.377282 0.364504 0.116277 0.0357031 0.159522
0 0.360811 0.30949 0.0736427 0.0325457 0.851643
0 0.792947 0.501957 0.0724431 0.0331332 0.85095
0 0.171287 0.480048 0.0767669 0.0329096 0.844032
0 0.750065 0.301405 0.0788111 0.0352921 0.841883
0 0.854397 0.582043 0.0871387 0.0376201 0.83536
0 0.16164 0.762796 0.0803273 0.0356813 0.833235
0 0.434146 0.492271 0.0703079 0.0316831 0.814578
0 0.432859 0.618892 0.0855102 0.0360395 0.807749
0 0.0510763 0.971501 0.102153 0.0569978 0.666167
0 0.362219 0.309882 0.0724223 0.0322537 0.841795
0 0.173341 0.480343 0.0719494 0.0321034 0.828129
0 0.752263 0.301572 0.0752569 0.0340654 0.825123
0 0.79368 0.502022 0.0703354 0.0315825 0.821481
0 0.855529 0.582161 0.0867964 0.037837 0.807931
0 0.163246 0.762967 0.0783997 0.0345661 0.805178
0 0.434791 0.619122 0.0843111 0.0354858 0.787484
0 0.43498 0.492607 0.0695183 0.0310763 0.777655
0 0.0520368 0.971281 0.104074 0.0574372 0.72095
0 0.362229 0.309597 0.0739574 0.0319341 0.877994
0 0.17249 0.480553 0.0745066 0.0322193 0.866191
0 0.751429 0.301218 0.0777446 0.0337105 0.860804
0 0.793891 0.501958 0.0719648 0.0317802 0.85763
0 0.162933 0.76293 0.080643 0.0353254 0.841597
0 0.855358 0.582218 0.0890122 0.0380722 0.839788
0 0.433812 0.619046 0.0882421 0.0359297 0.825277
0 0.435321 0.492821 0.0717354 0.0313637 0.820598
0 0.0524867 0.971208 0.104973 0.0575838 0.786523
0 0.361025 0.309517 0.0722396 0.0319512 0.856059
0 0.749665 0.301148 0.0781021 0.0337386 0.848272
0 0.170897 0.48059 0.0745014 0.0319168 0.842913
0 0.793875 0.501824 0.07068 0.0321347 0.83498
0 0.162213 0.762624 0.0804294 0.0357811 0.81423
0 0.853939 0.582407 0.0883579 0.0373276 0.802425
0 0.434332 0.492493 0.0681724 0.0317784 0.787887
0 0.430072 0.619059 0.0906959 0.0364445 0.783561
0 0.0515739 0.971583 0.103148 0.0568348 0.751881
0 0.378386 0.36294 0.118762 0.0366575 0.33843
0 0.362514 0.310015 0.0733535 0.0331179 0.879654
0 0.750858 0.301174 0.0781021 0.0343866 0.873694
0 0.172241 0.480672 0.0758311 0.0323303 0.864074
0 0.795505 0.502087 0.0726198 0.0327128 0.86245
0 0.163572 0.762926 0.0827935 0.0372418 0.851191
0 0.854771 0.582544 0.0892865 0.0385979 0.831081
0 0.430838 0.619268 0.0951257 0.0378153 0.823415
0 0.435683 0.492603 0.0693345 0.0321376 0.822819
0 0.0525519 0.971307 0.105104 0.057386 0.800178
0 0.379928 0.363017 0.119893 0.03774 0.680239
0 0.749132 0.301735 0.0778417 0.0339743 0.878056
0 0.362108 0.309839 0.0730311 0.0326339 0.870445
0 0.795282 0.502358 0.0736716 0.0325174 0.865598
0 0.170856 0.480383 0.0774606 0.0321015 0.85954
0 0.853823 0.582842 0.0880285 0.0385699 0.851222
0 0.162585 0.762917 0.0841967 0.0358877 0.847093
0 0.434668 0.492433 0.0691092 0.0316245 0.821658
0 0.428524 0.619293 0.0974868 0.0372537 0.806997
0 0.0513007 0.972208 0.102601 0.0555837 0.762391
0 0.377845 0.363223 0.11642 0.0376317 0.714904
0 0.362532 0.309705 0.0728615 0.0326459 0.861777
0 0.749913 0.301656 0.0783911 0.0340411 0.858091
0 0.854316 0.582808 0.0880119 0.0382635 0.851316
0 0.171637 0.480268 0.0776867 0.0323362 0.84614
0 0.795216 0.502363 0.073414 0.0324189 0.846099
0 0.16264 0.762822 0.084502 0.0364214 0.8366
0 0.426289 0.619357 0.101197 0.0381647 0.817701
0 0.434932 0.492645 0.0708649 0.0315274 0.806344
0 0.0512108 0.972703 0.102422 0.054594 0.725623
0 0.378054 0.363498 0.117727 0.0383297 0.515869
0 0.854376 0.582845 0.0867186 0.0372019 0.859926
0 0.361165 0.309661 0.0703134 0.0320579 0.859376
0 0.171362 0.480292 0.0757395 0.0317711 0.858214
0 0.794234 0.502488 0.0707688 0.0312809 0.855947
0 0.162192 0.762826 0.0808715 0.0352131 0.84654
0 0.429446 0.619305 0.0908348 0.0355539 0.839956
0 0.750313 0.301496 0.0779642 0.0338305 0.837897
0 0.434054 0.492838 0.0674927 0.0305955 0.821452
0 0.0493299 0.981437 0.0986598 0.0371266 0.445866
0 0.377566 0.363702 0.117386 0.037476 0.207974
0 0.172194 0.480285 0.0751063 0.0325891 0.869608
0 0.794494 0.502596 0.070587 0.031584 0.867582
0 0.361605 0.309884 0.0711615 0.0329486 0.863311
0 0.751374 0.300846 0.0773241 0.034979 0.861111
0 0.162788 0.762881 0.0802612 0.0355079 0.858757
0 0.855079 0.583109 0.0876166 0.0384567 0.85861
0 0.43056 0.619356 0.0894409 0.0362575 0.845633
0 0.434658 0.493142 0.0673709 0.0311711 0.829787
0 0.0511975 0.97263 0.102395 0.0547394 0.671967
0 0.377784 0.363636 0.117619 0.0374496 0.547488
