0 0.552649 0.478559 0.141721 0.0833118 0.629143
0 0.379755 0.679357 0.043967 0.0250847 0.559227
0 0.783754 0.401491 0.0477004 0.0258777 0.192808
0 0.82054 0.582769 0.0409479 0.0256535 0.13106
0 0.232878 0.631648 0.0520305 0.0296079 0.107818
0 0.552174 0.477984 0.144123 0.0819035 0.861521
0 0.37941 0.678312 0.0424304 0.0288843 0.66529
0 0.782371 0.400654 0.0469549 0.0319959 0.175006
0 0.837097 0.3178 0.0406127 0.0297518 0.164657
0 0.554466 0.481139 0.1504 0.0945877 0.937048
0 0.555076 0.483978 0.163529 0.0966623 0.967565
0 0.822279 0.313857 0.0588265 0.0395298 0.522611
0 0.818214 0.494147 0.0833713 0.0451471 0.446541
0 0.814455 0.581426 0.0508157 0.0398891 0.414949
0 0.377588 0.679285 0.0403643 0.0277067 0.412559
0 0.544977 0.676188 0.0395783 0.0259957 0.395682
0 0.785153 0.403305 0.0404306 0.0339151 0.289646
0 0.379306 0.496422 0.0408161 0.0328816 0.238801
0 0.442498 0.64565 0.0429078 0.0328615 0.186891
0 0.59419 0.584596 0.0343405 0.0335093 0.141296
0 0.563765 0.677958 0.053331 0.0257677 0.13701
0 0.274925 0.391922 0.0401479 0.0270236 0.134882
0 0.374144 0.589379 0.0458519 0.0392362 0.111157
0 0.556636 0.484356 0.156788 0.0926496 0.712813
0 0.821353 0.314075 0.0680466 0.0410878 0.553405
0 0.806218 0.582767 0.0761682 0.0454981 0.290579
0 0.814471 0.491931 0.0809843 0.0556856 0.262943
0 0.553506 0.676466 0.0529527 0.0282013 0.247883
0 0.380981 0.498739 0.0631503 0.0406071 0.184143
0 0.803334 0.400673 0.0891399 0.0547322 0.17759
0 0.588073 0.582963 0.0451591 0.0378219 0.150491
0 0.274163 0.38915 0.0491638 0.0320806 0.149243
0 0.344929 0.401637 0.0553603 0.0333875 0.136667
0 0.806622 0.674581 0.0583002 0.0476006 0.124296
0 0.534545 0.308297 0.0925187 0.0341986 0.109223
0 0.557069 0.482942 0.161407 0.0968368 0.895782
0 0.822425 0.315183 0.0611894 0.0402895 0.238558
0 0.809713 0.583098 0.0645965 0.0458844 0.131116
0 0.818771 0.494125 0.0880088 0.0578984 0.104349
0 0.554964 0.480411 0.153557 0.0891342 0.876119
0 0.555792 0.481237 0.155508 0.0897833 0.985795
0 0.826455 0.492562 0.11266 0.0658963 0.565922
0 0.825047 0.314864 0.0948858 0.0466914 0.362909
0 0.808986 0.401079 0.113762 0.0599484 0.33734
0 0.551855 0.67701 0.0488058 0.025334 0.29517
0 0.801675 0.58315 0.095369 0.0468407 0.252514
0 0.277648 0.390453 0.053523 0.0303621 0.201639
0 0.79125 0.402568 0.0690517 0.0428894 0.162844
0 0.53028 0.309138 0.0868335 0.0351571 0.121905
0 0.795445 0.673328 0.0861123 0.0413652 0.10433
0 0.556684 0.481773 0.161874 0.0957182 0.970475
0 0.826208 0.485821 0.111796 0.0782601 0.45586
0 0.823203 0.31445 0.0814111 0.0431157 0.201606
0 0.806604 0.58383 0.083081 0.0511497 0.173779
0 0.795245 0.399469 0.0861437 0.0536331 0.119564
0 0.554487 0.481809 0.15047 0.0908112 0.698567
0 0.823511 0.49206 0.101693 0.0605423 0.322175
0 0.823257 0.314554 0.0764019 0.0424963 0.197752
0 0.808452 0.58349 0.0767593 0.0457979 0.192364
0 0.784462 0.403442 0.0550338 0.037624 0.175342
0 0.270667 0.38445 0.0403428 0.0242636 0.158067
0 0.556563 0.483964 0.159165 0.0943151 0.973851
0 0.825923 0.491915 0.109061 0.0618551 0.280311
0 0.814597 0.404081 0.126446 0.0677143 0.11041
0 0.556886 0.479709 0.157564 0.087244 0.890078
0 0.552141 0.484001 0.15789 0.0943293 0.837273
0 0.551031 0.677083 0.0505446 0.0283751 0.26069
0 0.806947 0.585249 0.0925456 0.051201 0.23268
0 0.819061 0.493455 0.0966996 0.0603675 0.187058
0 0.268697 0.385833 0.0451269 0.0299789 0.161938
0 0.788236 0.40502 0.0727046 0.0393593 0.151619
0 0.373547 0.680057 0.0515007 0.0306797 0.124059
0 0.823283 0.315095 0.0852237 0.0460707 0.101886
0 0.551747 0.481034 0.151834 0.0906525 0.956668
0 0.553974 0.483129 0.155508 0.0945595 0.730981
0 0.669639 0.3175 0.0547857 0.0235855 0.105736
0 0.552527 0.480778 0.160268 0.0943051 0.89783
0 0.553891 0.481186 0.149792 0.0953885 0.894459
0 0.553637 0.483578 0.167415 0.102814 0.903047
0 0.553009 0.478493 0.157769 0.090666 0.745736
0 0.273108 0.385418 0.0420625 0.0288793 0.115071
0 0.554661 0.48216 0.161289 0.0978455 0.850265
0 0.261231 0.388603 0.103728 0.0445772 0.13748
0 0.273458 0.387039 0.0500365 0.0331853 0.112052
0 0.554172 0.480578 0.155568 0.0956829 0.869337
0 0.272213 0.386833 0.0453235 0.0321017 0.141199
0 0.553388 0.480183 0.151221 0.0924106 0.87827
0 0.27248 0.387391 0.0632576 0.0352528 0.158708
0 0.553378 0.482468 0.165755 0.0986468 0.918535
0 0.555648 0.481608 0.165866 0.0966249 0.647667
0 0.557977 0.475963 0.152902 0.0841033 0.941657
0 0.263424 0.385786 0.0827624 0.0385512 0.315656
0 0.55704 0.477787 0.152406 0.0869718 0.871124
0 0.555385 0.47789 0.152273 0.090575 0.868025
0 0.780866 0.398959 0.0614611 0.0319837 0.124401
0 0.552358 0.476219 0.148558 0.086068 0.820514
0 0.552966 0.479978 0.150295 0.0915009 0.82566
0 0.553722 0.480548 0.147905 0.0922476 0.840246
0 0.553745 0.478772 0.151335 0.0912388 0.954133
0 0.554017 0.48066 0.151492 0.0934927 0.85837
0 0.556323 0.47752 0.154384 0.0889456 0.88061
0 0.271882 0.385627 0.0664021 0.0380582 0.407976
0 0.782378 0.398477 0.0661699 0.030835 0.318881
0 0.392617 0.312035 0.0440875 0.024098 0.113001
0 0.555823 0.480645 0.153368 0.094522 0.932331
0 0.555291 0.478789 0.149693 0.0879457 0.840406
0 0.553906 0.480346 0.156212 0.0924858 0.920422
0 0.556662 0.477331 0.152869 0.0881327 0.916252
0 0.55535 0.477281 0.152823 0.0879547 0.855276
0 0.553442 0.476547 0.147985 0.083288 0.832252
0 0.553391 0.477194 0.150569 0.0844259 0.841263
0 0.552136 0.475879 0.15493 0.0829585 0.915891
0 0.553489 0.477324 0.157994 0.0848664 0.895462
0 0.555036 0.476833 0.147567 0.0834776 0.897758
0 0.556013 0.477344 0.148278 0.0848374 0.862331
0 0.555051 0.47717 0.154006 0.086287 0.899797
0 0.553406 0.47786 0.154146 0.0872598 0.87494
0 0.556502 0.477438 0.157152 0.0876763 0.880144
0 0.553815 0.478164 0.158963 0.0875416 0.8398
0 0.552901 0.475737 0.149666 0.0819714 0.839755
0 0.554594 0.476461 0.151745 0.0832309 0.850536
0 0.554121 0.478891 0.149995 0.0869458 0.886307
0 0.792568 0.399358 0.0595789 0.0344353 0.144336
0 0.552457 0.481078 0.151231 0.0914347 0.816959
0 0.554514 0.47856 0.149709 0.0863079 0.908098
0 0.794117 0.399628 0.0547684 0.0317835 0.156076
0 0.554811 0.48027 0.152818 0.0880771 0.846465
0 0.55443 0.47829 0.152957 0.0879859 0.91526
0 0.5536 0.47862 0.149528 0.0875925 0.894205
0 0.554472 0.478477 0.151875 0.0873262 0.842413
0 0.55579 0.478279 0.148918 0.0844893 0.865449
0 0.554996 0.478011 0.154089 0.0850984 0.840086
0 0.555092 0.479151 0.154335 0.0894649 0.852581
0 0.79632 0.400179 0.0571564 0.0337633 0.157272
0 0.554432 0.477145 0.150915 0.0879205 0.879717
0 0.554682 0.477711 0.146711 0.0867886 0.862269
0 0.558784 0.477696 0.150178 0.0852675 0.843136
0 0.554564 0.478556 0.157204 0.0878998 0.819165
0 0.555366 0.477134 0.153808 0.083516 0.897055
0 0.556117 0.478472 0.157121 0.0861854 0.857224
0 0.555484 0.477633 0.152166 0.0861169 0.908386
0 0.556902 0.476438 0.151183 0.0838464 0.849538
0 0.557011 0.476988 0.151456 0.084293 0.895499
0 0.55705 0.477256 0.14969 0.0819313 0.867551
0 0.555732 0.477165 0.151828 0.081608 0.859781
0 0.555957 0.475677 0.152358 0.0813658 0.850625
0 0.555234 0.478022 0.153909 0.0858668 0.851166
0 0.55619 0.479262 0.147561 0.0833507 0.842562
0 0.553631 0.476851 0.154912 0.0854896 0.935552
0 0.55435 0.477112 0.157306 0.0850418 0.930416
0 0.555302 0.477634 0.152704 0.0846024 0.939266
0 0.556569 0.477579 0.14821 0.0827074 0.898596
0 0.555517 0.476249 0.151708 0.0834507 0.882474
0 0.555931 0.477428 0.152641 0.0843533 0.897727
0 0.555638 0.476775 0.152471 0.0833816 0.928998
0 0.556696 0.476954 0.148947 0.0820203 0.940268
0 0.556207 0.476983 0.157511 0.0833917 0.826203
0 0.556201 0.477221 0.153071 0.0833944 0.902632
0 0.556214 0.477131 0.151289 0.0833583 0.870587
0 0.556485 0.47759 0.152484 0.0820212 0.887725
0 0.555182 0.477294 0.145775 0.0800525 0.868781
0 0.554353 0.476255 0.153487 0.0845562 0.895581
0 0.554348 0.477268 0.15029 0.0842245 0.878189
0 0.554411 0.477607 0.151831 0.0865581 0.910644
0 0.556584 0.476134 0.150996 0.082596 0.901987
0 0.556149 0.476519 0.151945 0.0814746 0.924116
0 0.555105 0.475648 0.157637 0.0846931 0.902846
0 0.556154 0.475688 0.150485 0.0827396 0.909762
0 0.556567 0.476404 0.153744 0.0846988 0.894828
0 0.55569 0.476836 0.154839 0.0840656 0.90072
0 0.554612 0.477737 0.158901 0.0875984 0.894294
0 0.555374 0.477813 0.158534 0.0878552 0.870796
0 0.556971 0.478092 0.147813 0.0844387 0.916881
0 0.556903 0.478084 0.155529 0.086863 0.8891
0 0.555521 0.478217 0.156051 0.0871754 0.900133
0 0.555226 0.478231 0.155168 0.0886152 0.920353
0 0.555751 0.477242 0.152277 0.0852181 0.876291
0 0.55562 0.476778 0.156267 0.08537 0.897114
0 0.554175 0.475939 0.160319 0.0859532 0.894524
0 0.556418 0.477836 0.156907 0.084466 0.893802
0 0.557034 0.478039 0.152253 0.0878441 0.879462
0 0.557263 0.478024 0.154119 0.086491 0.855857
0 0.555827 0.477143 0.150029 0.0825401 0.913514
0 0.554217 0.477569 0.149082 0.0852804 0.897831
0 0.554306 0.477199 0.150042 0.0829317 0.89118
0 0.554864 0.477328 0.152882 0.0839803 0.914134
0 0.553701 0.477458 0.148779 0.0848738 0.881433
0 0.555021 0.477146 0.154758 0.0868114 0.903055
0 0.554387 0.477067 0.152942 0.0851684 0.901314
0 0.555562 0.47776 0.15215 0.0864826 0.887197
0 0.555262 0.477688 0.154712 0.0852991 0.897392
0 0.555394 0.478316 0.15742 0.0863154 0.905572
