0 0.752316 0.664004 0.0749525 0.0762813 0.637428
0 0.563019 0.53831 0.0591066 0.0646052 0.61413
0 0.583831 0.724638 0.0640765 0.0830233 0.471432
0 0.889902 0.602028 0.0750007 0.0822591 0.467332
0 0.162116 0.665435 0.0283461 0.0256801 0.39726
0 0.335261 0.418198 0.0317813 0.0401293 0.227695
0 0.375941 0.434573 0.023486 0.0343844 0.170558
0 0.902377 0.617689 0.0518192 0.0557835 0.170057
0 0.892556 0.621869 0.0294025 0.0376989 0.153287
0 0.888103 0.60462 0.080893 0.0906954 0.780163
0 0.582806 0.72537 0.0696409 0.0885391 0.774026
0 0.558424 0.538383 0.0694718 0.0695699 0.661299
0 0.751679 0.662818 0.0816368 0.0989927 0.59824
0 0.161041 0.660747 0.0302652 0.0396497 0.530169
0 0.334936 0.418734 0.0361031 0.0534739 0.311838
0 0.306052 0.579179 0.0782173 0.0964622 0.208477
0 0.326415 0.415447 0.0572788 0.0690446 0.179852
0 0.518884 0.646856 0.0251005 0.0365769 0.145359
0 0.517563 0.693914 0.0299679 0.0307177 0.133507
0 0.369496 0.447019 0.0306568 0.0529948 0.111822
0 0.509155 0.527785 0.0259098 0.0357602 0.110617
0 0.583117 0.726232 0.0706428 0.0892225 0.920147
0 0.88817 0.606478 0.0824602 0.0954809 0.906631
0 0.752104 0.666849 0.083065 0.106498 0.887214
0 0.517559 0.647954 0.0236242 0.0342748 0.356682
0 0.560348 0.540486 0.0690184 0.0699603 0.351563
0 0.162372 0.653232 0.032031 0.0532173 0.16712
0 0.75216 0.664402 0.0912096 0.102377 0.862298
0 0.516681 0.648423 0.0210805 0.0349604 0.812529
0 0.884709 0.604055 0.0842323 0.0915451 0.783637
0 0.166773 0.653871 0.0405677 0.0524869 0.728603
0 0.584111 0.725702 0.0662416 0.0828662 0.708452
0 0.564294 0.537717 0.0584705 0.0663152 0.654116
0 0.212748 0.530791 0.0623801 0.0893339 0.498522
0 0.302255 0.582341 0.0644153 0.0999153 0.470277
0 0.334929 0.418635 0.0366989 0.0595119 0.250576
0 0.259636 0.635646 0.0247989 0.0446028 0.240275
0 0.0773316 0.758096 0.0272707 0.0321101 0.226998
0 0.778257 0.736474 0.0618805 0.0532575 0.205085
0 0.248461 0.739371 0.0190158 0.0244145 0.194312
0 0.508474 0.527153 0.0236794 0.0364118 0.176318
0 0.37063 0.448342 0.0283684 0.0565953 0.168558
0 0.938602 0.663516 0.0245748 0.0288355 0.151061
0 0.930645 0.672766 0.0415613 0.0485768 0.140786
0 0.390781 0.446153 0.051973 0.0523273 0.125413
0 0.210423 0.545297 0.0372253 0.067727 0.122894
0 0.295597 0.491992 0.0280388 0.0403363 0.117118
0 0.515862 0.737563 0.0187584 0.0274808 0.106104
0 0.277259 0.605653 0.0214942 0.0342562 0.10205
0 0.563809 0.539019 0.0640892 0.0691889 0.960052
0 0.582877 0.725337 0.0708849 0.0902091 0.945114
0 0.887447 0.60695 0.0845497 0.0953092 0.918154
0 0.166524 0.653664 0.0442687 0.0540891 0.878071
0 0.751259 0.667275 0.0852141 0.0995214 0.830112
0 0.300056 0.581265 0.0773081 0.102125 0.705921
0 0.208674 0.529533 0.0783565 0.093644 0.647138
0 0.329263 0.421887 0.0517772 0.079421 0.599426
0 0.51674 0.645215 0.023041 0.0332111 0.469827
0 0.509311 0.522533 0.0294482 0.0491241 0.415314
0 0.775762 0.73562 0.0693859 0.0554517 0.412819
0 0.078745 0.756464 0.0414804 0.0444894 0.379745
0 0.08289 0.761124 0.0552179 0.0694507 0.328252
0 0.92618 0.672885 0.052108 0.0542742 0.306377
0 0.385562 0.446618 0.0731035 0.0624481 0.296163
0 0.365667 0.451338 0.0506938 0.078198 0.222293
0 0.517452 0.71887 0.0308503 0.0661568 0.21574
0 0.258291 0.6339 0.0303424 0.0510648 0.196513
0 0.298483 0.485438 0.0375045 0.0524423 0.140921
0 0.51617 0.736809 0.0206862 0.0321251 0.112084
0 0.583435 0.725905 0.0725031 0.0898466 0.968749
0 0.888289 0.609317 0.0865319 0.09991 0.944269
0 0.751685 0.667806 0.0897758 0.109902 0.922309
0 0.561008 0.539217 0.0686432 0.0714404 0.921099
0 0.164999 0.655388 0.0412683 0.0507134 0.718716
0 0.302224 0.582956 0.0945482 0.104619 0.560057
0 0.51799 0.644612 0.0233836 0.030003 0.49046
0 0.204079 0.527616 0.0828205 0.0892853 0.361021
0 0.331579 0.418544 0.0453099 0.0626887 0.256837
0 0.775478 0.737892 0.0677113 0.0532969 0.245347
0 0.925496 0.674189 0.053452 0.0540573 0.237777
0 0.212779 0.544493 0.0416435 0.0688355 0.11981
0 0.0769514 0.758864 0.0353656 0.0343412 0.100495
0 0.581712 0.72345 0.075333 0.0897905 0.859966
0 0.751072 0.665307 0.0864454 0.106184 0.831188
0 0.559942 0.535775 0.070364 0.0714096 0.792202
0 0.888405 0.605287 0.0865265 0.100708 0.787612
0 0.305214 0.581455 0.0884655 0.104309 0.441834
0 0.163918 0.653225 0.0414647 0.0569791 0.426545
0 0.205778 0.528663 0.0797469 0.0932651 0.272355
0 0.92529 0.674695 0.0508881 0.055598 0.15152
0 0.322346 0.416464 0.0669865 0.082708 0.141629
0 0.51808 0.644899 0.0243004 0.0378868 0.12793
0 0.750944 0.668313 0.0885784 0.107421 0.994588
0 0.580962 0.72504 0.0784017 0.0888679 0.99313
0 0.55997 0.537366 0.0703378 0.0661035 0.992686
0 0.887626 0.608204 0.0890035 0.100432 0.990595
0 0.163486 0.653467 0.0398982 0.0574647 0.941114
0 0.307083 0.581687 0.0865552 0.10427 0.857132
0 0.207365 0.530573 0.0783917 0.0965108 0.65225
0 0.923914 0.671242 0.0585256 0.0618564 0.621364
0 0.32217 0.417655 0.0690256 0.0829587 0.602506
0 0.773742 0.735064 0.0696273 0.0667297 0.347102
0 0.0785035 0.765669 0.0466561 0.0555095 0.185674
0 0.297432 0.494933 0.0365773 0.0457415 0.182375
0 0.918679 0.650932 0.0645468 0.107171 0.17318
0 0.509739 0.526976 0.027185 0.0412023 0.157701
0 0.521142 0.703627 0.0303421 0.0465586 0.15225
0 0.525356 0.530337 0.0628441 0.060995 0.130364
0 0.307635 0.470627 0.0597843 0.0940831 0.105931
0 0.0929543 0.772191 0.08245 0.0864077 0.102931
0 0.302365 0.420681 0.104844 0.106023 0.102874
0 0.582314 0.724009 0.077171 0.0936665 0.961678
0 0.750674 0.668129 0.0898334 0.111795 0.955861
0 0.887731 0.608514 0.0905021 0.103297 0.939604
0 0.561006 0.538131 0.0689663 0.0697902 0.930623
0 0.163612 0.653565 0.0404247 0.056768 0.807845
0 0.308236 0.58079 0.0837113 0.10577 0.558808
0 0.326185 0.418504 0.0578811 0.0861585 0.344213
0 0.924326 0.67204 0.0569809 0.0629252 0.301772
0 0.776971 0.734029 0.0635689 0.0555483 0.277009
0 0.208147 0.530533 0.068947 0.100584 0.189011
0 0.0952888 0.772276 0.0868752 0.0972885 0.123239
0 0.0792044 0.75969 0.043665 0.0446221 0.12252
0 0.582492 0.723786 0.0730609 0.0875051 0.737811
0 0.564022 0.537264 0.0605872 0.0684537 0.683121
0 0.888167 0.608894 0.0845995 0.101566 0.638497
0 0.752133 0.666572 0.0845242 0.105744 0.572092
0 0.162413 0.653105 0.0366155 0.0549381 0.562012
0 0.332741 0.417348 0.04065 0.0582446 0.437677
0 0.30674 0.574505 0.0652658 0.0920934 0.31874
0 0.936285 0.666745 0.031282 0.0420313 0.229913
0 0.52112 0.694593 0.0233059 0.0267919 0.226893
0 0.122377 0.656096 0.0205224 0.0259989 0.176195
0 0.927145 0.673716 0.0486526 0.057282 0.174944
0 0.297675 0.49112 0.0325027 0.0410812 0.173315
0 0.0801058 0.754604 0.0331162 0.0336894 0.169946
0 0.781254 0.734761 0.0529438 0.0525111 0.160805
0 0.256386 0.728441 0.0264484 0.0279871 0.13673
0 0.25044 0.738138 0.0232477 0.0275486 0.134295
0 0.519728 0.643462 0.0224081 0.0257546 0.126155
0 0.259298 0.634779 0.0283252 0.0446198 0.124778
0 0.377002 0.430881 0.0233134 0.0406619 0.111152
0 0.307374 0.56088 0.04429 0.0623149 0.107036
0 0.887612 0.608564 0.0891893 0.104132 0.970487
0 0.581631 0.722286 0.0759171 0.091678 0.964971
0 0.751849 0.666564 0.0860797 0.112525 0.963448
0 0.561178 0.538033 0.0670433 0.0705892 0.931514
0 0.163164 0.654325 0.0403817 0.0576405 0.865686
0 0.307026 0.578229 0.074989 0.0996073 0.49894
0 0.521759 0.710415 0.0320995 0.063801 0.170798
0 0.330867 0.420411 0.0492496 0.0725806 0.108206
0 0.888387 0.605147 0.0863506 0.0986117 0.875529
0 0.582851 0.72195 0.0737648 0.0858942 0.856444
0 0.752738 0.662707 0.0848837 0.102486 0.854857
0 0.564287 0.53597 0.0609368 0.0652982 0.794003
0 0.161382 0.653265 0.035663 0.053362 0.59588
0 0.308496 0.574413 0.0659181 0.0894051 0.137356
0 0.334031 0.415794 0.0397426 0.0590154 0.108984
0 0.752496 0.667845 0.0883691 0.108151 0.7229
0 0.580483 0.72529 0.0771 0.0915904 0.716826
0 0.8881 0.610055 0.0880798 0.104122 0.668501
0 0.164185 0.654339 0.0436286 0.0585462 0.61846
0 0.559879 0.537676 0.0697443 0.0707565 0.601111
0 0.305106 0.581029 0.0721411 0.10386 0.546969
0 0.122644 0.657912 0.0202419 0.0261528 0.389978
0 0.0799885 0.77345 0.0526347 0.0769795 0.382855
0 0.212317 0.526895 0.0603232 0.0912346 0.332699
0 0.2519 0.738592 0.0295316 0.0299416 0.276
0 0.521205 0.71598 0.0424739 0.0819596 0.211398
0 0.28402 0.405488 0.0452673 0.0628991 0.202758
0 0.325692 0.420964 0.0560914 0.0820057 0.173131
0 0.298842 0.490959 0.037401 0.0473662 0.134336
0 0.770936 0.728548 0.0783764 0.0747947 0.11645
0 0.0794251 0.756981 0.0407798 0.0434641 0.10649
0 0.921323 0.650282 0.0647369 0.10524 0.100669
0 0.582501 0.724299 0.0738839 0.0901659 0.94965
0 0.751417 0.663103 0.086303 0.102836 0.938475
0 0.888121 0.608865 0.086007 0.101324 0.909324
0 0.564448 0.538177 0.0597395 0.0699663 0.866762
0 0.164685 0.654813 0.0422961 0.0584066 0.65794
0 0.304576 0.580507 0.0678209 0.102335 0.433817
0 0.0788895 0.772824 0.0454625 0.0712131 0.314008
0 0.326196 0.42151 0.0522226 0.079856 0.262301
0 0.2109 0.526445 0.0627763 0.0906771 0.220976
0 0.162336 0.651539 0.0261758 0.0441325 0.219489
0 0.285118 0.406023 0.0457464 0.0632876 0.107545
0 0.892773 0.606813 0.0776845 0.0934036 0.760457
0 0.753514 0.665837 0.0830004 0.0960716 0.72629
0 0.167424 0.657951 0.0375575 0.0479665 0.693363
0 0.581981 0.72622 0.0731146 0.0891524 0.637748
0 0.224906 0.512397 0.0347898 0.0425091 0.544889
0 0.55399 0.537812 0.048615 0.0633972 0.43152
0 0.365519 0.454417 0.0375565 0.0644408 0.311221
0 0.215517 0.530318 0.0402674 0.0487012 0.145275
0 0.521947 0.699838 0.0327871 0.0393443 0.124838
0 0.516915 0.735627 0.0203507 0.03227 0.120777
0 0.889855 0.605822 0.0809425 0.0925776 0.976283
0 0.751637 0.663261 0.0838004 0.102841 0.878686
0 0.580452 0.722562 0.0735919 0.0908188 0.81301
0 0.559273 0.536673 0.0721052 0.0718473 0.34645
0 0.165399 0.655236 0.043289 0.0555477 0.238898
0 0.752606 0.66579 0.083583 0.106196 0.920372
0 0.890827 0.608576 0.0820511 0.0961306 0.864967
0 0.584416 0.725707 0.0696646 0.0907137 0.70351
0 0.563242 0.538834 0.0624764 0.0730935 0.338683
0 0.165874 0.655886 0.0451621 0.0544541 0.158487
0 0.51695 0.736962 0.0198101 0.0295401 0.123671
0 0.166413 0.653396 0.0458223 0.0577059 0.758605
0 0.74888 0.663653 0.0928663 0.114032 0.654398
0 0.888454 0.607894 0.0874638 0.0994578 0.624229
0 0.583466 0.72242 0.072288 0.0946515 0.559918
0 0.561445 0.537011 0.069409 0.074733 0.530285
0 0.766253 0.69013 0.128674 0.178397 0.268042
0 0.775591 0.698526 0.0747519 0.136302 0.19604
0 0.930177 0.666463 0.0492125 0.0485614 0.164304
0 0.926738 0.638723 0.0578278 0.120246 0.121994
0 0.56222 0.720404 0.127514 0.110852 0.108673
0 0.889985 0.605218 0.084198 0.0921041 0.760771
0 0.753365 0.662892 0.0907328 0.104054 0.740037
0 0.584478 0.721904 0.0713243 0.0889019 0.519556
0 0.562503 0.536088 0.0699858 0.0727918 0.508398
0 0.164673 0.654721 0.0402403 0.052288 0.507645
0 0.778569 0.722774 0.0667616 0.080499 0.175701
0 0.930206 0.668137 0.0460005 0.0436438 0.147692
0 0.889583 0.608151 0.0848243 0.0982431 0.929861
0 0.752393 0.665337 0.0904194 0.108373 0.896928
0 0.583763 0.723726 0.0733312 0.092966 0.772277
0 0.166258 0.656748 0.0458739 0.0582189 0.756212
0 0.56232 0.536985 0.0701717 0.0759202 0.609078
0 0.777442 0.722277 0.0722244 0.087045 0.461496
0 0.929328 0.671448 0.0511017 0.0514455 0.248428
0 0.515989 0.737905 0.0249109 0.0334508 0.213181
0 0.519477 0.6556 0.0218431 0.0386739 0.150713
0 0.519647 0.722873 0.0391908 0.0616534 0.105257
0 0.889392 0.608301 0.0877429 0.103535 0.881774
0 0.56115 0.536106 0.0696733 0.077018 0.801642
0 0.750646 0.662661 0.087279 0.110901 0.785789
0 0.583625 0.723449 0.0741599 0.0944694 0.733343
0 0.164211 0.655637 0.0430043 0.0587591 0.568076
0 0.77941 0.721171 0.0657366 0.091203 0.183943
0 0.928994 0.671074 0.0505569 0.0538773 0.142636
0 0.889704 0.608672 0.0865944 0.100711 0.904603
0 0.563458 0.537239 0.0638853 0.0730188 0.883703
0 0.751615 0.663913 0.0877186 0.107525 0.850046
0 0.582938 0.72402 0.0731061 0.0936771 0.827608
0 0.164712 0.65617 0.0472102 0.0580981 0.745051
0 0.77576 0.724256 0.0746035 0.0863087 0.252801
0 0.927286 0.673031 0.0588108 0.0563453 0.133717
0 0.523582 0.654968 0.0334434 0.0453336 0.101206
0 0.585014 0.720898 0.0741993 0.0943232 0.913796
0 0.887478 0.607266 0.0942123 0.107276 0.895759
0 0.562592 0.537463 0.0646342 0.0753337 0.871024
0 0.754979 0.661472 0.0943318 0.116712 0.849685
0 0.164467 0.654408 0.0473702 0.0607533 0.818303
0 0.11807 0.783304 0.178502 0.178824 0.356988
0 0.770116 0.695214 0.0935184 0.150151 0.321174
0 0.52014 0.721868 0.0392483 0.0676251 0.202377
0 0.516304 0.73875 0.0248222 0.0313551 0.172971
0 0.564048 0.721154 0.141403 0.100228 0.167516
0 0.549654 0.530835 0.119639 0.0780257 0.119065
0 0.585221 0.720973 0.074409 0.0960764 0.826387
0 0.564317 0.536513 0.0615301 0.0745375 0.759879
0 0.164557 0.655327 0.045874 0.0620179 0.714374
0 0.888326 0.60768 0.0938583 0.106975 0.644973
0 0.753375 0.664146 0.092873 0.112799 0.486194
0 0.777567 0.711305 0.0713323 0.109257 0.262932
0 0.51616 0.738834 0.0223967 0.0309916 0.108514
0 0.58358 0.721973 0.0714768 0.0908615 0.95608
0 0.752079 0.662327 0.0864739 0.102404 0.917599
0 0.563286 0.537658 0.0632084 0.071991 0.909299
0 0.888637 0.607779 0.0854275 0.0986516 0.905146
0 0.164472 0.65501 0.0460788 0.0603582 0.851935
0 0.781846 0.735022 0.0588098 0.0590905 0.31848
0 0.309962 0.577375 0.0674293 0.0973366 0.267438
0 0.518407 0.715396 0.0423333 0.0798637 0.212717
0 0.927618 0.672959 0.0527163 0.0580518 0.204638
0 0.51645 0.733018 0.0284377 0.0420909 0.141983
0 0.0993522 0.768469 0.0909692 0.107268 0.134937
0 0.778402 0.705875 0.0700366 0.122389 0.125941
0 0.583673 0.722435 0.0724168 0.0892891 0.823548
0 0.887739 0.608879 0.0885685 0.101148 0.787808
0 0.752647 0.663244 0.0886699 0.104396 0.775919
0 0.563077 0.537468 0.0634942 0.0713363 0.718596
0 0.164419 0.654643 0.0478602 0.0598509 0.620413
0 0.777636 0.732035 0.0674591 0.0670676 0.181406
0 0.752354 0.663419 0.0883707 0.105141 0.862338
0 0.888361 0.608574 0.0868258 0.104438 0.85195
0 0.564289 0.538509 0.0594917 0.0695447 0.828286
0 0.583361 0.722215 0.0709829 0.0917713 0.827286
0 0.165039 0.655319 0.045294 0.0597252 0.804832
0 0.564147 0.538812 0.0600499 0.0709143 0.839007
0 0.750444 0.662639 0.0853655 0.102277 0.838588
0 0.582571 0.722193 0.0720188 0.090877 0.836106
0 0.888031 0.609759 0.0874291 0.102072 0.831784
0 0.164532 0.656107 0.0463209 0.0616318 0.786144
0 0.750532 0.662427 0.0852583 0.106789 0.86077
0 0.888785 0.608175 0.0837612 0.102607 0.859756
0 0.565127 0.536269 0.0600784 0.0735494 0.853948
0 0.16507 0.65543 0.0477938 0.0629189 0.768351
0 0.582924 0.724501 0.0687973 0.0958886 0.738274
0 0.751088 0.663696 0.0860814 0.108285 0.813127
0 0.889211 0.61009 0.0851652 0.106005 0.806046
0 0.564942 0.536344 0.0612923 0.0714386 0.800719
0 0.583458 0.725197 0.0686307 0.0943868 0.765281
0 0.164964 0.657424 0.0474175 0.062535 0.626206
0 0.751278 0.66238 0.0881295 0.106816 0.937292
0 0.888389 0.608632 0.0863873 0.105495 0.937195
0 0.583129 0.721057 0.0713007 0.0901875 0.913032
0 0.56497 0.537094 0.057956 0.0676198 0.904638
0 0.163778 0.655481 0.0448045 0.0589932 0.430309
0 0.565569 0.537928 0.0583613 0.0690134 0.879125
0 0.584079 0.721467 0.0728489 0.0907227 0.85102
0 0.889247 0.608968 0.0876215 0.106194 0.811843
0 0.750825 0.665737 0.08895 0.108725 0.803761
0 0.164141 0.657575 0.0439042 0.0605754 0.67054
0 0.565163 0.53744 0.0591244 0.0684555 0.86691
0 0.888741 0.608494 0.084745 0.104387 0.855295
0 0.583276 0.722826 0.072864 0.0910223 0.848832
0 0.751416 0.662766 0.0860779 0.102962 0.82151
0 0.165075 0.656216 0.0440537 0.0580488 0.783788
0 0.888256 0.608863 0.08531 0.104004 0.895284
0 0.564356 0.538312 0.0611349 0.0707535 0.887798
0 0.751146 0.663222 0.0865555 0.107188 0.842532
0 0.58261 0.723093 0.07486 0.0923126 0.819473
0 0.164789 0.656435 0.0472323 0.0606023 0.744045
0 0.583162 0.723345 0.0717543 0.0912273 0.829176
0 0.565127 0.537093 0.0587011 0.0717553 0.82098
0 0.888733 0.60636 0.0816555 0.097319 0.786515
0 0.751764 0.660327 0.0843756 0.0967355 0.771676
0 0.165082 0.656804 0.0445983 0.0605153 0.741535
0 0.121434 0.775784 0.137827 0.141953 0.178643
0 0.584103 0.723567 0.0718776 0.0926435 0.919519
0 0.565153 0.537284 0.0586847 0.0712716 0.898239
0 0.887441 0.60821 0.0856947 0.103941 0.887555
0 0.750917 0.664495 0.0877065 0.106109 0.869049
0 0.163529 0.656823 0.0463799 0.0597355 0.827192
0 0.103929 0.775766 0.106814 0.125964 0.204105
0 0.308734 0.57711 0.0689255 0.0965975 0.202892
0 0.778071 0.718172 0.0684789 0.0936401 0.182479
0 0.928594 0.663983 0.0542171 0.0792006 0.11358
0 0.888902 0.60631 0.0846672 0.103018 0.928743
0 0.75262 0.662461 0.0859869 0.103895 0.906619
0 0.58392 0.723145 0.0730305 0.0912323 0.895263
0 0.565397 0.537561 0.0573868 0.0683693 0.863746
0 0.164132 0.655763 0.0436849 0.0593586 0.772123
0 0.309138 0.5771 0.0720828 0.0971573 0.127619
0 0.56465 0.538815 0.058833 0.0688361 0.907225
0 0.888849 0.606582 0.0850938 0.104349 0.895813
0 0.752252 0.662307 0.0864517 0.10511 0.875615
0 0.583062 0.723517 0.0752298 0.0918227 0.871409
0 0.164357 0.656728 0.045213 0.0625076 0.844612
0 0.309963 0.577914 0.0744725 0.0973711 0.370831
0 0.217682 0.524445 0.0586129 0.0847636 0.144111
0 0.564296 0.537895 0.0581514 0.0667114 0.90538
0 0.582663 0.7234 0.0729319 0.0883029 0.856203
0 0.164218 0.656409 0.0451269 0.0598597 0.853124
0 0.888487 0.606372 0.0838928 0.100714 0.84512
0 0.75136 0.662503 0.08482 0.102133 0.843386
0 0.310033 0.577 0.0697164 0.0924984 0.781526
0 0.217132 0.523865 0.061092 0.0843145 0.526277
0 0.778969 0.735319 0.0643818 0.0559034 0.177617
0 0.929091 0.668355 0.0515206 0.067187 0.17343
0 0.778571 0.709149 0.0680199 0.115325 0.162799
0 0.583247 0.723128 0.0724083 0.0886209 0.856518
0 0.751204 0.662886 0.0859034 0.103243 0.831362
0 0.56517 0.537742 0.0584309 0.0681302 0.829946
0 0.888182 0.607044 0.0851427 0.101798 0.822762
0 0.165176 0.65673 0.0444506 0.0615234 0.753693
0 0.311232 0.575924 0.0680614 0.0910141 0.477151
0 0.21873 0.523406 0.0612715 0.0841185 0.133835
0 0.751254 0.660642 0.084069 0.100342 0.916325
0 0.887727 0.605911 0.0834423 0.0993952 0.900725
0 0.584116 0.723075 0.0714632 0.0887456 0.875733
0 0.565149 0.536038 0.0583939 0.0673136 0.804906
0 0.164414 0.656141 0.0437328 0.0616181 0.792931
0 0.308471 0.574486 0.0631971 0.088032 0.16156
0 0.307908 0.560083 0.0460908 0.0579864 0.124608
0 0.752117 0.661544 0.0878809 0.104502 0.904931
0 0.584053 0.724793 0.0744427 0.091629 0.901358
0 0.888076 0.606449 0.0852842 0.103441 0.891427
0 0.565033 0.5377 0.0599257 0.0697426 0.859662
0 0.164866 0.656858 0.0458387 0.06289 0.780577
0 0.310055 0.576108 0.0684025 0.0914294 0.456943
0 0.786336 0.737999 0.0486186 0.050931 0.145649
0 0.220354 0.522546 0.056774 0.0817496 0.131517
0 0.563677 0.537721 0.059436 0.0720155 0.895047
0 0.582822 0.723286 0.0722819 0.0908399 0.891679
0 0.751622 0.660537 0.0855856 0.102078 0.890366
0 0.887918 0.606728 0.0837788 0.101234 0.879064
0 0.164561 0.656157 0.0468275 0.0647437 0.875592
0 0.30818 0.57577 0.0709556 0.0938301 0.824126
0 0.779695 0.709673 0.0660084 0.113591 0.14959
0 0.582978 0.722818 0.0731084 0.0914889 0.871991
0 0.164484 0.655516 0.0488773 0.0638821 0.843144
0 0.563725 0.537544 0.0597563 0.0698115 0.820164
0 0.75212 0.660678 0.0856973 0.103097 0.81731
0 0.888507 0.605792 0.0838791 0.0994844 0.81048
0 0.306745 0.575859 0.0711195 0.0938512 0.649896
0 0.098391 0.768395 0.0887325 0.115392 0.307114
0 0.583797 0.722903 0.0745087 0.0910566 0.891417
0 0.165223 0.65545 0.0480235 0.0607047 0.875074
0 0.751805 0.660784 0.0857477 0.103352 0.871378
0 0.5647 0.537686 0.0593992 0.0675532 0.853995
0 0.88832 0.607489 0.0834237 0.0998708 0.83225
0 0.30904 0.575051 0.0653918 0.0927125 0.160542
0 0.0989292 0.769373 0.0868661 0.114648 0.104705
0 0.750938 0.660868 0.084791 0.104811 0.867849
0 0.58354 0.722633 0.0738648 0.0905325 0.858754
0 0.887078 0.607108 0.0817971 0.100051 0.829638
0 0.564817 0.537508 0.0593831 0.0679659 0.815678
0 0.164019 0.656456 0.0465111 0.0602028 0.789883
0 0.5846 0.722676 0.0753651 0.0895857 0.875416
0 0.75228 0.661207 0.0843596 0.104126 0.875333
0 0.889102 0.607453 0.0826813 0.10452 0.867872
0 0.164496 0.656852 0.0465196 0.0560379 0.849482
0 0.565859 0.537778 0.0612101 0.0694714 0.813986
0 0.0980951 0.769704 0.083356 0.11709 0.110957
0 0.583639 0.723105 0.0743067 0.0876714 0.857579
0 0.164219 0.657087 0.0454167 0.0560292 0.848765
0 0.565184 0.537772 0.0606946 0.0697151 0.846
0 0.750948 0.662519 0.0852791 0.102517 0.832598
0 0.887996 0.607463 0.0836998 0.104355 0.827548
0 0.095849 0.771985 0.0860205 0.118979 0.192471
0 0.164567 0.655448 0.0464327 0.0613658 0.90044
0 0.564302 0.53697 0.0601005 0.0690577 0.858591
0 0.583065 0.723875 0.0733996 0.0873569 0.853866
0 0.751491 0.660543 0.0838077 0.100671 0.816399
0 0.888094 0.606722 0.0819021 0.0997098 0.772385
0 0.780919 0.73331 0.060626 0.0591517 0.155675
0 0.0931694 0.768174 0.0780331 0.105883 0.126351
0 0.583385 0.723927 0.0750058 0.0892861 0.866721
0 0.751046 0.660923 0.0850093 0.103354 0.866122
0 0.565562 0.536928 0.0621561 0.0703765 0.827812
0 0.889279 0.607176 0.0844383 0.105721 0.806556
0 0.164182 0.655029 0.047222 0.0619194 0.591561
0 0.564468 0.537227 0.0600283 0.0704508 0.899282
0 0.583446 0.722856 0.0730177 0.0890546 0.883743
0 0.75117 0.662769 0.0851763 0.108397 0.874799
0 0.163605 0.654218 0.0460324 0.0588852 0.859104
0 0.888987 0.607133 0.0841778 0.104997 0.853417
0 0.564508 0.537866 0.0608349 0.0708448 0.854893
0 0.582921 0.723129 0.0740377 0.0895275 0.845321
0 0.750494 0.663758 0.0867695 0.115083 0.80476
0 0.163916 0.655001 0.0458391 0.0609496 0.797227
0 0.887469 0.607581 0.0868308 0.106689 0.741569
0 0.584255 0.72223 0.0730242 0.087896 0.928541
0 0.163559 0.655374 0.0479517 0.0622926 0.872624
0 0.751271 0.660516 0.0864601 0.101784 0.870591
0 0.565105 0.536919 0.0615964 0.0685205 0.851452
0 0.887136 0.604449 0.0857653 0.0995158 0.837355
0 0.583851 0.722359 0.0744481 0.0897784 0.889991
0 0.564561 0.53793 0.0617245 0.0693268 0.832787
0 0.163023 0.655546 0.0481084 0.0615407 0.812044
0 0.750729 0.661886 0.0877127 0.109067 0.797617
0 0.88767 0.606178 0.0865797 0.102004 0.777495
0 0.582941 0.722749 0.0750774 0.0912331 0.91455
0 0.564498 0.536828 0.0610498 0.0697641 0.900298
0 0.750717 0.66288 0.0896337 0.114155 0.895246
0 0.886675 0.606108 0.088477 0.105014 0.879898
0 0.164415 0.655542 0.0487485 0.0599507 0.856115
0 0.563798 0.537941 0.0608872 0.0695129 0.903749
0 0.582823 0.723376 0.0745706 0.0896548 0.900859
0 0.750722 0.663912 0.088078 0.10985 0.88846
0 0.164427 0.656851 0.0466787 0.0581873 0.871584
0 0.887089 0.607544 0.0871338 0.102882 0.868394
0 0.563821 0.537741 0.0627861 0.0721301 0.880003
0 0.751411 0.661931 0.0877633 0.10802 0.859177
0 0.582767 0.72256 0.0749534 0.0917095 0.858009
0 0.164249 0.655764 0.047025 0.0607112 0.845562
0 0.886629 0.606243 0.0855804 0.103054 0.839157
0 0.58409 0.722458 0.0721008 0.0875317 0.893043
0 0.564988 0.538057 0.0604258 0.0695905 0.889844
0 0.164362 0.656064 0.0454744 0.0575531 0.878177
0 0.751966 0.66111 0.086125 0.102685 0.854813
0 0.887206 0.606506 0.0819882 0.0992626 0.838253
0 0.56418 0.538128 0.0626999 0.0702718 0.900173
0 0.583677 0.722418 0.0744276 0.0892218 0.887671
0 0.163667 0.656065 0.0446291 0.058358 0.852149
0 0.751876 0.660292 0.0873347 0.10181 0.829482
0 0.887465 0.607011 0.0833893 0.100962 0.822924
0 0.310706 0.574144 0.0608305 0.088762 0.113499
0 0.563785 0.537853 0.0615223 0.0686638 0.884669
0 0.583743 0.722578 0.0735882 0.0881861 0.87181
0 0.751749 0.663204 0.0873893 0.107952 0.83504
0 0.888386 0.60903 0.0849689 0.103267 0.824192
0 0.163156 0.655837 0.0421294 0.0565117 0.798584
0 0.310223 0.574076 0.0578752 0.0857046 0.626707
0 0.927534 0.673943 0.0537764 0.0573619 0.230387
0 0.7823 0.739748 0.0509995 0.0452012 0.150677
0 0.775274 0.710064 0.070153 0.113575 0.121054
0 0.0874463 0.772 0.0703123 0.100479 0.110167
0 0.582952 0.722373 0.0758131 0.0890652 0.867025
0 0.563668 0.53678 0.063381 0.0693951 0.861871
0 0.75115 0.662651 0.087244 0.107947 0.858347
0 0.888139 0.608049 0.0866003 0.105212 0.848159
0 0.164136 0.655659 0.0449828 0.0590452 0.819523
0 0.582894 0.723488 0.0745963 0.0887065 0.867024
0 0.56304 0.538412 0.0640848 0.0698822 0.85048
0 0.751031 0.663839 0.0873016 0.107253 0.836185
0 0.887898 0.608608 0.0856907 0.105084 0.829486
0 0.163392 0.655237 0.0455197 0.0594703 0.800129
0 0.16445 0.654749 0.0451629 0.0600492 0.867412
0 0.584085 0.723997 0.0751877 0.0881158 0.864623
0 0.564517 0.538499 0.0651345 0.0701586 0.846501
0 0.752026 0.663157 0.0867018 0.104173 0.824334
0 0.887829 0.605999 0.0826046 0.101205 0.82298
0 0.312941 0.572033 0.0583498 0.0837355 0.224991
0 0.58387 0.723645 0.0766378 0.0888695 0.84904
0 0.564458 0.537344 0.0660743 0.0698105 0.832276
0 0.886214 0.606751 0.0851866 0.10428 0.814715
0 0.750741 0.663703 0.0899067 0.108677 0.795756
0 0.164056 0.654404 0.0457297 0.0613649 0.795412
0 0.565752 0.536242 0.0614141 0.068781 0.907244
0 0.584408 0.723267 0.0753101 0.089056 0.907099
0 0.887377 0.606209 0.0833191 0.101892 0.876542
0 0.750738 0.662779 0.0894809 0.109926 0.874556
0 0.164362 0.656108 0.0454524 0.0575276 0.244547
0 0.565216 0.537424 0.0629099 0.0703547 0.872425
0 0.583924 0.72385 0.0771382 0.0907307 0.867941
0 0.887754 0.606435 0.0845776 0.103017 0.836178
0 0.750919 0.663935 0.0902524 0.111822 0.825958
0 0.164659 0.65682 0.0464937 0.0596634 0.468802
0 0.565112 0.537712 0.0619447 0.0685173 0.910525
0 0.751295 0.663514 0.0854525 0.105678 0.896787
0 0.888664 0.607631 0.0840382 0.10276 0.887208
0 0.583547 0.724211 0.0754431 0.0894401 0.882691
0 0.163695 0.65649 0.045092 0.0582069 0.830972
0 0.308288 0.573936 0.0644601 0.0883191 0.145965
0 0.565437 0.537736 0.062381 0.0681892 0.874328
0 0.889077 0.607231 0.0843494 0.10237 0.836139
0 0.752364 0.662106 0.0847745 0.104271 0.835448
0 0.583671 0.723655 0.0749822 0.0897362 0.832625
0 0.163931 0.657161 0.0443642 0.0579175 0.81152
0 0.319074 0.416863 0.0831688 0.0897536 0.118244
0 0.564387 0.537126 0.0644684 0.0701858 0.911707
0 0.752552 0.660761 0.0861526 0.106629 0.901866
0 0.888445 0.605682 0.0845379 0.100245 0.878864
0 0.582456 0.724737 0.077142 0.0928637 0.871211
0 0.163528 0.656838 0.0449531 0.058016 0.834305
0 0.564849 0.537372 0.0630746 0.069702 0.892703
0 0.752587 0.660703 0.0852565 0.10552 0.878697
0 0.888627 0.606078 0.0840698 0.100448 0.853904
0 0.582838 0.724627 0.0761869 0.0909966 0.851202
0 0.163919 0.656159 0.045224 0.0553093 0.803473
0 0.564423 0.538854 0.0641195 0.0714114 0.917344
0 0.889015 0.607447 0.083971 0.10406 0.867217
0 0.752368 0.662102 0.0844957 0.106509 0.86682
0 0.582758 0.724969 0.0765035 0.0917379 0.859034
0 0.164577 0.655644 0.0462119 0.0592659 0.840368
0 0.310036 0.577116 0.0633335 0.0944913 0.458443
0 0.293942 0.407856 0.0581125 0.0712051 0.133938
0 0.56542 0.537536 0.0628022 0.0686634 0.903662
0 0.583466 0.722607 0.0759605 0.0887184 0.875778
0 0.889234 0.606451 0.0840615 0.104005 0.855746
0 0.752489 0.660586 0.0857079 0.106651 0.85377
0 0.164566 0.655278 0.0445705 0.058255 0.835135
0 0.564325 0.537779 0.0653502 0.0712876 0.898095
0 0.582915 0.72335 0.0765508 0.0908796 0.876017
0 0.164387 0.656605 0.0450516 0.0577163 0.872168
0 0.751492 0.662978 0.0889705 0.110566 0.857466
0 0.888454 0.608663 0.0863878 0.10646 0.843705
0 0.310544 0.577224 0.0698357 0.0955623 0.162268
0 0.583352 0.723762 0.0727371 0.0908981 0.86716
0 0.564449 0.537559 0.0628052 0.0714622 0.864433
0 0.16476 0.656681 0.0455444 0.0579805 0.844575
0 0.750697 0.661917 0.0858836 0.104537 0.839747
0 0.887964 0.608347 0.0838112 0.10269 0.823798
0 0.583378 0.724035 0.0741415 0.0908232 0.937461
0 0.750054 0.661522 0.0867433 0.104258 0.917942
0 0.564573 0.538197 0.0631487 0.0712793 0.91181
0 0.887455 0.607727 0.0833969 0.102654 0.90399
0 0.16437 0.657115 0.045826 0.0569552 0.852229
0 0.583686 0.724614 0.0745012 0.0893739 0.918281
0 0.750335 0.662162 0.0865218 0.103771 0.890311
0 0.564606 0.538928 0.0631161 0.0712212 0.889627
0 0.88753 0.607467 0.0834305 0.104288 0.887088
0 0.164416 0.657854 0.0455394 0.0565204 0.840468
0 0.583445 0.723971 0.0731226 0.0889186 0.931357
0 0.887595 0.607562 0.0852349 0.106822 0.915393
0 0.564112 0.538186 0.0626014 0.0719752 0.906694
0 0.750811 0.66215 0.0859597 0.102697 0.895975
0 0.163825 0.655816 0.0455969 0.059621 0.858323
0 0.564287 0.537797 0.0626996 0.0696636 0.902031
0 0.583411 0.723553 0.0718658 0.0871748 0.899552
0 0.888162 0.608318 0.0841652 0.104636 0.88219
0 0.751704 0.662463 0.084218 0.101116 0.877248
0 0.163762 0.657934 0.0442027 0.0564652 0.867287
0 0.0955748 0.772472 0.0838601 0.114218 0.154463
0 0.3091 0.573808 0.0608995 0.0862853 0.118736
0 0.563478 0.536988 0.0664812 0.0706186 0.910273
0 0.164056 0.657057 0.0456469 0.0593093 0.893387
0 0.583452 0.722061 0.0733887 0.0902761 0.889877
0 0.88768 0.606013 0.085198 0.102448 0.876396
0 0.751533 0.66288 0.0883761 0.109567 0.84896
0 0.0953922 0.771691 0.0833523 0.114698 0.129608
0 0.5647 0.537427 0.0648493 0.0708276 0.886465
0 0.887621 0.606636 0.0848503 0.102776 0.881581
0 0.583567 0.723237 0.0730036 0.0909119 0.866067
0 0.164563 0.657481 0.0438759 0.0582573 0.863859
0 0.751568 0.664505 0.0879724 0.111824 0.856114
0 0.887014 0.606046 0.0852114 0.101017 0.910657
0 0.5829 0.722811 0.0730234 0.0881189 0.899961
0 0.750967 0.662344 0.086611 0.105613 0.89873
0 0.562908 0.537572 0.0685656 0.0692406 0.872658
0 0.164259 0.656768 0.0465259 0.0603726 0.845868
0 0.888014 0.605271 0.0829594 0.098234 0.919833
0 0.583644 0.723716 0.0713177 0.0878288 0.913888
0 0.751893 0.660997 0.0845878 0.100936 0.909143
0 0.564918 0.538124 0.0633017 0.0710291 0.885347
0 0.164803 0.656608 0.0454674 0.061229 0.832549
0 0.582883 0.724144 0.0752538 0.0892999 0.85392
0 0.888102 0.60637 0.0828781 0.100506 0.834873
0 0.564232 0.538156 0.0666019 0.0706809 0.825377
0 0.751506 0.661106 0.0871352 0.102225 0.822537
0 0.164193 0.655248 0.0447162 0.0604291 0.763947
0 0.582913 0.72382 0.0748779 0.0878245 0.913304
0 0.888108 0.606405 0.0823085 0.0999687 0.903782
0 0.751671 0.660992 0.0868858 0.101486 0.892225
0 0.564874 0.537666 0.0649357 0.0689247 0.882086
0 0.164552 0.655713 0.0446078 0.0584652 0.841085
0 0.583323 0.723237 0.0722852 0.0894719 0.901545
0 0.887776 0.606407 0.0816913 0.100364 0.887788
0 0.752051 0.659946 0.0847648 0.101382 0.882575
0 0.164372 0.654826 0.0461671 0.0611361 0.864494
0 0.564907 0.537054 0.0628138 0.068855 0.86225
0 0.583428 0.723954 0.0721088 0.0882553 0.894235
0 0.752286 0.659806 0.0848545 0.099179 0.892075
0 0.887718 0.606478 0.0813472 0.0989667 0.891326
0 0.163834 0.654873 0.0486174 0.0634158 0.867517
0 0.56518 0.537383 0.061599 0.0671381 0.866
0 0.75197 0.660008 0.0823112 0.0973521 0.87813
0 0.583413 0.723468 0.0707386 0.0874649 0.872969
0 0.887509 0.606797 0.0799446 0.0973984 0.866398
0 0.565774 0.537721 0.0602274 0.0675588 0.84645
0 0.163265 0.655525 0.0474486 0.0616412 0.84395
0 0.583362 0.723593 0.0725903 0.0908073 0.908578
0 0.751977 0.66182 0.0846388 0.104509 0.897639
0 0.887097 0.607644 0.082085 0.10044 0.892882
0 0.164254 0.654753 0.046212 0.0606639 0.868468
0 0.564906 0.538406 0.0627648 0.0719286 0.860184
0 0.58347 0.724059 0.0715754 0.0884211 0.889653
0 0.888519 0.608207 0.0817833 0.10047 0.871511
0 0.752457 0.66243 0.0843398 0.102659 0.866485
0 0.164686 0.656887 0.0441471 0.0559583 0.851135
0 0.565101 0.53848 0.0623008 0.0715756 0.850177
0 0.583541 0.723163 0.0712857 0.0896725 0.916523
0 0.888509 0.607942 0.0837623 0.104206 0.89268
0 0.752248 0.66285 0.0860989 0.105999 0.888123
0 0.564624 0.538245 0.0624221 0.0731548 0.875496
0 0.164269 0.655337 0.046082 0.0599576 0.862403
0 0.584059 0.723944 0.071941 0.0875852 0.905301
0 0.888802 0.606234 0.0847363 0.105495 0.867379
0 0.751925 0.661829 0.0869423 0.104394 0.861957
0 0.565726 0.538969 0.0603414 0.0696739 0.861277
0 0.163479 0.65512 0.0469073 0.0623426 0.773913
0 0.583833 0.725206 0.0727576 0.0868563 0.926778
0 0.565357 0.539401 0.061497 0.0702057 0.893272
0 0.752038 0.661682 0.0866688 0.103688 0.891101
0 0.889125 0.608363 0.0859508 0.105782 0.890244
0 0.16359 0.655591 0.0471845 0.0624517 0.812967
0 0.58361 0.724766 0.0745768 0.0905571 0.906696
0 0.56553 0.539348 0.0649173 0.0733392 0.881595
0 0.751908 0.66149 0.0873989 0.109207 0.872017
0 0.888782 0.6083 0.0862026 0.104596 0.851457
0 0.164013 0.656255 0.0460504 0.0613012 0.833492
0 0.583428 0.724815 0.0714131 0.0896698 0.916698
0 0.564975 0.539295 0.0636163 0.0728246 0.891909
0 0.752469 0.66085 0.0853966 0.104075 0.887752
0 0.889082 0.608814 0.0834934 0.10301 0.866476
0 0.164286 0.655832 0.0435755 0.0591599 0.844967
0 0.583116 0.724726 0.0727658 0.0901278 0.893707
0 0.564236 0.53885 0.0657745 0.0736267 0.888401
0 0.751823 0.66061 0.0858068 0.103356 0.863788
0 0.888565 0.608262 0.0838955 0.100666 0.846698
0 0.163876 0.655781 0.0451785 0.058373 0.840411
0 0.58313 0.724498 0.072464 0.0885358 0.905387
0 0.564698 0.538279 0.0646473 0.0711621 0.896316
0 0.751794 0.660751 0.0855596 0.102497 0.879103
0 0.888758 0.607738 0.0834942 0.0988637 0.863156
0 0.163883 0.655876 0.0440871 0.0561086 0.850585
0 0.582977 0.723948 0.0730142 0.0885792 0.898066
0 0.565486 0.538417 0.0663436 0.0711744 0.889419
0 0.751023 0.662363 0.0876234 0.10669 0.872404
0 0.163435 0.655609 0.0452482 0.0594318 0.869581
0 0.888404 0.608401 0.0857357 0.103163 0.867508
0 0.582189 0.723941 0.0742089 0.0880938 0.866984
0 0.563807 0.539309 0.0645508 0.0690952 0.865435
0 0.162527 0.65567 0.0462673 0.0588409 0.853037
0 0.751118 0.662169 0.0871784 0.106782 0.848026
0 0.888458 0.608262 0.085471 0.103623 0.846042
0 0.583121 0.723729 0.0707015 0.0884845 0.915227
0 0.564884 0.539821 0.0630409 0.070039 0.908309
0 0.752293 0.662038 0.0833969 0.10553 0.902666
0 0.889619 0.608533 0.0822598 0.103822 0.902029
0 0.163356 0.656466 0.0453066 0.0593239 0.895668
0 0.581998 0.723788 0.0757341 0.0930353 0.879379
0 0.563995 0.539419 0.0692871 0.0734963 0.87496
0 0.163188 0.656262 0.0459756 0.0599451 0.858807
0 0.751416 0.662066 0.0867874 0.107986 0.855355
0 0.888153 0.607977 0.085683 0.104433 0.853065
0 0.582272 0.723872 0.0767046 0.0926976 0.90538
0 0.565406 0.539217 0.067554 0.0724101 0.882472
0 0.751644 0.661733 0.0873766 0.10577 0.878974
0 0.888305 0.608529 0.0859644 0.102809 0.867941
0 0.16389 0.65666 0.0425446 0.0545966 0.837516
0 0.582708 0.723795 0.0751631 0.0903 0.935712
0 0.751689 0.662047 0.0867634 0.106018 0.907661
0 0.56488 0.538873 0.0661247 0.0719711 0.902423
0 0.888227 0.608683 0.0849402 0.102672 0.897571
0 0.164007 0.656099 0.0441285 0.056201 0.875335
0 0.583222 0.723824 0.0731413 0.0866598 0.905267
0 0.752022 0.66067 0.0843347 0.101476 0.861583
0 0.565102 0.538928 0.0642836 0.0699893 0.854087
0 0.888182 0.607269 0.0833203 0.09927 0.847445
0 0.16448 0.655184 0.0483059 0.058445 0.832801
0 0.583504 0.724968 0.0731264 0.0887288 0.921369
0 0.752116 0.660896 0.0835681 0.100368 0.898617
0 0.888131 0.607725 0.0830239 0.0987643 0.888093
0 0.566098 0.539837 0.0640674 0.071191 0.878768
0 0.164623 0.655462 0.0479605 0.0595752 0.854604
0 0.582526 0.724359 0.0745559 0.09095 0.911393
0 0.750941 0.660848 0.0848389 0.101962 0.904475
0 0.887354 0.607784 0.0844155 0.0992867 0.890028
0 0.565105 0.539527 0.0644252 0.0719634 0.885579
0 0.164506 0.65491 0.0483273 0.060955 0.865118
0 0.583311 0.725348 0.0749774 0.0882697 0.908423
0 0.751767 0.662233 0.0863308 0.102072 0.902673
0 0.566592 0.538934 0.0634597 0.0707021 0.88364
0 0.887785 0.608657 0.0849376 0.0981275 0.881746
0 0.16476 0.656073 0.0469423 0.0586087 0.873096
0 0.583511 0.724077 0.0736589 0.0914182 0.909481
0 0.565557 0.538179 0.0647383 0.0728059 0.899362
0 0.751302 0.660743 0.08391 0.103267 0.888835
0 0.165073 0.655092 0.0469742 0.0592269 0.878959
0 0.888151 0.607435 0.0842362 0.100536 0.868898
0 0.52197 0.530017 0.0535485 0.0601074 0.14571
0 0.308745 0.576175 0.0666122 0.092483 0.102588
0 0.583008 0.724382 0.0744505 0.0911726 0.888867
0 0.751447 0.660692 0.0838641 0.102082 0.873199
0 0.564827 0.538847 0.0652889 0.0721293 0.864185
0 0.164943 0.655959 0.0471429 0.0585544 0.845445
0 0.887947 0.607197 0.0842014 0.0986389 0.831084
0 0.519069 0.530695 0.0483525 0.0587202 0.232447
0 0.309203 0.575168 0.0645379 0.0893151 0.134928
0 0.582732 0.724411 0.072731 0.0870653 0.92341
0 0.751997 0.660565 0.0824011 0.099978 0.914338
0 0.56588 0.538852 0.0620922 0.068545 0.901954
0 0.88866 0.607292 0.0819819 0.09604 0.893418
0 0.16523 0.655203 0.0460271 0.0563988 0.884401
0 0.514591 0.530839 0.0390549 0.0544352 0.160484
0 0.582288 0.72439 0.0726128 0.0903999 0.903975
0 0.751444 0.660919 0.082881 0.102834 0.894052
0 0.88786 0.607515 0.0822628 0.0996826 0.880598
0 0.56514 0.539123 0.0619654 0.0707667 0.880259
0 0.16463 0.65533 0.0468447 0.0591137 0.851058
0 0.582979 0.724289 0.0718615 0.0890297 0.881731
0 0.566265 0.538941 0.062186 0.0689148 0.870662
0 0.753009 0.660775 0.0832562 0.100758 0.869472
0 0.888728 0.607651 0.0820803 0.100389 0.854829
0 0.165187 0.655237 0.0462921 0.0602169 0.829544
0 0.583391 0.72412 0.0719497 0.0884632 0.912006
0 0.566284 0.538967 0.0640333 0.0692804 0.901281
0 0.753 0.661641 0.0850891 0.10505 0.899149
0 0.889105 0.607337 0.0839672 0.102601 0.875521
0 0.165015 0.655259 0.0481049 0.0596252 0.864611
0 0.582883 0.724016 0.0700692 0.0897419 0.891331
0 0.565874 0.538456 0.0650735 0.0706831 0.876469
0 0.75187 0.661928 0.0836968 0.106035 0.867694
0 0.888006 0.606981 0.0830481 0.102833 0.846107
0 0.164477 0.654912 0.0462827 0.0581771 0.829516
0 0.583559 0.723987 0.0731398 0.0923358 0.915859
0 0.56669 0.538871 0.0669533 0.0725639 0.895285
0 0.752229 0.661314 0.0858723 0.107707 0.890386
0 0.888482 0.607243 0.084774 0.104566 0.869673
0 0.164869 0.655178 0.0466476 0.0586772 0.864755
0 0.58191 0.723887 0.0724615 0.0891449 0.916563
0 0.751264 0.661742 0.0833021 0.103769 0.902057
0 0.564389 0.53838 0.0644724 0.0709737 0.892649
0 0.887628 0.607286 0.083881 0.100017 0.876102
0 0.16396 0.65597 0.0449158 0.0572978 0.869808
0 0.582515 0.723821 0.0715113 0.0904119 0.90191
0 0.751903 0.661487 0.0826838 0.103595 0.890741
0 0.565495 0.538816 0.0636878 0.0698291 0.889703
0 0.164495 0.655551 0.0459816 0.0580256 0.881851
0 0.888114 0.607104 0.083317 0.100419 0.866817
0 0.582844 0.7232 0.0695324 0.0875941 0.906311
0 0.565442 0.538651 0.0642524 0.0685997 0.89969
0 0.751805 0.662635 0.0851446 0.105754 0.889748
0 0.888267 0.607963 0.0842786 0.10257 0.884533
0 0.164548 0.655489 0.0459352 0.0573909 0.875442
0 0.582881 0.723559 0.0702485 0.0868443 0.908879
0 0.565489 0.5392 0.0651052 0.068219 0.898597
0 0.75194 0.662606 0.0863062 0.107102 0.897016
0 0.888333 0.60837 0.0845333 0.102791 0.893178
0 0.164854 0.655688 0.0453488 0.0584532 0.870218
