0 0.395235 0.680371 0.0660125 0.0904867 0.736267
0 0.102584 0.0411968 0.0525858 0.0727689 0.610039
0 0.601961 0.352174 0.0235554 0.0289484 0.254081
0 0.239026 0.685093 0.0869786 0.0954122 0.176687
0 0.395989 0.681583 0.0690444 0.096193 0.817025
0 0.230983 0.683909 0.10349 0.0964988 0.769096
0 0.77248 0.541124 0.0628055 0.0786603 0.723462
0 0.1027 0.0400532 0.0557946 0.0801065 0.641189
0 0.601226 0.353753 0.0244013 0.0339043 0.394582
0 0.41065 0.598086 0.0557311 0.0442391 0.272802
0 0.771388 0.557845 0.0566973 0.0434512 0.19847
0 0.722473 0.806002 0.0305126 0.0302274 0.123419
0 0.0896041 0.0554903 0.064878 0.0671324 0.113345
0 0.272772 0.610603 0.0605902 0.0518483 0.101938
0 0.23438 0.6862 0.105669 0.10795 0.914038
0 0.396928 0.682249 0.0687623 0.0996145 0.863139
0 0.772952 0.542753 0.0645349 0.0808136 0.655127
0 0.100438 0.0435804 0.0621332 0.0871608 0.346494
0 0.244614 0.68638 0.0772565 0.115271 0.873011
0 0.393358 0.678096 0.0693062 0.103015 0.679183
0 0.103116 0.0391568 0.0569243 0.077129 0.670136
0 0.771952 0.542535 0.062944 0.0744834 0.605556
0 0.676388 0.344077 0.0262529 0.0486714 0.477042
0 0.75859 0.681673 0.0330697 0.0492797 0.225242
0 0.600065 0.355204 0.0213888 0.0308977 0.1921
0 0.722472 0.807719 0.0265295 0.0291556 0.118335
0 0.801148 0.783635 0.0214852 0.0445011 0.109002
0 0.664037 0.348132 0.0523992 0.0583476 0.103095
0 0.104007 0.0404225 0.0595231 0.0808449 0.93267
0 0.772905 0.54288 0.0640794 0.075611 0.917423
0 0.396071 0.680071 0.0724821 0.0962006 0.870145
0 0.659735 0.346319 0.0648595 0.0625602 0.787098
0 0.245613 0.689042 0.0795693 0.104619 0.751384
0 0.756625 0.687756 0.0543381 0.0643125 0.336418
0 0.28241 0.613623 0.0401785 0.05246 0.279151
0 0.600442 0.355455 0.0272148 0.0415399 0.278437
0 0.788679 0.798974 0.0783271 0.0766135 0.197316
0 0.689029 0.456125 0.0492892 0.0722263 0.193252
0 0.847523 0.905641 0.0426028 0.0559471 0.113546
0 0.805532 0.787323 0.0412584 0.0527289 0.104451
0 0.933038 0.868125 0.0484497 0.0459048 0.10387
0 0.722097 0.807536 0.028171 0.030113 0.103086
0 0.10397 0.0412842 0.0574291 0.0825684 0.920212
0 0.397515 0.681727 0.0762746 0.0997172 0.889431
0 0.247136 0.6896 0.0841922 0.117348 0.850935
0 0.77411 0.542803 0.0647448 0.0770607 0.748612
0 0.659868 0.34743 0.0645619 0.0631529 0.527923
0 0.602371 0.355844 0.027506 0.0375252 0.213619
0 0.282765 0.617958 0.0379811 0.0415737 0.186009
0 0.804765 0.788392 0.0442119 0.0482717 0.142181
0 0.790856 0.799515 0.0802782 0.0769843 0.135701
0 0.756145 0.688636 0.0540925 0.0616746 0.117697
0 0.723043 0.807286 0.0278446 0.0286613 0.104791
0 0.395432 0.677709 0.0741612 0.102214 0.760876
0 0.102224 0.0414744 0.0628486 0.0829487 0.754317
0 0.242953 0.685977 0.0855499 0.109585 0.70909
0 0.772973 0.541878 0.0655836 0.0789645 0.696352
0 0.660941 0.346826 0.0662894 0.0650316 0.363273
0 0.273281 0.610606 0.0584787 0.0562902 0.127542
0 0.395751 0.680363 0.0759179 0.0995796 0.985623
0 0.103825 0.0415892 0.0621078 0.0831785 0.984203
0 0.772644 0.541612 0.0672595 0.0795906 0.970282
0 0.24428 0.687724 0.0854627 0.107346 0.970074
0 0.66069 0.347944 0.067338 0.0649826 0.717629
0 0.28071 0.615235 0.0417718 0.0439696 0.392801
0 0.724597 0.807844 0.0292892 0.0329736 0.323919
0 0.763882 0.688352 0.078765 0.072505 0.304452
0 0.84726 0.904143 0.0421292 0.0585523 0.252156
0 0.792605 0.794746 0.0834338 0.0818845 0.230499
0 0.800269 0.786909 0.0566503 0.0581753 0.174552
0 0.916386 0.814992 0.0314675 0.0468176 0.158391
0 0.603132 0.357183 0.0316471 0.0399958 0.104598
0 0.238413 0.688653 0.0926211 0.109252 0.91981
0 0.395416 0.675445 0.0777645 0.109629 0.897807
0 0.104524 0.0408247 0.0606902 0.0816494 0.896409
0 0.772162 0.542025 0.066305 0.0803081 0.860871
0 0.660681 0.346727 0.0649841 0.0646829 0.392217
0 0.847373 0.903397 0.0399771 0.0562584 0.266464
0 0.281931 0.615257 0.0360942 0.0407739 0.215272
0 0.724578 0.80691 0.0276442 0.0301078 0.158337
0 0.273144 0.611181 0.0559663 0.0545806 0.106099
0 0.773007 0.540056 0.0626135 0.0785294 0.626462
0 0.103687 0.0398942 0.0579615 0.0797883 0.603261
0 0.244091 0.688967 0.0753282 0.10753 0.593823
0 0.395122 0.678409 0.0695736 0.0993949 0.556169
0 0.283063 0.61823 0.0286337 0.0316854 0.389458
0 0.846996 0.904911 0.0336682 0.0524197 0.331878
0 0.724097 0.806634 0.026385 0.0289668 0.317913
0 0.667036 0.347324 0.0483265 0.0582869 0.304921
0 0.221993 0.579082 0.0187475 0.031955 0.216566
0 0.807864 0.784208 0.0327705 0.0457131 0.200691
0 0.756471 0.622891 0.021649 0.0253042 0.149618
0 0.931541 0.865893 0.0383442 0.0475268 0.127835
0 0.274564 0.613134 0.0511382 0.0480323 0.122005
0 0.915722 0.817281 0.0228875 0.0303694 0.117253
0 0.394152 0.675402 0.0774089 0.105069 0.943848
0 0.245607 0.686827 0.0851342 0.111261 0.933077
0 0.772892 0.539285 0.0633041 0.0821111 0.847548
0 0.103389 0.0395805 0.0600766 0.079161 0.526
0 0.722694 0.807866 0.0262615 0.029231 0.100133
0 0.396073 0.67899 0.0720287 0.0973923 0.845938
0 0.245744 0.685873 0.0812172 0.108332 0.791687
0 0.77302 0.539745 0.0607403 0.0759824 0.585943
0 0.104976 0.0379635 0.055052 0.0759269 0.350491
0 0.393791 0.677763 0.076289 0.107272 0.764653
0 0.232821 0.688707 0.104202 0.113185 0.687982
0 0.772358 0.54213 0.0649483 0.0821798 0.655111
0 0.103861 0.0409385 0.0580421 0.081877 0.62787
0 0.658821 0.348134 0.065532 0.0646583 0.494849
0 0.72342 0.808302 0.0260832 0.0298733 0.465055
0 0.847266 0.903911 0.0384816 0.0565279 0.423987
0 0.933248 0.870955 0.0473978 0.0568049 0.37437
0 0.602918 0.356893 0.0303055 0.0411881 0.232589
0 0.395738 0.680018 0.0701748 0.0991406 0.925744
0 0.772211 0.542455 0.0642172 0.0824308 0.894012
0 0.244631 0.688772 0.0807118 0.110853 0.887472
0 0.104146 0.0416846 0.0571399 0.0833692 0.840262
0 0.658452 0.348759 0.0634202 0.065549 0.285162
0 0.9344 0.871515 0.0454207 0.0574128 0.247699
0 0.847567 0.904466 0.0350548 0.0541445 0.222609
0 0.723422 0.808411 0.0248019 0.0291901 0.170212
0 0.394507 0.678691 0.0711086 0.0996256 0.733295
0 0.0998659 0.0440776 0.0653518 0.0849378 0.523981
0 0.412226 0.598592 0.0518171 0.0439558 0.451034
0 0.284136 0.610952 0.0351409 0.0512866 0.250987
0 0.236652 0.675555 0.101164 0.127622 0.238904
0 0.389087 0.649566 0.0888927 0.163856 0.18376
0 0.772436 0.545297 0.0609897 0.0756831 0.17132
0 0.759293 0.694959 0.0440412 0.0550907 0.164565
0 0.936244 0.87165 0.0393829 0.0384353 0.16281
0 0.659739 0.34753 0.0611395 0.0627861 0.117762
0 0.396254 0.679553 0.06807 0.099792 0.953914
0 0.248343 0.687104 0.0779072 0.105858 0.921954
0 0.0989736 0.0423535 0.0673353 0.084707 0.74177
0 0.771907 0.542802 0.0619551 0.0795085 0.664165
0 0.274078 0.608289 0.0568369 0.0559625 0.233801
0 0.0734383 0.0746544 0.146877 0.147034 0.109613
0 0.0914467 0.123371 0.182893 0.246741 0.105771
0 0.3967 0.682981 0.0695502 0.100084 0.917173
0 0.248359 0.686404 0.0805206 0.109682 0.853834
0 0.103939 0.0414779 0.0573555 0.0820525 0.466677
0 0.773644 0.545082 0.0644749 0.0787056 0.33261
0 0.10297 0.0396672 0.0596823 0.0793345 0.853789
0 0.395544 0.679879 0.0730167 0.0994355 0.594594
0 0.243942 0.686687 0.0863311 0.108577 0.554339
0 0.772952 0.54235 0.0645547 0.0811289 0.498722
0 0.396685 0.678377 0.0732224 0.0952442 0.725446
0 0.247475 0.685901 0.0828781 0.101563 0.703082
0 0.104849 0.0397532 0.057488 0.0762371 0.679231
0 0.773626 0.541951 0.0614792 0.0747859 0.505957
0 0.24824 0.688024 0.0865547 0.107653 0.856235
0 0.105447 0.042576 0.0588712 0.0770958 0.817173
0 0.396989 0.68089 0.0756477 0.0984974 0.787539
0 0.774581 0.544233 0.0623726 0.0768638 0.72103
0 0.661611 0.348066 0.0562705 0.0606849 0.192883
0 0.275046 0.611918 0.0524239 0.0526878 0.119668
0 0.756027 0.707061 0.0672539 0.10296 0.113576
0 0.246321 0.687505 0.0830362 0.111612 0.690229
0 0.104614 0.0405475 0.0579516 0.0810951 0.656793
0 0.395701 0.681149 0.0735693 0.101296 0.651962
0 0.7726 0.543918 0.0637039 0.0810244 0.647915
0 0.869666 0.690215 0.0238352 0.0325208 0.103227
0 0.104349 0.0410536 0.057279 0.0821072 0.826404
0 0.773237 0.54316 0.0669116 0.0797706 0.790015
0 0.24598 0.687604 0.0784409 0.107366 0.744462
0 0.395795 0.6817 0.0730409 0.0980522 0.727415
0 0.774346 0.540262 0.0679539 0.081833 0.879369
0 0.103636 0.0395775 0.0582156 0.079155 0.866287
0 0.247484 0.688702 0.0814005 0.110835 0.748691
0 0.39755 0.680836 0.0733288 0.0974419 0.67724
0 0.784437 0.836416 0.149387 0.169875 0.110677
0 0.774879 0.540038 0.0669594 0.0842664 0.846775
0 0.104563 0.0400648 0.0600868 0.0801295 0.788114
0 0.398069 0.68101 0.074535 0.0998902 0.55181
0 0.246422 0.689122 0.0859741 0.112122 0.53656
0 0.39512 0.681576 0.0725265 0.0963042 0.910329
0 0.245278 0.689365 0.0768596 0.102013 0.901245
0 0.772048 0.541283 0.0648011 0.0818756 0.869123
0 0.103752 0.0393511 0.0592036 0.0787021 0.847132
0 0.275234 0.611275 0.0510698 0.0536967 0.17809
0 0.604718 0.358128 0.034808 0.0500689 0.166958
0 0.756555 0.690424 0.056578 0.0676959 0.127453
0 0.247568 0.690138 0.0822457 0.106697 0.771721
0 0.395747 0.682846 0.0725674 0.100713 0.765837
0 0.771775 0.541806 0.0674049 0.0809827 0.694607
0 0.103122 0.0395833 0.0590413 0.0791666 0.585439
0 0.103489 0.0393455 0.0571096 0.0786909 0.793719
0 0.773261 0.540259 0.0644991 0.0842424 0.790784
0 0.247962 0.688966 0.0843815 0.112473 0.789496
0 0.395775 0.681077 0.0728496 0.0979339 0.728255
0 0.773126 0.541023 0.0635849 0.0826745 0.821593
0 0.1037 0.0405368 0.0581727 0.0789629 0.816715
0 0.396288 0.681254 0.0734817 0.0952945 0.811153
0 0.246524 0.689875 0.0821759 0.109692 0.79976
0 0.773322 0.539569 0.06352 0.0827268 0.840446
0 0.105315 0.0401677 0.0601079 0.0803353 0.824312
0 0.246408 0.689792 0.0854912 0.112523 0.223275
0 0.773533 0.540227 0.0641029 0.081088 0.748479
0 0.105094 0.0405783 0.0591209 0.0811565 0.69129
0 0.24682 0.689656 0.0825022 0.114252 0.506321
0 0.396147 0.680447 0.0706121 0.0995903 0.418696
0 0.773011 0.540501 0.0662535 0.0785138 0.916898
0 0.396426 0.677513 0.0708015 0.103826 0.908815
0 0.104323 0.0388417 0.0564073 0.0776834 0.889322
0 0.245656 0.688607 0.0823758 0.111762 0.86756
0 0.396489 0.679185 0.0711046 0.0996862 0.857376
0 0.773545 0.54085 0.0667402 0.0789149 0.835365
0 0.104263 0.0389961 0.0565848 0.0779923 0.823214
0 0.245523 0.68902 0.0834166 0.113596 0.784492
0 0.396319 0.678362 0.0707163 0.0996943 0.878825
0 0.105494 0.0381458 0.0551384 0.0757731 0.845129
0 0.77361 0.539914 0.0628264 0.0803339 0.8171
0 0.24633 0.68761 0.0804183 0.112142 0.811106
0 0.870091 0.691482 0.0254025 0.0340415 0.274027
0 0.937806 0.869536 0.0422285 0.0504557 0.128839
0 0.815075 0.540785 0.0209179 0.0271744 0.111631
0 0.771735 0.541635 0.0687733 0.0818999 0.899049
0 0.395864 0.678446 0.0718662 0.104211 0.883657
0 0.10433 0.0386891 0.0595374 0.0773783 0.845525
0 0.247891 0.689353 0.0815027 0.113031 0.702022
0 0.396589 0.679537 0.0709576 0.0960634 0.833926
0 0.2462 0.687154 0.0797041 0.110137 0.830112
0 0.772188 0.54118 0.0656644 0.0797701 0.811257
0 0.104564 0.0384252 0.0576354 0.0768504 0.730472
0 0.795924 0.825204 0.116658 0.158945 0.107413
0 0.24598 0.687727 0.0774336 0.110867 0.91786
0 0.396405 0.679559 0.0704444 0.100886 0.913114
0 0.773113 0.540507 0.0645016 0.0799014 0.909181
0 0.10487 0.0395286 0.0568111 0.0790571 0.813804
0 0.795913 0.826639 0.115826 0.156995 0.168914
0 0.246759 0.687658 0.0834109 0.108288 0.906334
0 0.396841 0.680547 0.0726417 0.0968526 0.889789
0 0.771481 0.541352 0.0676783 0.0793419 0.869388
0 0.105438 0.0395043 0.054263 0.0753708 0.784983
0 0.771669 0.542148 0.066868 0.0816418 0.865128
0 0.246735 0.688854 0.0856983 0.109879 0.850379
0 0.396827 0.680963 0.0724812 0.0980753 0.846361
0 0.104919 0.0392427 0.0570642 0.0784855 0.823225
0 0.772478 0.541812 0.0655863 0.0780016 0.863622
0 0.104789 0.0382229 0.0591046 0.0764457 0.863438
0 0.247425 0.687717 0.0834672 0.107276 0.8591
0 0.396597 0.681344 0.0714123 0.0963234 0.845438
0 0.221333 0.577798 0.0215832 0.0430571 0.137404
0 0.773257 0.541607 0.0648387 0.0787811 0.864607
0 0.247738 0.688464 0.0839658 0.106568 0.842522
0 0.397917 0.681992 0.0693235 0.0959183 0.823641
0 0.105705 0.0397899 0.0583781 0.0795799 0.791098
0 0.773094 0.540104 0.0644843 0.0804505 0.908592
0 0.105577 0.0389928 0.0570685 0.0779855 0.833945
0 0.245378 0.688698 0.0803914 0.107163 0.674281
0 0.397283 0.681684 0.0692423 0.0944364 0.584308
0 0.755898 0.692039 0.0563366 0.071828 0.165484
0 0.773382 0.540869 0.0663651 0.0821258 0.886299
0 0.397228 0.682149 0.0732241 0.0968564 0.819155
0 0.105387 0.0400831 0.0590917 0.0801662 0.812281
0 0.245992 0.689417 0.0843214 0.109764 0.73373
0 0.756641 0.6947 0.0573802 0.0777827 0.237197
0 0.772545 0.541037 0.0650604 0.0823712 0.885934
0 0.245264 0.688548 0.0800047 0.106026 0.88355
0 0.396677 0.680097 0.0718315 0.0943441 0.873116
0 0.104027 0.0386157 0.059501 0.0772313 0.818613
0 0.772973 0.54058 0.0647997 0.0826947 0.86206
0 0.24511 0.689413 0.0795565 0.10537 0.835599
0 0.396818 0.679893 0.0712668 0.0938746 0.801699
0 0.104429 0.0389961 0.0573346 0.0779922 0.675007
0 0.773505 0.541345 0.0658436 0.0814369 0.881855
0 0.245625 0.688595 0.0789121 0.107841 0.873879
0 0.397002 0.680673 0.072136 0.0981951 0.841709
0 0.105014 0.0385452 0.055811 0.074163 0.724314
0 0.244911 0.688538 0.0772806 0.107788 0.861357
0 0.772242 0.540912 0.0645163 0.0800819 0.846803
0 0.397216 0.68166 0.0693775 0.099085 0.805526
0 0.104993 0.0373067 0.0558186 0.0746134 0.65205
0 0.774014 0.539857 0.066899 0.0792105 0.872743
0 0.247911 0.689476 0.0813902 0.109546 0.843912
0 0.398567 0.680342 0.0724467 0.0990936 0.733869
0 0.105728 0.03739 0.0577859 0.07478 0.709396
0 0.772725 0.539662 0.0651928 0.0784327 0.870877
0 0.105009 0.0373918 0.0577009 0.0747837 0.818343
0 0.246948 0.689526 0.0819562 0.109607 0.803436
0 0.396742 0.681595 0.0729775 0.0981968 0.773162
0 0.772894 0.540033 0.0655361 0.0795881 0.891781
0 0.245099 0.688766 0.0793839 0.107493 0.863443
0 0.396735 0.681436 0.0712657 0.0953956 0.863106
0 0.104471 0.0371812 0.0562799 0.0743623 0.804596
0 0.773033 0.539982 0.0680124 0.0812477 0.888999
0 0.104437 0.0378508 0.0569743 0.0757015 0.681277
0 0.247335 0.688771 0.0849441 0.109081 0.658511
0 0.397451 0.682264 0.0737497 0.09592 0.252592
0 0.771547 0.540473 0.0657133 0.0805232 0.891728
0 0.396404 0.683595 0.0704026 0.0980837 0.841703
0 0.246793 0.688241 0.0814301 0.108466 0.819543
0 0.104691 0.0383717 0.0561426 0.0767434 0.589265
0 0.772318 0.54032 0.065874 0.0809261 0.851758
0 0.396163 0.682316 0.0713662 0.095983 0.837531
0 0.244505 0.689535 0.080498 0.109268 0.828194
0 0.104499 0.0393084 0.0574603 0.0786168 0.630045
0 0.246337 0.687452 0.0797403 0.105426 0.928528
0 0.772596 0.540395 0.0656454 0.0785389 0.926373
0 0.397177 0.682007 0.0717177 0.0945841 0.916743
0 0.105506 0.0391728 0.0575767 0.0779454 0.469928
0 0.397107 0.682572 0.0724478 0.0942182 0.886842
0 0.246889 0.689141 0.0816608 0.10742 0.88457
0 0.772266 0.540111 0.0660627 0.080359 0.857239
0 0.105104 0.0405886 0.0576977 0.0770823 0.709943
0 0.247618 0.68791 0.084887 0.111728 0.925368
0 0.772865 0.540067 0.0648899 0.082397 0.90447
0 0.396426 0.681457 0.0725112 0.0978823 0.892656
0 0.104682 0.0387195 0.0578667 0.077439 0.792954
0 0.247413 0.68883 0.0843638 0.112101 0.901376
0 0.773045 0.540208 0.0640797 0.0818427 0.896073
0 0.396466 0.682323 0.0715226 0.0981153 0.876466
0 0.103838 0.0385689 0.057773 0.0767423 0.804391
0 0.772815 0.539271 0.0641485 0.0830928 0.858655
0 0.104422 0.038465 0.0585471 0.0769299 0.847886
0 0.396868 0.681242 0.0728072 0.0990601 0.837412
0 0.246733 0.687605 0.0850101 0.110709 0.837384
0 0.798 0.833214 0.120563 0.156966 0.156354
0 0.772206 0.540542 0.0649538 0.0798168 0.86393
0 0.246432 0.688777 0.0812072 0.108921 0.861725
0 0.396838 0.682018 0.0715948 0.0948298 0.847036
0 0.104921 0.039226 0.0579442 0.0773292 0.828326
0 0.772815 0.540637 0.0666962 0.0811862 0.863859
0 0.246269 0.689052 0.0827549 0.107165 0.849444
0 0.10389 0.0394007 0.0609605 0.0788014 0.829007
0 0.397391 0.680898 0.0733806 0.0973315 0.805804
0 0.800296 0.824351 0.107071 0.144957 0.110864
0 0.245041 0.687899 0.0819447 0.107971 0.839049
0 0.772225 0.540718 0.0659 0.0800209 0.828787
0 0.104619 0.0398935 0.0570448 0.0749711 0.817757
0 0.396309 0.682102 0.0699272 0.0937835 0.809043
0 0.773544 0.540565 0.0660007 0.0794462 0.864646
0 0.104915 0.0385671 0.058103 0.0771341 0.858698
0 0.39722 0.681119 0.0690286 0.0944654 0.834906
0 0.246763 0.687218 0.0839577 0.110244 0.823913
0 0.772025 0.540665 0.0658135 0.0813072 0.860562
0 0.104375 0.0394702 0.0585929 0.0772237 0.836422
0 0.246763 0.688312 0.0830715 0.109223 0.819894
0 0.395967 0.681742 0.0717115 0.0940171 0.816067
0 0.772157 0.540969 0.0646816 0.0800616 0.856601
0 0.247299 0.689441 0.0821423 0.108749 0.850251
0 0.104941 0.0387635 0.0589326 0.0769035 0.828742
0 0.395648 0.682492 0.0721659 0.0932866 0.822135
0 0.936574 0.866434 0.0421951 0.0438744 0.122464
0 0.771771 0.540979 0.0652705 0.0806808 0.846988
0 0.245306 0.689514 0.0833435 0.111009 0.830161
0 0.104666 0.0387168 0.0586815 0.0774336 0.803283
0 0.396038 0.682416 0.0707802 0.0952526 0.781211
0 0.773064 0.540618 0.0652114 0.0809232 0.913407
0 0.104927 0.0388212 0.0575818 0.0776425 0.875753
0 0.246347 0.688739 0.0812302 0.110943 0.846956
0 0.396765 0.682468 0.0682424 0.0934437 0.840028
0 0.77278 0.541209 0.0668247 0.0819403 0.876701
0 0.104467 0.039364 0.0595523 0.078728 0.818616
0 0.245159 0.690366 0.0831415 0.113307 0.73823
0 0.396964 0.683713 0.0691535 0.0957992 0.274836
0 0.772207 0.541735 0.0647165 0.0793604 0.914316
0 0.104221 0.0378924 0.0589742 0.0757849 0.872381
0 0.244963 0.690109 0.0816133 0.110813 0.86411
0 0.395969 0.683724 0.0693323 0.0956891 0.827477
0 0.221461 0.579081 0.0208742 0.0398196 0.243247
0 0.772255 0.542077 0.0643328 0.0796761 0.878805
0 0.246282 0.688667 0.0807696 0.106367 0.836073
0 0.104704 0.0380869 0.0593125 0.0754214 0.830846
0 0.396594 0.683406 0.0692242 0.0957281 0.819154
0 0.22141 0.579656 0.0221393 0.0408198 0.503009
0 0.246868 0.687418 0.0803864 0.105518 0.898609
0 0.39647 0.682597 0.0691939 0.0968833 0.898241
0 0.772032 0.54171 0.0634558 0.0805906 0.888017
0 0.10509 0.0382475 0.0576863 0.076495 0.85536
0 0.221047 0.578961 0.0203941 0.0365201 0.211757
0 0.396486 0.682581 0.0694625 0.0947919 0.891908
0 0.247617 0.687571 0.0795883 0.103576 0.882671
0 0.772727 0.541871 0.0644929 0.0788992 0.878211
0 0.105191 0.03814 0.0581963 0.07628 0.829157
0 0.221327 0.578157 0.0188632 0.0329937 0.193356
0 0.396093 0.682982 0.0704906 0.0949154 0.895926
0 0.246617 0.688292 0.0800465 0.106035 0.894472
0 0.772015 0.541192 0.0653431 0.0807492 0.880862
0 0.105091 0.0384663 0.0579082 0.0756928 0.839257
0 0.659653 0.346591 0.0566721 0.0655714 0.112901
0 0.771977 0.540537 0.0649817 0.0799349 0.886081
0 0.245999 0.687115 0.0804108 0.10555 0.885963
0 0.396213 0.681929 0.069768 0.0945474 0.863243
0 0.105714 0.0396504 0.0584051 0.0756411 0.844882
0 0.246368 0.68836 0.082244 0.108859 0.882142
0 0.772176 0.54151 0.0668311 0.0806643 0.876982
0 0.10452 0.0407731 0.060021 0.0815463 0.853113
0 0.396223 0.682033 0.0716393 0.0961164 0.852645
0 0.245625 0.689382 0.0811609 0.106294 0.867716
0 0.104455 0.0406991 0.0595048 0.0813983 0.837275
0 0.771684 0.541315 0.0651603 0.0806365 0.832896
0 0.39544 0.682202 0.0702832 0.0944168 0.825985
0 0.245493 0.688574 0.0820333 0.108324 0.910414
0 0.772304 0.540262 0.0647679 0.0810078 0.90061
0 0.395416 0.68086 0.0691025 0.0934407 0.894546
0 0.105458 0.0401994 0.0582428 0.078483 0.887953
0 0.245408 0.687992 0.080837 0.10904 0.907257
0 0.772647 0.54149 0.0653085 0.0800876 0.884109
0 0.39562 0.681738 0.0691772 0.0923485 0.86763
0 0.105587 0.0412601 0.0577314 0.0776172 0.85902
0 0.245792 0.688975 0.0814542 0.106575 0.918964
0 0.772384 0.541086 0.0657608 0.0797656 0.889392
0 0.395225 0.68172 0.0693661 0.0936779 0.883835
0 0.104983 0.0396903 0.0583234 0.0793806 0.874488
0 0.245681 0.688767 0.0807385 0.106758 0.894517
0 0.772856 0.541626 0.0654247 0.0791949 0.885934
0 0.395636 0.681955 0.0695748 0.0930115 0.860257
0 0.105075 0.0394839 0.0585474 0.0780666 0.841922
0 0.773408 0.54077 0.0679825 0.0814863 0.917745
0 0.245398 0.687422 0.0815729 0.10757 0.909749
0 0.396111 0.680436 0.0691497 0.0953367 0.884829
0 0.105552 0.0392514 0.0592559 0.0785028 0.838645
0 0.773347 0.541655 0.0670661 0.0818307 0.894108
0 0.245703 0.688002 0.0806393 0.107713 0.88938
0 0.396996 0.682488 0.0677477 0.0957766 0.877164
0 0.105631 0.0399086 0.0594998 0.0798172 0.821991
0 0.397379 0.681826 0.0686985 0.0964789 0.908644
0 0.772866 0.541572 0.0684614 0.079496 0.894795
0 0.246065 0.689043 0.081593 0.105093 0.87631
0 0.105373 0.0392284 0.0601463 0.0784568 0.852246
0 0.77303 0.542433 0.065976 0.0790704 0.901334
0 0.397702 0.681619 0.0688214 0.096541 0.900055
0 0.10596 0.0395216 0.0585956 0.0790431 0.862971
0 0.247087 0.689249 0.0804828 0.105591 0.850216
0 0.395914 0.681945 0.0722115 0.0979072 0.843363
0 0.246076 0.688624 0.0834612 0.109967 0.842028
0 0.772294 0.5423 0.0688451 0.0813787 0.83164
0 0.1044 0.0401274 0.059607 0.0802549 0.792331
0 0.7724 0.541786 0.0671669 0.0798541 0.901024
0 0.395762 0.681072 0.0696023 0.0955744 0.895431
0 0.245541 0.687981 0.0806752 0.107572 0.878142
0 0.105706 0.0397832 0.059298 0.0795665 0.865918
0 0.772719 0.541526 0.0644095 0.0808403 0.881653
0 0.395856 0.682177 0.0691487 0.0936767 0.881516
0 0.105101 0.039351 0.0575008 0.0787019 0.874071
0 0.245728 0.688434 0.0794841 0.109481 0.849612
0 0.77298 0.542449 0.0646523 0.08047 0.892078
0 0.105165 0.03931 0.0577428 0.0779859 0.880811
0 0.396159 0.681443 0.0684185 0.0943271 0.859586
0 0.246195 0.689473 0.080056 0.108134 0.783011
0 0.772558 0.542314 0.0652507 0.0800122 0.873789
0 0.104918 0.0400477 0.0581044 0.0747073 0.849229
0 0.396687 0.681759 0.0665357 0.0918342 0.81682
0 0.246506 0.689034 0.0784068 0.103024 0.743971
0 0.772431 0.540861 0.0672216 0.0844182 0.904099
0 0.10452 0.0396064 0.0604436 0.0792127 0.869147
0 0.396398 0.680793 0.0686509 0.0965717 0.86111
0 0.246523 0.688729 0.08014 0.105717 0.788919
0 0.772106 0.539782 0.0663559 0.0812767 0.895512
0 0.395914 0.679781 0.0680062 0.0937157 0.851502
0 0.105115 0.0388328 0.0582661 0.0776622 0.850362
0 0.246295 0.689026 0.0803105 0.104411 0.802718
0 0.771694 0.5398 0.0663555 0.0827489 0.91347
0 0.10508 0.0394525 0.0594421 0.078905 0.894998
0 0.395621 0.679175 0.0683427 0.0960106 0.886021
0 0.246112 0.688339 0.0820633 0.108291 0.846622
0 0.772708 0.541387 0.0642414 0.079391 0.912771
0 0.396393 0.680062 0.0669958 0.0941335 0.894549
0 0.105393 0.0394292 0.0598745 0.0786296 0.886074
0 0.245833 0.685666 0.0793357 0.110912 0.862712
0 0.772802 0.542158 0.0647369 0.0782443 0.910099
0 0.39656 0.681411 0.0681377 0.0929586 0.902933
0 0.245769 0.688282 0.0807313 0.105471 0.892069
0 0.104849 0.0405411 0.0601115 0.0778101 0.889539
0 0.772406 0.541834 0.0685354 0.0828124 0.901347
0 0.396143 0.681118 0.0684373 0.0939341 0.891333
0 0.245274 0.688383 0.0813019 0.108741 0.885008
0 0.105509 0.0397034 0.0605557 0.0794068 0.856062
0 0.772388 0.541191 0.0655405 0.0804838 0.904196
0 0.395983 0.680831 0.0671968 0.0922381 0.897863
0 0.245736 0.688892 0.079329 0.107804 0.883753
0 0.105407 0.0389672 0.058613 0.0776459 0.858521
0 0.658381 0.563361 0.026261 0.0275915 0.134645
0 0.395755 0.680656 0.0688165 0.0929504 0.889118
0 0.77241 0.540885 0.0669466 0.0818822 0.88451
0 0.246021 0.688076 0.0816911 0.107363 0.860853
0 0.10529 0.0400808 0.0610905 0.0801617 0.8532
0 0.396008 0.681074 0.0684616 0.0922844 0.900219
0 0.772788 0.541384 0.0663397 0.0818415 0.898646
0 0.105559 0.0403373 0.0605658 0.0806746 0.871893
0 0.246088 0.687836 0.081573 0.104256 0.864365
0 0.772922 0.541112 0.0683908 0.0825929 0.888269
0 0.396164 0.681048 0.0696003 0.0952436 0.886309
0 0.244942 0.688918 0.0853584 0.10878 0.875727
0 0.104804 0.040218 0.0595882 0.080436 0.866106
0 0.772382 0.541947 0.0680542 0.0804436 0.870391
0 0.395472 0.680551 0.0699842 0.0941787 0.869999
0 0.244836 0.689686 0.0855519 0.110129 0.843063
0 0.104607 0.0396571 0.0596823 0.0793141 0.839496
0 0.773123 0.542604 0.0639664 0.0788343 0.913
0 0.397166 0.68055 0.0658645 0.0928914 0.909659
0 0.245987 0.689473 0.0813038 0.107284 0.883801
0 0.10524 0.039149 0.0584192 0.078298 0.876359
0 0.772959 0.541777 0.0673134 0.0812629 0.866932
0 0.396383 0.679745 0.0685554 0.0955749 0.85948
0 0.245842 0.688528 0.0823759 0.109161 0.856511
0 0.105381 0.0397251 0.0615024 0.0794502 0.834026
0 0.77347 0.541837 0.0684609 0.0810728 0.896959
0 0.396848 0.680584 0.0699435 0.0934705 0.850072
0 0.247058 0.688787 0.084543 0.108168 0.839186
0 0.105426 0.0399599 0.0599064 0.0799197 0.819853
0 0.772984 0.541596 0.0681232 0.0800626 0.924268
0 0.39643 0.680254 0.0704383 0.0932281 0.877397
0 0.246586 0.688728 0.0841711 0.106387 0.871559
0 0.10488 0.0403228 0.0595041 0.0806457 0.856068
0 0.772939 0.541476 0.0684114 0.0787567 0.892865
0 0.246703 0.688742 0.082973 0.105292 0.844978
0 0.105217 0.0401111 0.0603444 0.0796579 0.817397
0 0.396398 0.680538 0.0705815 0.0925495 0.807621
0 0.773056 0.542708 0.0682847 0.0802945 0.90369
0 0.246717 0.689925 0.0829011 0.107448 0.889698
0 0.10565 0.0405041 0.059944 0.0780072 0.856539
0 0.397152 0.681998 0.0694222 0.0936432 0.855481
0 0.772106 0.543078 0.0686647 0.0819885 0.893142
0 0.245462 0.689684 0.0852648 0.109266 0.886771
0 0.104777 0.0390013 0.060062 0.0780025 0.874833
0 0.395785 0.681861 0.0696988 0.0928421 0.851501
0 0.773576 0.543213 0.0675171 0.0802022 0.879433
0 0.245592 0.689741 0.0855206 0.106439 0.879037
0 0.395607 0.682362 0.069198 0.0912753 0.871664
0 0.106026 0.0394715 0.0588284 0.0788956 0.870929
0 0.773343 0.542328 0.0669218 0.082985 0.891753
0 0.105672 0.0397283 0.059395 0.0794566 0.875483
0 0.245892 0.687701 0.0861146 0.113375 0.860375
0 0.396995 0.681182 0.0701344 0.0952445 0.834241
0 0.772934 0.542609 0.0673926 0.0824663 0.86946
0 0.39692 0.681528 0.0697279 0.0954484 0.845454
0 0.105164 0.0397383 0.0595147 0.0794767 0.842514
0 0.245602 0.687595 0.0857991 0.114115 0.833073
0 0.757649 0.697103 0.0532205 0.0720426 0.12872
0 0.246347 0.688255 0.0844373 0.105687 0.907184
0 0.396198 0.681749 0.0710239 0.0935832 0.905863
0 0.772314 0.542363 0.067292 0.0793641 0.902769
0 0.105751 0.0389909 0.0583222 0.0779818 0.881855
0 0.758122 0.695526 0.0530001 0.0668139 0.258308
0 0.395252 0.680878 0.0711317 0.0973025 0.902595
0 0.24475 0.688705 0.0854399 0.112511 0.896846
0 0.771933 0.54289 0.0672203 0.0828343 0.880825
0 0.104689 0.0395024 0.0586769 0.0790049 0.866342
0 0.395805 0.681248 0.07013 0.0942164 0.89449
0 0.245317 0.688559 0.0843415 0.110606 0.884761
0 0.105102 0.0393398 0.0583731 0.0786795 0.860009
0 0.772842 0.541863 0.0671535 0.0817896 0.859165
0 0.395809 0.680915 0.0709278 0.0950946 0.915459
0 0.245562 0.687767 0.0852027 0.112674 0.907665
0 0.773221 0.541829 0.068083 0.0829198 0.895693
0 0.104954 0.0396732 0.0596917 0.0793465 0.888604
0 0.396113 0.680897 0.0672523 0.0952463 0.884546
0 0.245327 0.687038 0.0830934 0.111554 0.884087
0 0.772719 0.541654 0.0663474 0.0827527 0.87179
0 0.104778 0.0395646 0.0586219 0.0791292 0.862651
0 0.396407 0.680911 0.0680284 0.0955335 0.911527
0 0.246324 0.686888 0.084692 0.112302 0.909288
0 0.773921 0.541706 0.068767 0.084245 0.901557
0 0.105317 0.0399661 0.0591119 0.0799321 0.88407
0 0.396201 0.681959 0.0678754 0.0929489 0.908989
0 0.244886 0.687527 0.0814793 0.106444 0.904484
0 0.772448 0.541595 0.0673115 0.0810773 0.900599
0 0.104956 0.0402914 0.0582795 0.0805514 0.866845
0 0.245682 0.687439 0.0813204 0.107298 0.901059
0 0.773297 0.541733 0.0674377 0.0817708 0.893774
0 0.396617 0.681749 0.0679358 0.0936009 0.891886
0 0.105822 0.0405297 0.0592526 0.0810594 0.866114
0 0.77349 0.54121 0.0675469 0.0814366 0.898067
0 0.24622 0.687624 0.0805683 0.109094 0.883172
0 0.396805 0.682338 0.0654908 0.0951634 0.878591
0 0.106163 0.0402502 0.0599156 0.0805005 0.866569
0 0.395985 0.681483 0.0661041 0.0940581 0.902188
0 0.245981 0.688434 0.0822557 0.110705 0.893826
0 0.773142 0.54145 0.0676058 0.0808741 0.889314
0 0.105347 0.0408031 0.0605495 0.0798879 0.875535
