0 0.423158 0.824054 0.0560801 0.129966 0.798167
0 0.2639 0.793988 0.0522481 0.125285 0.772562
0 0.645752 0.924305 0.0559226 0.104046 0.461945
0 0.497318 0.12732 0.0517034 0.0931865 0.148748
0 0.424806 0.817492 0.0566555 0.137209 0.882229
0 0.267175 0.793589 0.0580374 0.129064 0.722049
0 0.490522 0.128371 0.0696652 0.105626 0.566449
0 0.645246 0.928637 0.0588456 0.123197 0.292912
0 0.471617 0.131962 0.04488 0.087718 0.1049
0 0.425284 0.817064 0.0598319 0.141868 0.803551
0 0.267584 0.799109 0.061844 0.148519 0.648869
0 0.493617 0.129946 0.0655322 0.110457 0.630671
0 0.646044 0.929243 0.062607 0.129733 0.509096
0 0.498072 0.126701 0.0525556 0.101851 0.787573
0 0.425014 0.816597 0.0593597 0.129517 0.636161
0 0.64645 0.92918 0.058351 0.12191 0.571941
0 0.267385 0.794799 0.0586443 0.131468 0.482449
0 0.960207 0.858247 0.0789365 0.283506 0.108408
0 0.498456 0.129644 0.054496 0.103494 0.973738
0 0.646149 0.929916 0.0585766 0.124541 0.897001
0 0.425478 0.815073 0.0611936 0.136344 0.878715
0 0.267707 0.796141 0.0640308 0.138641 0.794707
0 0.496905 0.129001 0.0558408 0.0962673 0.893448
0 0.425527 0.814492 0.0591685 0.135545 0.883746
0 0.267285 0.797304 0.0609068 0.140172 0.805742
0 0.645591 0.932218 0.0566813 0.121749 0.782658
0 0.425244 0.815187 0.0598164 0.133039 0.662408
0 0.485954 0.127319 0.0742499 0.102977 0.658972
0 0.268031 0.791452 0.0621974 0.137401 0.507433
0 0.645531 0.924932 0.0601196 0.136954 0.390631
0 0.425068 0.817768 0.0612425 0.133176 0.979866
0 0.487053 0.127932 0.0749844 0.103066 0.978944
0 0.268452 0.794015 0.0643963 0.137625 0.978727
0 0.644796 0.926713 0.064653 0.130461 0.95999
0 0.274364 0.84944 0.0517671 0.167096 0.349361
0 0.431369 0.881595 0.0498651 0.127864 0.16485
0 0.634112 0.89234 0.055061 0.172189 0.114352
0 0.490377 0.128427 0.0684374 0.103451 0.901378
0 0.268024 0.794402 0.0627258 0.139108 0.870202
0 0.425676 0.813627 0.0596014 0.132818 0.820579
0 0.645233 0.927422 0.0596485 0.126754 0.796981
0 0.498128 0.128341 0.050807 0.100981 0.720131
0 0.267827 0.797762 0.0613797 0.137678 0.644023
0 0.425985 0.814162 0.0593888 0.134921 0.588064
0 0.645585 0.925313 0.0570623 0.11506 0.56679
0 0.463583 0.24455 0.0217829 0.0564632 0.163238
0 0.472969 0.249228 0.041837 0.0711434 0.132423
0 0.645868 0.926943 0.0604557 0.124545 0.937505
0 0.268106 0.796244 0.0623065 0.140176 0.935264
0 0.494482 0.129195 0.0609199 0.102132 0.922105
0 0.425161 0.812544 0.060631 0.135086 0.904214
0 0.280734 0.889523 0.037464 0.0806392 0.106611
0 0.268653 0.79326 0.0571014 0.135096 0.842275
0 0.426374 0.81207 0.057537 0.127712 0.809569
0 0.645765 0.922894 0.0572546 0.118933 0.731942
0 0.499135 0.126956 0.0480543 0.0937683 0.697235
0 0.266698 0.797598 0.0614005 0.142909 0.639872
0 0.424957 0.847256 0.06539 0.197453 0.604779
0 0.487177 0.128769 0.0792097 0.10003 0.551002
0 0.644729 0.927079 0.0602183 0.135144 0.476891
0 0.266995 0.798287 0.0622506 0.13879 0.95832
0 0.425479 0.818807 0.0602537 0.135556 0.934064
0 0.49702 0.128334 0.0547508 0.103136 0.823296
0 0.64578 0.92777 0.0593681 0.132638 0.770027
0 0.490451 0.129322 0.0636424 0.103523 0.899248
0 0.265979 0.796645 0.0572015 0.127412 0.877471
0 0.643612 0.939019 0.0451658 0.104072 0.802424
0 0.424851 0.822336 0.0571054 0.129503 0.729426
0 0.683226 0.597492 0.0409356 0.1447 0.218162
0 0.625977 0.555412 0.0244693 0.07402 0.137053
0 0.391086 0.154546 0.0912832 0.0846018 0.110179
0 0.424846 0.814522 0.0560666 0.139097 0.863635
0 0.490296 0.129795 0.0648742 0.107672 0.838697
0 0.266228 0.788303 0.0592118 0.138334 0.821244
0 0.64308 0.909496 0.0648403 0.167796 0.473526
0 0.418975 0.216026 0.161131 0.196466 0.182578
0 0.426452 0.816097 0.0573697 0.136837 0.732069
0 0.496557 0.131592 0.0545038 0.108107 0.671185
0 0.266423 0.795567 0.0584525 0.132377 0.624381
0 0.646006 0.931854 0.061966 0.136185 0.412782
0 0.958169 0.871019 0.0836626 0.257963 0.174678
0 0.487764 0.129138 0.0712875 0.110298 0.831961
0 0.26839 0.828032 0.0660871 0.209465 0.754873
0 0.425422 0.846419 0.0619826 0.204782 0.747015
0 0.952781 0.863241 0.0944382 0.273518 0.736794
0 0.647281 0.92895 0.0579399 0.133861 0.43627
0 0.425892 0.808478 0.0596051 0.12888 0.822042
0 0.267866 0.792913 0.0609072 0.117158 0.821736
0 0.496735 0.131097 0.0542144 0.101183 0.616978
0 0.647586 0.931199 0.0525721 0.118474 0.324452
0 0.26813 0.795705 0.0623921 0.123308 0.884658
0 0.492418 0.133818 0.0638568 0.106245 0.853184
0 0.426667 0.815375 0.062157 0.130491 0.827116
0 0.647302 0.934253 0.0551966 0.125939 0.384569
0 0.278834 0.874723 0.0458441 0.114132 0.239118
0 0.433986 0.88115 0.0504252 0.135116 0.194644
0 0.636574 0.903781 0.0808685 0.192438 0.178397
0 0.958506 0.87277 0.0829889 0.254461 0.165904
0 0.26659 0.791242 0.0614146 0.138438 0.79928
0 0.426338 0.812882 0.0596763 0.140974 0.768826
0 0.496891 0.131233 0.0499394 0.103929 0.674384
0 0.645379 0.932375 0.052263 0.128224 0.450923
0 0.266423 0.79181 0.0584625 0.133649 0.901
0 0.495958 0.131904 0.054352 0.103086 0.882155
0 0.426473 0.811878 0.0610586 0.1373 0.873635
0 0.645352 0.930482 0.0616536 0.127681 0.683225
0 0.278921 0.8431 0.0491481 0.177445 0.176259
0 0.958713 0.88219 0.082574 0.235619 0.107668
0 0.26753 0.791666 0.0614181 0.135939 0.916598
0 0.49138 0.129154 0.0625812 0.107376 0.888866
0 0.42712 0.811893 0.0609758 0.13407 0.882389
0 0.644174 0.928032 0.0625651 0.141072 0.653125
0 0.277459 0.834209 0.0472293 0.191204 0.263359
0 0.957648 0.884846 0.0847048 0.230308 0.254318
0 0.496559 0.128763 0.053646 0.110014 0.837116
0 0.42649 0.81115 0.0603116 0.136895 0.77286
0 0.268863 0.791621 0.0662058 0.140731 0.752904
0 0.644824 0.926357 0.0582825 0.138076 0.732367
0 0.277925 0.836178 0.0446904 0.187828 0.257807
0 0.960929 0.913055 0.0781429 0.17389 0.122984
0 0.42588 0.813149 0.0603716 0.13303 0.963541
0 0.267178 0.793877 0.0620707 0.125962 0.915645
0 0.497042 0.12981 0.0544512 0.105248 0.906589
0 0.644759 0.930836 0.0590861 0.123209 0.894616
0 0.278915 0.890087 0.0395682 0.0782847 0.26968
0 0.966295 0.93395 0.0674105 0.132099 0.236522
0 0.627278 0.85464 0.0381556 0.0787223 0.148799
0 0.979459 0.890205 0.0309087 0.0413582 0.113783
0 0.425413 0.812769 0.0607909 0.132733 0.800335
0 0.266343 0.793476 0.0610431 0.125675 0.69523
0 0.4951 0.130464 0.0577189 0.102817 0.649197
0 0.644335 0.930812 0.0592254 0.122261 0.608571
0 0.96251 0.930812 0.0749794 0.138375 0.235601
0 0.279008 0.89035 0.0419627 0.0783972 0.108586
0 0.425704 0.811143 0.0591646 0.133788 0.889265
0 0.498999 0.127169 0.0476784 0.101112 0.869858
0 0.266121 0.792881 0.0584335 0.126852 0.830497
0 0.64429 0.931156 0.0571572 0.128616 0.812447
0 0.425239 0.815132 0.0597497 0.131254 0.882805
0 0.499095 0.126343 0.0489103 0.0988777 0.875772
0 0.266375 0.795419 0.0600994 0.130113 0.851205
0 0.644498 0.932637 0.0572466 0.126695 0.846202
0 0.426075 0.810977 0.0603579 0.13378 0.917771
0 0.267303 0.791553 0.0622009 0.132135 0.907761
0 0.499283 0.127838 0.0514185 0.102113 0.894817
0 0.645578 0.928597 0.0584518 0.133 0.86337
0 0.426221 0.81255 0.0598851 0.133345 0.85149
0 0.267759 0.79244 0.0609733 0.13306 0.828152
0 0.498679 0.129445 0.0502231 0.104444 0.804217
0 0.645334 0.930157 0.0585911 0.133293 0.769394
0 0.277031 0.833624 0.047756 0.19825 0.132598
0 0.425969 0.811453 0.0597732 0.132486 0.952039
0 0.267096 0.790023 0.0581129 0.131827 0.920978
0 0.498352 0.127478 0.0477329 0.103081 0.903783
0 0.644368 0.930274 0.0584425 0.131741 0.89844
0 0.425472 0.81324 0.0589164 0.131211 0.877259
0 0.500032 0.127993 0.0478256 0.10141 0.869246
0 0.645399 0.932001 0.056945 0.123575 0.783755
0 0.2677 0.7936 0.0589725 0.125945 0.771321
0 0.27714 0.865071 0.0448844 0.131389 0.149416
0 0.426202 0.81226 0.0566435 0.124001 0.894094
0 0.499499 0.126674 0.0470073 0.098384 0.879109
0 0.267905 0.793073 0.0571744 0.122356 0.844015
0 0.645836 0.930584 0.0550798 0.122024 0.835599
0 0.737812 0.929848 0.0162092 0.0312891 0.215187
0 0.278193 0.875434 0.0422115 0.107098 0.200941
0 0.965666 0.894962 0.0226148 0.0411866 0.137365
0 0.425072 0.812441 0.0595763 0.130169 0.916491
0 0.498303 0.127641 0.0511006 0.102255 0.907884
0 0.266692 0.794544 0.0613988 0.129419 0.895138
0 0.643987 0.932588 0.06147 0.127031 0.869663
0 0.426014 0.811946 0.0572538 0.126857 0.883678
0 0.268259 0.792428 0.05875 0.126285 0.81797
0 0.500217 0.127453 0.0476576 0.101855 0.817318
0 0.644485 0.933269 0.0575011 0.126674 0.777267
0 0.737539 0.93015 0.0148245 0.0324661 0.106632
0 0.425054 0.813051 0.0591204 0.127075 0.93091
0 0.266979 0.794811 0.0604884 0.132842 0.893872
0 0.497237 0.128374 0.0520218 0.106189 0.861925
0 0.644543 0.931937 0.0564986 0.127181 0.855304
0 0.737627 0.930342 0.0155174 0.0331023 0.132144
0 0.425414 0.814487 0.0584628 0.130687 0.92116
0 0.267306 0.794101 0.0582787 0.12672 0.862574
0 0.644541 0.930879 0.0559526 0.12296 0.820768
0 0.49943 0.126783 0.0470052 0.0990316 0.79554
0 0.424634 0.815437 0.0593825 0.135376 0.90274
0 0.644248 0.931215 0.0585817 0.126479 0.858937
0 0.499707 0.129607 0.0466398 0.101709 0.858727
0 0.266911 0.797017 0.0615855 0.133358 0.83988
0 0.424564 0.814551 0.0574563 0.130053 0.876052
0 0.498515 0.129905 0.0488867 0.0969552 0.868372
0 0.644129 0.930202 0.0580553 0.123722 0.852228
0 0.266429 0.795559 0.0611721 0.129387 0.849863
0 0.267499 0.795355 0.0611788 0.131508 0.833429
0 0.424985 0.814748 0.0581581 0.131553 0.831886
0 0.498013 0.127577 0.0510961 0.0995751 0.810851
0 0.644634 0.929407 0.0581931 0.125844 0.805679
0 0.425761 0.81344 0.0580379 0.127349 0.929534
0 0.26738 0.793456 0.0596186 0.128577 0.928954
0 0.644092 0.929242 0.0577878 0.125115 0.89456
0 0.497976 0.125805 0.0504424 0.101544 0.867134
0 0.627304 0.855438 0.0408891 0.0870077 0.14905
0 0.426224 0.814545 0.0587867 0.133124 0.909613
0 0.2677 0.796809 0.0615368 0.13819 0.902874
0 0.644311 0.931676 0.0593637 0.129487 0.899925
0 0.498874 0.129107 0.0489622 0.101835 0.871335
0 0.627795 0.856318 0.0404758 0.0879215 0.22938
0 0.644391 0.931454 0.0595787 0.129963 0.891196
0 0.425597 0.814012 0.0589223 0.132247 0.880645
0 0.267257 0.797437 0.0622883 0.138732 0.87089
0 0.496724 0.128794 0.0529764 0.102588 0.869042
0 0.644348 0.930718 0.059709 0.129809 0.796299
0 0.425565 0.815168 0.0590416 0.133502 0.795722
0 0.494 0.130012 0.0599341 0.10237 0.793848
0 0.267367 0.796826 0.0616428 0.13627 0.762434
0 0.425998 0.813811 0.0590079 0.128398 0.848877
0 0.498765 0.129111 0.0496024 0.0994745 0.837584
0 0.644883 0.93269 0.0568092 0.12817 0.826726
0 0.266864 0.794238 0.0588519 0.129365 0.81677
0 0.984799 0.758265 0.0224028 0.0424437 0.306546
0 0.425883 0.813183 0.0587445 0.128924 0.824013
0 0.49813 0.12899 0.0492742 0.100522 0.810603
0 0.266905 0.795644 0.0580818 0.131025 0.800429
0 0.643829 0.932861 0.0565553 0.128892 0.796099
0 0.426874 0.812374 0.0598961 0.131551 0.856275
0 0.498788 0.130137 0.0503801 0.101363 0.840742
0 0.267784 0.796217 0.0597613 0.135576 0.834684
0 0.645033 0.932295 0.0571838 0.125477 0.830812
0 0.425872 0.81266 0.0597929 0.129796 0.850443
0 0.497821 0.130385 0.0513718 0.10144 0.836609
0 0.644412 0.931948 0.0576018 0.123381 0.813921
0 0.267101 0.79703 0.0601336 0.136092 0.811085
0 0.425999 0.815881 0.0594384 0.12863 0.853817
0 0.645401 0.932023 0.0584162 0.127513 0.831114
0 0.267168 0.796649 0.0608682 0.135893 0.824134
0 0.499233 0.126832 0.0501855 0.100935 0.813561
0 0.426155 0.81583 0.0612027 0.133039 0.855422
0 0.645721 0.9324 0.0582533 0.125635 0.84178
0 0.268617 0.796708 0.0623598 0.13706 0.826876
0 0.497179 0.127617 0.0561032 0.103648 0.815151
0 0.4255 0.8152 0.0594643 0.132892 0.8774
0 0.645068 0.930641 0.0571992 0.123741 0.85388
0 0.267278 0.796156 0.0595485 0.137167 0.849472
0 0.500147 0.127196 0.0458321 0.0985831 0.824976
0 0.425055 0.81659 0.0609842 0.134859 0.807453
0 0.64515 0.931957 0.0579798 0.128343 0.791492
0 0.266815 0.797553 0.0617336 0.13951 0.786105
0 0.499493 0.128405 0.0489965 0.103097 0.754377
0 0.425529 0.815474 0.0599998 0.130112 0.9018
0 0.267627 0.795822 0.0618603 0.135889 0.885664
0 0.498613 0.12846 0.0523075 0.102594 0.853772
0 0.645278 0.930909 0.0582517 0.124454 0.849367
0 0.425056 0.815587 0.0604151 0.132555 0.831527
0 0.268607 0.797399 0.063839 0.13936 0.787859
0 0.497905 0.129609 0.0532041 0.104479 0.784769
0 0.644953 0.931814 0.0584979 0.126651 0.769736
0 0.425265 0.810338 0.059822 0.13294 0.893779
0 0.645136 0.93229 0.059987 0.125734 0.884277
0 0.267525 0.7974 0.0624112 0.137971 0.870221
0 0.499465 0.12746 0.0503798 0.0989137 0.870028
0 0.425377 0.8113 0.0593669 0.128591 0.893982
0 0.645427 0.933781 0.0587543 0.120329 0.887887
0 0.267578 0.79867 0.0611408 0.132818 0.886188
0 0.49974 0.129147 0.0495417 0.0982947 0.866283
0 0.425304 0.809923 0.0598517 0.130201 0.883028
0 0.64456 0.931025 0.0589988 0.125018 0.858984
0 0.267009 0.79626 0.0611115 0.133653 0.848033
0 0.498705 0.128428 0.050499 0.102771 0.817551
0 0.425776 0.811704 0.0589154 0.127132 0.888122
0 0.267799 0.796213 0.0599645 0.132148 0.846277
0 0.64465 0.932552 0.0576294 0.124146 0.837298
0 0.499312 0.129414 0.0492465 0.0996016 0.81806
0 0.425035 0.813141 0.0609259 0.133198 0.869641
0 0.498239 0.128497 0.0531385 0.097787 0.838765
0 0.266574 0.796432 0.0624767 0.136173 0.82186
0 0.64397 0.933608 0.0602774 0.127284 0.81898
0 0.739296 0.92292 0.0200883 0.0468156 0.158462
0 0.424741 0.813294 0.059763 0.128411 0.856674
0 0.267102 0.796217 0.0591681 0.132085 0.832715
0 0.498593 0.128562 0.0515453 0.0952916 0.818263
0 0.644282 0.933123 0.0577586 0.123312 0.805545
0 0.425241 0.812715 0.06017 0.130954 0.878741
0 0.267439 0.795064 0.0617224 0.135299 0.874371
0 0.645137 0.931266 0.0588977 0.121424 0.841436
0 0.499393 0.129059 0.054103 0.0986325 0.816616
0 0.425189 0.816535 0.059806 0.130601 0.865643
0 0.266891 0.79786 0.0618381 0.13513 0.855559
0 0.645335 0.93339 0.0587289 0.124557 0.823778
0 0.498654 0.128632 0.0537413 0.102332 0.823082
0 0.425983 0.814995 0.0599402 0.130474 0.849577
0 0.498611 0.126996 0.0525599 0.10233 0.847429
0 0.644828 0.932307 0.0574962 0.12727 0.829951
0 0.26738 0.795894 0.0608034 0.133764 0.822796
0 0.498101 0.126327 0.0524825 0.102355 0.832188
0 0.425398 0.814746 0.0605759 0.133891 0.826327
0 0.644103 0.932688 0.0570785 0.128741 0.801229
0 0.267221 0.796746 0.0601639 0.137918 0.796518
0 0.425945 0.813372 0.0589373 0.134984 0.905703
0 0.267172 0.792684 0.059673 0.135317 0.891639
0 0.500573 0.126164 0.0501965 0.0992737 0.883352
0 0.645055 0.930566 0.0564401 0.1265 0.862573
0 0.42522 0.816069 0.0609077 0.137802 0.859139
0 0.266921 0.794116 0.0617375 0.136921 0.837753
0 0.64554 0.93117 0.0581583 0.129568 0.830362
0 0.50069 0.126165 0.0527642 0.100175 0.825575
0 0.425517 0.814898 0.0594607 0.13354 0.915889
0 0.64477 0.932108 0.0583068 0.127067 0.891312
0 0.266818 0.793527 0.0611084 0.130746 0.881375
0 0.499524 0.127483 0.0493511 0.0994478 0.872579
0 0.425785 0.814901 0.0598062 0.135596 0.864357
0 0.644861 0.932327 0.0584063 0.126406 0.833433
0 0.499658 0.127653 0.0501806 0.099188 0.831115
0 0.267342 0.795871 0.060999 0.133922 0.824901
0 0.425523 0.814406 0.0587336 0.138058 0.914337
0 0.266741 0.794545 0.059405 0.135326 0.898788
0 0.644146 0.930965 0.0565794 0.12745 0.870891
0 0.499519 0.127105 0.0497977 0.0981231 0.829634
0 0.425539 0.815041 0.0589534 0.135143 0.894098
0 0.266779 0.794899 0.0597564 0.132901 0.874112
0 0.644428 0.929811 0.0563928 0.126327 0.848737
0 0.500427 0.127881 0.0497372 0.0991808 0.834041
0 0.484551 0.534223 0.0423833 0.0395223 0.11332
0 0.425927 0.817541 0.0586646 0.134179 0.904832
0 0.266816 0.796548 0.059067 0.134044 0.892414
0 0.500683 0.129078 0.0490175 0.102425 0.860123
0 0.644401 0.929836 0.0555413 0.130576 0.85062
0 0.483859 0.534244 0.0451923 0.0414847 0.136335
0 0.42577 0.814721 0.0581138 0.129447 0.882012
0 0.267487 0.793086 0.0595918 0.131361 0.872216
0 0.500683 0.128303 0.0481481 0.100124 0.853217
0 0.644009 0.928729 0.0569963 0.126274 0.833727
0 0.267276 0.795236 0.0610748 0.133128 0.884982
0 0.499916 0.128193 0.0494654 0.0981515 0.881493
0 0.425156 0.8149 0.059627 0.130716 0.87939
0 0.64329 0.930974 0.0606138 0.130578 0.831026
0 0.266799 0.795279 0.0596956 0.128388 0.86346
0 0.424958 0.814646 0.0587029 0.129781 0.84575
0 0.500093 0.127735 0.0494418 0.0981486 0.840084
0 0.643928 0.931654 0.0579123 0.129629 0.815316
0 0.424697 0.813417 0.0587109 0.130405 0.902704
0 0.2668 0.793564 0.060698 0.125828 0.887489
0 0.644707 0.929403 0.0566018 0.123473 0.875493
0 0.500256 0.128953 0.0507688 0.100757 0.870433
0 0.425024 0.814712 0.0595254 0.131362 0.878239
0 0.644667 0.929613 0.0567604 0.12482 0.862093
0 0.267021 0.794264 0.0605725 0.12862 0.849105
0 0.500748 0.129024 0.0517111 0.103478 0.840363
0 0.42497 0.813333 0.0590329 0.132065 0.902041
0 0.266967 0.793944 0.0604764 0.132625 0.890893
0 0.644599 0.928749 0.0550374 0.126215 0.883677
0 0.500033 0.127544 0.0518781 0.102359 0.863242
0 0.484039 0.534497 0.0441107 0.044934 0.328082
0 0.267081 0.793987 0.0599891 0.129655 0.903944
0 0.42534 0.813364 0.058992 0.129246 0.893608
0 0.645275 0.930594 0.0551109 0.121309 0.863488
0 0.500077 0.128733 0.0516621 0.097649 0.841377
0 0.483749 0.5349 0.0445166 0.0432327 0.303987
0 0.267029 0.793791 0.0617493 0.135402 0.919604
0 0.425197 0.811993 0.0605062 0.134696 0.91575
0 0.644357 0.928549 0.0556931 0.12631 0.884169
0 0.499779 0.127274 0.0524659 0.100439 0.882414
0 0.267386 0.795525 0.0606599 0.136147 0.896995
0 0.425286 0.81309 0.0598089 0.135345 0.886119
0 0.499551 0.12796 0.0504836 0.0998314 0.852612
0 0.644536 0.931338 0.0572098 0.128096 0.844947
0 0.644452 0.929626 0.0577635 0.126319 0.865701
0 0.266927 0.795558 0.0615673 0.131834 0.865285
0 0.42483 0.811045 0.0604384 0.129603 0.861752
0 0.499153 0.128769 0.0527441 0.102391 0.828655
0 0.425534 0.81113 0.0586967 0.127146 0.889747
0 0.267661 0.795987 0.0595147 0.13068 0.883918
0 0.645055 0.929734 0.0564255 0.125702 0.878117
0 0.499677 0.128095 0.0507256 0.0995225 0.852883
0 0.424464 0.813982 0.0605082 0.133253 0.829921
0 0.645442 0.929671 0.0564955 0.125904 0.810205
0 0.267057 0.79642 0.0614472 0.135384 0.810127
0 0.499403 0.129366 0.0521464 0.102722 0.790558
0 0.424855 0.813831 0.0595012 0.131339 0.917124
0 0.267302 0.796079 0.0613472 0.135448 0.893412
0 0.645823 0.928889 0.0565492 0.125092 0.892414
0 0.499733 0.12814 0.0510392 0.0985106 0.882631
0 0.425107 0.813914 0.0588591 0.131704 0.905688
0 0.499788 0.12795 0.0502326 0.0970432 0.881481
0 0.645449 0.928887 0.0558022 0.127458 0.862791
0 0.267507 0.796517 0.0601429 0.136721 0.86216
0 0.425068 0.813356 0.0587898 0.128606 0.908589
0 0.499681 0.127887 0.0505473 0.0960876 0.888078
0 0.26769 0.796926 0.060316 0.133831 0.862885
0 0.645342 0.929937 0.0562695 0.125752 0.860347
0 0.425162 0.812101 0.0581211 0.123894 0.865318
0 0.499895 0.128808 0.0508036 0.0984559 0.860065
0 0.266946 0.7956 0.0595551 0.129447 0.853115
0 0.644547 0.930797 0.0553997 0.124106 0.847597
0 0.484306 0.539415 0.0350977 0.0474185 0.170317
0 0.425161 0.812688 0.0593117 0.132906 0.901022
0 0.266652 0.796092 0.0610035 0.135403 0.879802
0 0.644043 0.930233 0.0562536 0.128326 0.875188
0 0.499365 0.129793 0.0518014 0.102231 0.86971
0 0.484167 0.537844 0.0365738 0.049846 0.222392
0 0.425792 0.812961 0.0575915 0.126464 0.876365
0 0.266882 0.795116 0.0596578 0.129416 0.851948
0 0.643983 0.93154 0.0555481 0.123786 0.850352
0 0.4994 0.130583 0.0507033 0.0993976 0.846234
0 0.424724 0.813897 0.0582464 0.131002 0.89451
0 0.499289 0.129277 0.0508159 0.0992141 0.864564
0 0.267053 0.794703 0.0612409 0.134399 0.860091
0 0.644237 0.930795 0.0573956 0.12633 0.855151
0 0.425039 0.814818 0.0578347 0.129444 0.893073
0 0.499638 0.127032 0.0511127 0.0988199 0.850134
0 0.645232 0.930614 0.0588502 0.128182 0.842618
0 0.267478 0.79347 0.0617367 0.131979 0.831612
0 0.425338 0.813928 0.0580885 0.129375 0.909276
0 0.267269 0.794502 0.0617922 0.13126 0.88085
0 0.645599 0.93166 0.0594269 0.129259 0.876461
0 0.49976 0.128379 0.05195 0.100225 0.868424
0 0.480585 0.53639 0.0336144 0.0402526 0.123822
0 0.425243 0.812695 0.0589599 0.132415 0.887317
0 0.499995 0.128404 0.0520504 0.102472 0.876109
0 0.266827 0.793936 0.0619041 0.133868 0.872711
0 0.64511 0.930924 0.0586405 0.132021 0.856284
0 0.480199 0.536772 0.0325859 0.0414949 0.298804
0 0.425249 0.811875 0.0568039 0.126705 0.901569
0 0.26695 0.792664 0.0597461 0.127464 0.882969
0 0.499637 0.128587 0.0505683 0.0995037 0.877953
0 0.644999 0.93058 0.0565613 0.129189 0.865019
0 0.481281 0.537975 0.0345677 0.042165 0.456682
0 0.62707 0.852419 0.0360221 0.0739658 0.158998
0 0.424732 0.813459 0.059357 0.134289 0.886301
0 0.266679 0.794592 0.0624134 0.134393 0.870445
0 0.645191 0.93029 0.0582186 0.131859 0.852338
0 0.499691 0.128966 0.052634 0.101214 0.843528
0 0.48226 0.538248 0.0374936 0.0413988 0.181693
0 0.425367 0.81437 0.0588858 0.134094 0.901742
0 0.267347 0.794487 0.0621621 0.133645 0.887074
0 0.645519 0.93032 0.0575975 0.129779 0.867516
0 0.500323 0.129023 0.0515227 0.0984186 0.856234
0 0.425277 0.81467 0.0596663 0.135028 0.894398
0 0.500424 0.129019 0.0508753 0.101396 0.887866
0 0.268231 0.793397 0.0625702 0.136629 0.87478
0 0.644938 0.930508 0.0574194 0.129404 0.865843
0 0.500411 0.12939 0.0523993 0.0999003 0.872197
0 0.425162 0.813343 0.0600803 0.134272 0.870111
0 0.644566 0.93006 0.05722 0.127293 0.842691
0 0.267872 0.792613 0.0623006 0.134176 0.827285
0 0.425584 0.813923 0.0585753 0.132146 0.93011
0 0.500455 0.130331 0.050963 0.101665 0.918002
0 0.644883 0.930265 0.0560262 0.12583 0.898155
0 0.267951 0.793279 0.0597101 0.128008 0.876189
0 0.480346 0.538098 0.0324742 0.038955 0.148617
0 0.425012 0.814398 0.060294 0.134146 0.874396
0 0.499624 0.130221 0.0528214 0.103829 0.873919
0 0.644614 0.930407 0.0573171 0.129326 0.852531
0 0.266793 0.793341 0.0625652 0.13013 0.847093
0 0.425972 0.813484 0.0592664 0.127599 0.888396
0 0.267013 0.793545 0.0612643 0.127751 0.865671
0 0.645214 0.930192 0.0550472 0.124283 0.848593
0 0.500144 0.129039 0.0510866 0.0969024 0.844281
0 0.425737 0.813598 0.0591978 0.12761 0.923002
0 0.266471 0.794548 0.0611796 0.130537 0.900776
0 0.644703 0.930929 0.0553607 0.126169 0.883547
0 0.500014 0.129036 0.0509756 0.0989908 0.877714
0 0.477295 0.537161 0.0262938 0.0409274 0.111434
0 0.425608 0.81239 0.0592452 0.124464 0.881582
0 0.267151 0.793417 0.0612073 0.127911 0.846471
0 0.64479 0.931005 0.0564303 0.123903 0.839561
0 0.500265 0.128758 0.0516021 0.102274 0.833745
0 0.425706 0.814034 0.0586626 0.128119 0.896651
0 0.645296 0.931966 0.0564501 0.12388 0.882332
0 0.267123 0.794707 0.0618189 0.129132 0.881354
0 0.500466 0.12866 0.0512263 0.102813 0.871904
0 0.482548 0.539823 0.0292353 0.0417558 0.111846
0 0.425381 0.812007 0.0578489 0.127639 0.907614
0 0.64461 0.931072 0.0569526 0.124657 0.894895
0 0.26673 0.793154 0.061276 0.12766 0.892113
0 0.499706 0.127629 0.0513366 0.102677 0.873609
0 0.425646 0.81336 0.0574944 0.128987 0.913022
0 0.267512 0.794911 0.0612667 0.128242 0.895739
0 0.645539 0.930776 0.0568346 0.122899 0.887025
0 0.500131 0.129072 0.0509448 0.101106 0.863583
0 0.425416 0.813428 0.059916 0.131523 0.899255
0 0.267113 0.793484 0.0623266 0.134117 0.892194
0 0.645221 0.928187 0.057131 0.127402 0.891333
0 0.500044 0.127037 0.050616 0.0973969 0.854258
0 0.425184 0.813858 0.0599966 0.130836 0.886185
0 0.266788 0.794103 0.0617737 0.13259 0.860466
0 0.644818 0.928646 0.0569144 0.125361 0.851232
0 0.499972 0.129053 0.0506666 0.0995647 0.819413
0 0.425451 0.811927 0.0588489 0.124022 0.908628
0 0.266667 0.792672 0.0603331 0.12238 0.90282
0 0.644681 0.930132 0.0563815 0.121087 0.900288
0 0.50068 0.128653 0.0488296 0.0966973 0.871145
0 0.644361 0.929092 0.0556278 0.124108 0.892417
0 0.424877 0.812211 0.0593281 0.129107 0.886768
0 0.267173 0.793419 0.060232 0.128592 0.87458
0 0.500022 0.129062 0.0501621 0.0996078 0.845237
0 0.425597 0.812109 0.0590733 0.128981 0.892906
0 0.644618 0.929718 0.0554187 0.124168 0.869761
0 0.267467 0.79323 0.0605212 0.127473 0.854532
0 0.501218 0.127761 0.0498692 0.0980376 0.839745
0 0.425217 0.812598 0.0607155 0.133224 0.916513
0 0.644675 0.928858 0.0574568 0.126132 0.898271
0 0.268064 0.794211 0.0623735 0.131607 0.889055
0 0.500651 0.127312 0.051807 0.0981895 0.87483
0 0.42489 0.81308 0.0600211 0.134127 0.878789
0 0.267338 0.794614 0.0625694 0.132913 0.870433
0 0.644474 0.930147 0.0562589 0.126678 0.860749
0 0.499962 0.127898 0.0506735 0.099676 0.844465
0 0.425581 0.812644 0.0614881 0.132101 0.905328
0 0.267825 0.794768 0.0632611 0.135213 0.886499
0 0.645242 0.930258 0.0573965 0.128664 0.883674
0 0.500946 0.128897 0.051186 0.102116 0.876987
0 0.424685 0.81302 0.0599437 0.129804 0.905125
0 0.266267 0.794921 0.0608514 0.131706 0.887426
0 0.644214 0.931058 0.0572076 0.12885 0.878687
0 0.49978 0.130041 0.051115 0.100545 0.864251
0 0.425292 0.813927 0.0591137 0.130028 0.889914
0 0.266871 0.795046 0.0601766 0.131083 0.870658
0 0.500385 0.130102 0.0513314 0.100013 0.867031
0 0.644807 0.931142 0.0571694 0.130508 0.866684
0 0.425413 0.813138 0.0583776 0.127689 0.895855
0 0.499811 0.129385 0.0492314 0.095417 0.882487
0 0.645554 0.9304 0.0579899 0.127941 0.87559
0 0.26752 0.794484 0.0601458 0.130162 0.869842
0 0.425377 0.813509 0.0589125 0.126595 0.900573
0 0.499986 0.129503 0.0494447 0.095176 0.890683
0 0.645401 0.930545 0.0573739 0.126859 0.884784
0 0.267269 0.794767 0.0611148 0.129204 0.867222
