0 0.461046 0.716633 0.0879879 0.0376575 0.763168
0 0.210182 0.407305 0.136124 0.0485737 0.762047
0 0.827222 0.391644 0.078406 0.0431756 0.657945
0 0.18455 0.561493 0.0920948 0.0354854 0.360105
0 0.692142 0.605434 0.110416 0.0408052 0.308209
0 0.255249 0.255366 0.119047 0.0435364 0.180694
0 0.226562 0.263508 0.17882 0.0596975 0.779969
0 0.4569 0.716156 0.101036 0.0471162 0.643834
0 0.208603 0.40946 0.149656 0.0545571 0.581131
0 0.186416 0.559972 0.100292 0.0427122 0.50429
0 0.825897 0.38981 0.0808766 0.048271 0.467203
0 0.683069 0.603994 0.118029 0.042868 0.284666
0 0.231802 0.264682 0.190904 0.0640777 0.649973
0 0.215509 0.410304 0.140971 0.056228 0.487057
0 0.462178 0.719665 0.0949081 0.0516772 0.412432
0 0.82737 0.390114 0.0865218 0.0480124 0.199388
0 0.218378 0.560899 0.166401 0.0534693 0.128316
0 0.187396 0.56106 0.100791 0.0452244 0.706804
0 0.826172 0.388248 0.0868167 0.046602 0.685547
0 0.217266 0.409625 0.128564 0.0529545 0.640428
0 0.691827 0.603409 0.0695186 0.0401939 0.609245
0 0.460633 0.720765 0.0850234 0.0510107 0.58953
0 0.259135 0.261614 0.121924 0.0551094 0.520738
0 0.235889 0.555933 0.114015 0.0460192 0.151741
0 0.825308 0.389896 0.0970787 0.0491811 0.953381
0 0.461643 0.720727 0.0922715 0.0519015 0.927192
0 0.214254 0.410119 0.136258 0.0530062 0.920077
0 0.68406 0.604019 0.109259 0.0421115 0.857356
0 0.261234 0.261673 0.133275 0.0560012 0.838292
0 0.189449 0.56129 0.112683 0.0500729 0.826708
0 0.218595 0.267733 0.159248 0.0517718 0.311265
0 0.82685 0.39087 0.0903675 0.0475186 0.875433
0 0.46232 0.721125 0.0825318 0.0500286 0.818495
0 0.214532 0.411368 0.130763 0.0517152 0.784486
0 0.250241 0.263208 0.160857 0.057385 0.767454
0 0.215362 0.560523 0.171069 0.0518758 0.642159
0 0.753828 0.517903 0.335052 0.132502 0.58063
0 0.682895 0.604275 0.106034 0.0394793 0.431445
0 0.763695 0.69058 0.327758 0.170051 0.184537
0 0.748529 0.520399 0.329809 0.147465 0.914834
0 0.754458 0.698935 0.321014 0.150434 0.826114
0 0.23148 0.26082 0.188799 0.0582642 0.543267
0 0.826442 0.389513 0.0905724 0.0483345 0.537168
0 0.210791 0.409767 0.12825 0.0558435 0.465482
0 0.460259 0.720001 0.088441 0.0545431 0.314838
0 0.680267 0.60375 0.102868 0.0424011 0.289493
0 0.215468 0.559081 0.1738 0.0540911 0.254844
0 0.763414 0.585418 0.315419 0.231121 0.10259
0 0.827282 0.389594 0.0917214 0.0471559 0.978494
0 0.211363 0.409621 0.134249 0.054597 0.97405
0 0.250863 0.260856 0.154322 0.0567364 0.970636
0 0.459819 0.720366 0.0940367 0.0538195 0.956031
0 0.186991 0.562283 0.108777 0.0485609 0.90494
0 0.682346 0.60445 0.105936 0.0423589 0.786
0 0.215441 0.55693 0.182008 0.0519696 0.399935
0 0.202972 0.273634 0.106271 0.0350833 0.239673
0 0.826876 0.389267 0.0911118 0.0469651 0.867872
0 0.459507 0.719553 0.0875708 0.0513451 0.856917
0 0.212909 0.408748 0.137489 0.0556399 0.852873
0 0.259421 0.260182 0.134871 0.0568408 0.844502
0 0.7506 0.52149 0.335094 0.150854 0.725546
0 0.217155 0.558254 0.179123 0.0527672 0.700538
0 0.758183 0.697031 0.320591 0.158649 0.588198
0 0.682072 0.603531 0.0945552 0.0398079 0.291971
0 0.755949 0.73724 0.281522 0.0780492 0.122057
0 0.763634 0.583743 0.323407 0.249984 0.103716
0 0.826384 0.389134 0.0912763 0.0447944 0.743103
0 0.457073 0.719528 0.0842918 0.0504493 0.693219
0 0.214662 0.408443 0.13009 0.0521047 0.608473
0 0.262627 0.260419 0.122326 0.0539806 0.570988
0 0.191691 0.559539 0.110165 0.050283 0.515577
0 0.687653 0.603446 0.100148 0.0400631 0.463737
0 0.826271 0.388864 0.0944056 0.0480184 0.952214
0 0.460895 0.720555 0.0951461 0.0528568 0.917947
0 0.214199 0.409118 0.136213 0.0535817 0.917531
0 0.247333 0.262176 0.157259 0.060273 0.916304
0 0.191733 0.560186 0.11894 0.0518808 0.855635
0 0.685402 0.605007 0.107145 0.0413917 0.792597
0 0.828079 0.387623 0.0895329 0.0452397 0.845044
0 0.262696 0.260886 0.125391 0.0537236 0.737266
0 0.215532 0.408328 0.126941 0.0503454 0.713404
0 0.460766 0.718703 0.0875044 0.0480855 0.706565
0 0.19041 0.559753 0.106595 0.0473544 0.577161
0 0.689664 0.603866 0.0969192 0.0372093 0.527996
0 0.189599 0.410508 0.189674 0.057727 0.587636
0 0.825828 0.38953 0.0941983 0.0466433 0.584374
0 0.459906 0.720567 0.0908414 0.0546179 0.5674
0 0.233187 0.261896 0.185624 0.0580236 0.566064
0 0.686848 0.603788 0.101549 0.0415953 0.511471
0 0.189543 0.561273 0.113341 0.05301 0.467633
0 0.1895 0.561786 0.110667 0.0523254 0.86196
0 0.241752 0.262228 0.163687 0.060183 0.860635
0 0.212352 0.410012 0.135129 0.0575691 0.847035
0 0.825545 0.390066 0.0903534 0.0475491 0.802174
0 0.461706 0.720386 0.0852047 0.052816 0.717314
0 0.689904 0.60345 0.0949105 0.0412382 0.657601
0 0.460672 0.719274 0.0760073 0.0448728 0.820357
0 0.212551 0.409478 0.124413 0.050094 0.784641
0 0.827324 0.389727 0.0868308 0.0471475 0.658023
0 0.690964 0.60451 0.128107 0.0438987 0.635689
0 0.262318 0.260088 0.101918 0.0465406 0.608475
0 0.188772 0.561372 0.0945661 0.0403613 0.510183
0 0.247025 0.555316 0.0843732 0.0422209 0.377338
0 0.836989 0.290641 0.087801 0.0756823 0.24124
0 0.831105 0.302898 0.0633026 0.0476677 0.169219
0 0.223745 0.266227 0.133439 0.0414401 0.119531
0 0.195151 0.410674 0.158676 0.0557499 0.761353
0 0.241484 0.262261 0.152891 0.0559938 0.68349
0 0.825395 0.389848 0.0946118 0.0457045 0.578607
0 0.458073 0.717908 0.0885216 0.0484596 0.450088
0 0.200407 0.560388 0.12845 0.0504994 0.404924
0 0.689955 0.603866 0.126384 0.0437996 0.247377
0 0.299178 0.42743 0.484628 0.143682 0.237567
0 0.421615 0.727038 0.452294 0.118523 0.14065
0 0.208157 0.41225 0.142733 0.0573674 0.498387
0 0.26303 0.263465 0.129456 0.056864 0.390009
0 0.827763 0.389877 0.0916294 0.0456669 0.373733
0 0.461539 0.71849 0.0922783 0.0447316 0.304326
0 0.693801 0.604441 0.122803 0.0427828 0.29334
0 0.196767 0.561578 0.13205 0.0476635 0.153216
0 0.144097 0.644846 0.0457226 0.0118868 0.107383
0 0.255007 0.262008 0.145396 0.0598291 0.691626
0 0.188471 0.410982 0.184022 0.0596306 0.691592
0 0.767448 0.700663 0.342176 0.156942 0.677727
0 0.190278 0.560257 0.114375 0.0511856 0.660131
0 0.462452 0.719007 0.0991236 0.0535229 0.628798
0 0.823995 0.388799 0.0992398 0.0453646 0.484389
0 0.687781 0.604212 0.118791 0.0466506 0.290049
0 0.414353 0.729423 0.420453 0.125965 0.254991
0 0.144644 0.645539 0.0519744 0.0176252 0.130391
0 0.260804 0.260539 0.138559 0.0543243 0.72614
0 0.19004 0.560808 0.104561 0.0444 0.705032
0 0.193715 0.409576 0.181786 0.0525756 0.684605
0 0.828099 0.389293 0.0881283 0.0408832 0.443249
0 0.458606 0.715207 0.0907528 0.0397057 0.426705
0 0.747458 0.5265 0.296007 0.152012 0.113729
0 0.689478 0.604212 0.114307 0.0403608 0.106033
0 0.193138 0.411749 0.179291 0.0577571 0.80792
0 0.255805 0.262512 0.150866 0.0584994 0.801605
0 0.190855 0.562067 0.110535 0.0474105 0.785133
0 0.826396 0.392724 0.100238 0.0425678 0.724774
0 0.461175 0.720906 0.0976265 0.0478739 0.716191
0 0.756128 0.522282 0.282018 0.1452 0.240155
0 0.687929 0.605772 0.117854 0.0425822 0.115227
0 0.774421 0.586473 0.302085 0.161492 0.106123
0 0.193481 0.411247 0.175289 0.0586631 0.742054
0 0.258716 0.261614 0.136784 0.0586137 0.708095
0 0.827171 0.39023 0.0915353 0.0463948 0.644142
0 0.187396 0.561369 0.111493 0.0494214 0.49664
0 0.459872 0.718018 0.0918769 0.0479719 0.384407
0 0.783673 0.736435 0.24572 0.0769904 0.152226
0 0.191496 0.411225 0.172405 0.0567034 0.886097
0 0.258433 0.261612 0.134001 0.0571177 0.855536
0 0.826844 0.390114 0.0950942 0.0453355 0.83632
0 0.188019 0.561451 0.112224 0.0485289 0.674819
0 0.461197 0.719403 0.100519 0.0467508 0.621447
0 0.78646 0.736334 0.237384 0.0741183 0.141654
0 0.762862 0.625513 0.335955 0.17021 0.139911
0 0.186997 0.560957 0.108773 0.0468087 0.920031
0 0.191886 0.410274 0.183017 0.058442 0.898104
0 0.827197 0.389739 0.0933867 0.0445509 0.877029
0 0.257461 0.261382 0.140955 0.0595279 0.871567
0 0.461273 0.718829 0.0949838 0.0518001 0.76759
0 0.757341 0.621714 0.3222 0.162312 0.373848
0 0.673054 0.29791 0.262919 0.154412 0.196283
0 0.189483 0.559914 0.109258 0.0496775 0.87974
0 0.826329 0.390351 0.0947577 0.0446486 0.865011
0 0.262831 0.260651 0.13136 0.0596244 0.770906
0 0.203813 0.408884 0.158762 0.0575888 0.760661
0 0.461067 0.717696 0.0887291 0.0526772 0.703183
0 0.188168 0.560353 0.111087 0.0484103 0.924337
0 0.82667 0.390685 0.0955179 0.0444798 0.922869
0 0.262688 0.260785 0.12849 0.0554717 0.888464
0 0.212236 0.40963 0.142178 0.0543955 0.874128
0 0.45914 0.718415 0.0901581 0.0504385 0.834545
0 0.688547 0.60456 0.110944 0.0417963 0.493428
0 0.663169 0.294372 0.232589 0.133303 0.243773
0 0.216308 0.264336 0.148865 0.0563696 0.211234
0 0.208914 0.409761 0.140642 0.0546452 0.692306
0 0.186989 0.560647 0.11391 0.0484417 0.668823
0 0.825892 0.390446 0.0975792 0.0441846 0.654579
0 0.2612 0.261396 0.129805 0.0543024 0.534649
0 0.46056 0.71768 0.0932569 0.0495096 0.427831
0 0.660281 0.29768 0.238438 0.145285 0.162044
0 0.688464 0.604786 0.113616 0.0405947 0.115378
0 0.214321 0.264657 0.147694 0.0559005 0.111988
0 0.188147 0.560223 0.111254 0.0507416 0.846885
0 0.209981 0.409738 0.132901 0.0555061 0.815029
0 0.827067 0.390501 0.0941382 0.0436412 0.812901
0 0.262204 0.260889 0.124328 0.0559689 0.762659
0 0.46113 0.716991 0.0841977 0.0482817 0.736621
0 0.692082 0.603866 0.101328 0.0424641 0.240805
0 0.189421 0.560649 0.115809 0.0518323 0.863647
0 0.826413 0.390815 0.0975524 0.0423311 0.828137
0 0.210354 0.410243 0.135317 0.0559393 0.827944
0 0.26051 0.261135 0.130145 0.0575141 0.814712
0 0.46029 0.717626 0.0855257 0.048699 0.80614
0 0.690037 0.603844 0.106812 0.042276 0.310863
0 0.4617 0.717852 0.088259 0.0503216 0.894549
0 0.211112 0.4096 0.149332 0.05637 0.873777
0 0.260968 0.260444 0.132973 0.0572331 0.870012
0 0.194181 0.559757 0.12322 0.051664 0.868514
0 0.826979 0.390182 0.100725 0.0434546 0.808926
0 0.691231 0.603676 0.112396 0.0415354 0.352622
0 0.462431 0.718977 0.0880819 0.0513706 0.825255
0 0.212283 0.410255 0.136061 0.0563332 0.783405
0 0.192362 0.560339 0.122607 0.0506694 0.741265
0 0.827171 0.390355 0.0944598 0.0442238 0.737387
0 0.261068 0.261543 0.128879 0.0552937 0.720703
0 0.68769 0.605255 0.106943 0.0412664 0.219982
0 0.461992 0.717265 0.0811226 0.0469998 0.911674
0 0.211321 0.409619 0.130887 0.0563349 0.909452
0 0.827174 0.389706 0.0907295 0.0436995 0.906503
0 0.186353 0.560413 0.113633 0.0488701 0.906013
0 0.262765 0.26037 0.127802 0.0547699 0.880781
0 0.688438 0.603997 0.0983314 0.0406189 0.341835
0 0.825816 0.39044 0.095522 0.0413218 0.868361
0 0.461014 0.718779 0.0840661 0.0472734 0.857956
0 0.187469 0.560935 0.11339 0.0488338 0.829596
0 0.26289 0.261748 0.126392 0.0548156 0.793738
0 0.212302 0.40953 0.135611 0.054115 0.761438
0 0.688496 0.603583 0.106553 0.0403864 0.761311
0 0.460493 0.715666 0.0823213 0.0402952 0.856732
0 0.827048 0.39061 0.0961042 0.0420899 0.839437
0 0.188183 0.560072 0.110554 0.0490637 0.83788
0 0.213697 0.408616 0.133335 0.0529887 0.821369
0 0.692713 0.603539 0.104514 0.0411957 0.811862
0 0.264314 0.260019 0.119236 0.0525832 0.752402
0 0.139396 0.646345 0.0439763 0.0161875 0.156695
0 0.19164 0.273628 0.104018 0.0363196 0.131455
0 0.210965 0.409423 0.138676 0.0557415 0.906901
0 0.188001 0.560948 0.116631 0.0496918 0.869308
0 0.25956 0.260653 0.130825 0.055834 0.861373
0 0.827734 0.391261 0.0955789 0.0442961 0.847163
0 0.459624 0.717406 0.0873392 0.0479144 0.807905
0 0.692458 0.603938 0.106073 0.0421072 0.760175
0 0.828511 0.390877 0.0911479 0.0440406 0.85295
0 0.211021 0.409494 0.134152 0.0557587 0.779347
0 0.262773 0.260444 0.126808 0.0553524 0.771076
0 0.693349 0.604441 0.101829 0.0404183 0.714743
0 0.189676 0.560076 0.116879 0.0505653 0.710202
0 0.46187 0.715286 0.0778394 0.0426376 0.614712
0 0.14068 0.646107 0.040898 0.0163627 0.159729
0 0.827215 0.390971 0.0906523 0.0429023 0.908111
0 0.260737 0.26078 0.130891 0.0572204 0.850057
0 0.206842 0.409249 0.147638 0.0566444 0.847756
0 0.189187 0.560507 0.115709 0.0508177 0.821118
0 0.460758 0.717341 0.0827844 0.0481746 0.698113
0 0.68992 0.604538 0.110668 0.0409281 0.692701
0 0.142175 0.646063 0.0484012 0.0174946 0.308672
0 0.826546 0.390401 0.0914625 0.0422952 0.822213
0 0.260526 0.260536 0.130458 0.0560261 0.802068
0 0.212962 0.409271 0.133582 0.0550766 0.790849
0 0.188676 0.559946 0.116113 0.0501973 0.761113
0 0.462521 0.713621 0.0827482 0.0361791 0.614036
0 0.690394 0.604141 0.10762 0.0405614 0.513477
0 0.212646 0.408938 0.135212 0.0542021 0.864797
0 0.826329 0.391433 0.0932881 0.0442377 0.856444
0 0.259792 0.26087 0.12873 0.055988 0.850991
0 0.18893 0.560833 0.114408 0.0492977 0.819823
0 0.691949 0.604507 0.106043 0.0409122 0.703426
0 0.461838 0.712977 0.0813473 0.0361357 0.696466
0 0.258029 0.261119 0.128555 0.0540308 0.882423
0 0.210573 0.409303 0.135454 0.053204 0.880482
0 0.82608 0.390767 0.0937848 0.04281 0.840045
0 0.189112 0.560603 0.115419 0.0486344 0.834205
0 0.460171 0.71337 0.0810683 0.0361695 0.810299
0 0.692378 0.60478 0.105959 0.0404501 0.788271
0 0.259059 0.260848 0.129828 0.0552516 0.851973
0 0.211982 0.409053 0.136219 0.0545823 0.837962
0 0.191572 0.560237 0.121262 0.0501547 0.766782
0 0.828152 0.390076 0.095324 0.043873 0.76552
0 0.460717 0.713276 0.0859681 0.0402954 0.657127
0 0.696649 0.604612 0.103525 0.0399605 0.582794
0 0.211544 0.408662 0.132578 0.0535933 0.923073
0 0.259691 0.260433 0.127393 0.0539476 0.90239
0 0.189444 0.560128 0.113641 0.0477751 0.874762
0 0.826914 0.389685 0.0935789 0.0438185 0.8698
0 0.459625 0.71208 0.080852 0.0377113 0.810887
0 0.690839 0.604336 0.107224 0.0399569 0.767616
0 0.212285 0.409865 0.134737 0.0556677 0.933274
0 0.260011 0.262489 0.128793 0.0565515 0.915502
0 0.827846 0.390317 0.0935313 0.0444873 0.852613
0 0.19166 0.560526 0.11551 0.0493795 0.836705
0 0.462033 0.714563 0.0838769 0.0397776 0.813137
0 0.691897 0.605069 0.107642 0.040391 0.783176
0 0.21103 0.409615 0.134516 0.0556899 0.909234
0 0.257941 0.26249 0.13066 0.0573876 0.890826
0 0.460296 0.715772 0.0822039 0.0432401 0.881292
0 0.825743 0.390127 0.0927387 0.0443307 0.865832
0 0.188855 0.560143 0.111163 0.0491236 0.831097
0 0.690821 0.604944 0.109483 0.0418202 0.802116
0 0.826735 0.390607 0.0913174 0.043672 0.85329
0 0.460813 0.714816 0.0833108 0.040638 0.833939
0 0.21066 0.409255 0.134384 0.0551668 0.8084
0 0.256866 0.262219 0.132877 0.0569872 0.784735
0 0.19059 0.561015 0.114925 0.0502619 0.748497
0 0.690679 0.605314 0.107743 0.0412841 0.584655
0 0.826151 0.391227 0.0935975 0.0433699 0.87392
0 0.462582 0.712983 0.0861609 0.0364547 0.851791
0 0.21183 0.409809 0.13128 0.0555538 0.850444
0 0.259789 0.261232 0.128419 0.0546493 0.818163
0 0.188862 0.560869 0.111385 0.0483652 0.776399
0 0.691496 0.605298 0.109058 0.041012 0.598103
0 0.674454 0.727663 0.0360207 0.0157604 0.339473
0 0.141189 0.645855 0.0463383 0.0169748 0.187984
0 0.67017 0.723048 0.0457698 0.0227415 0.137945
0 0.210525 0.409906 0.131704 0.0554631 0.818903
0 0.825459 0.391035 0.0939539 0.0438361 0.799376
0 0.259114 0.261053 0.127629 0.0546691 0.779502
0 0.460647 0.712522 0.0844747 0.0364847 0.769021
0 0.186584 0.56102 0.109238 0.0483751 0.757064
0 0.687392 0.604724 0.107233 0.0407009 0.473631
0 0.211923 0.409913 0.137841 0.0540747 0.85511
0 0.827915 0.390539 0.0984478 0.0432852 0.841945
0 0.261297 0.26244 0.129434 0.0553502 0.827386
0 0.192055 0.560427 0.120295 0.0491815 0.798118
0 0.461012 0.71832 0.0856634 0.0464281 0.795908
0 0.691502 0.604933 0.110017 0.0391856 0.435302
0 0.210206 0.409842 0.138644 0.0528982 0.848336
0 0.825862 0.390776 0.0977434 0.0451573 0.835397
0 0.460564 0.71961 0.0875297 0.0491648 0.802706
0 0.257678 0.261835 0.131685 0.0541515 0.798501
0 0.19019 0.560386 0.118781 0.0484661 0.792021
0 0.688573 0.605286 0.106508 0.0390596 0.734524
0 0.210742 0.409747 0.139065 0.0552193 0.85827
0 0.188368 0.560696 0.105062 0.0485859 0.847517
0 0.826963 0.39026 0.0917689 0.0436399 0.846804
0 0.257715 0.261721 0.12903 0.0555032 0.811322
0 0.689099 0.604582 0.102434 0.0415731 0.801699
0 0.462561 0.718687 0.0884814 0.050354 0.793277
0 0.211245 0.410296 0.142077 0.056932 0.851258
0 0.189684 0.561015 0.10962 0.0486522 0.849081
0 0.828155 0.390408 0.0946663 0.0438721 0.847745
0 0.257249 0.262249 0.132634 0.0572795 0.813998
0 0.462316 0.718994 0.0887932 0.0517652 0.759646
0 0.688885 0.604896 0.104286 0.040953 0.639826
0 0.259434 0.261429 0.126029 0.0554202 0.872225
0 0.212525 0.409782 0.134128 0.0560252 0.871321
0 0.827101 0.390148 0.0923208 0.0424997 0.860989
0 0.190034 0.560248 0.113014 0.0496531 0.846274
0 0.46104 0.719117 0.0817777 0.0489881 0.836441
0 0.691105 0.604041 0.0980303 0.0383015 0.738423
0 0.827168 0.390448 0.0937968 0.0431287 0.822666
0 0.211734 0.409428 0.135268 0.0559486 0.811029
0 0.189929 0.560641 0.116048 0.0509367 0.80814
0 0.258836 0.26152 0.12923 0.0577215 0.803027
0 0.460334 0.719522 0.0841991 0.0500438 0.783925
0 0.691736 0.604395 0.100538 0.039187 0.698437
0 0.826678 0.390808 0.0964056 0.043444 0.892235
0 0.212196 0.409927 0.136439 0.054754 0.876437
0 0.189373 0.560278 0.117777 0.0486614 0.87161
0 0.258248 0.261665 0.129016 0.0550304 0.860824
0 0.461571 0.718558 0.0861031 0.049263 0.854816
0 0.693893 0.60445 0.0953752 0.0394309 0.787229
0 0.212458 0.409987 0.137983 0.0568237 0.841545
0 0.826449 0.391293 0.0967237 0.0438238 0.812855
0 0.257663 0.261772 0.131175 0.0569084 0.775759
0 0.459183 0.72066 0.0857204 0.0519991 0.775094
0 0.189602 0.560785 0.117165 0.0489872 0.759028
0 0.692247 0.604736 0.0960284 0.0400807 0.673237
0 0.213087 0.409591 0.137678 0.0557347 0.931974
0 0.257869 0.261901 0.12941 0.0560239 0.893254
0 0.824779 0.390976 0.095925 0.0415848 0.877307
0 0.191424 0.559893 0.119511 0.0508154 0.835798
0 0.461237 0.716143 0.0846065 0.0421429 0.799218
0 0.692498 0.604093 0.0921263 0.0392534 0.527785
0 0.213116 0.409821 0.134553 0.0536732 0.934177
0 0.25822 0.262428 0.127157 0.0548713 0.898522
0 0.825326 0.391842 0.0939173 0.0416512 0.878128
0 0.190745 0.559815 0.117016 0.0489845 0.838388
0 0.461622 0.717384 0.0855829 0.0431263 0.828235
0 0.690404 0.604832 0.0929184 0.0381845 0.491934
0 0.211833 0.408964 0.133787 0.0546875 0.907055
0 0.25767 0.261299 0.128615 0.05558 0.884864
0 0.825289 0.39125 0.096457 0.0439577 0.841981
0 0.190632 0.559322 0.11924 0.0502679 0.828137
0 0.46036 0.717339 0.0866927 0.0472755 0.821968
0 0.690038 0.604099 0.0947699 0.0405081 0.454274
0 0.827368 0.392036 0.0935509 0.0414795 0.870259
0 0.260788 0.262656 0.124178 0.0537751 0.859924
0 0.212832 0.409418 0.130175 0.0544426 0.858589
0 0.460805 0.716834 0.0812124 0.0430937 0.815205
0 0.188631 0.561273 0.111685 0.0475237 0.801346
0 0.692566 0.604307 0.0913337 0.0396227 0.612634
0 0.258317 0.261955 0.130125 0.0559711 0.871626
0 0.826089 0.390954 0.0967468 0.0436049 0.835883
0 0.212837 0.410184 0.133028 0.0563875 0.830058
0 0.46111 0.718413 0.0867477 0.0462949 0.818701
0 0.188066 0.560975 0.114706 0.0489889 0.807723
0 0.690968 0.603857 0.0958742 0.0412178 0.782899
0 0.258819 0.262355 0.125358 0.0540215 0.850176
0 0.213355 0.410024 0.130229 0.0536752 0.834327
0 0.459733 0.715715 0.0833491 0.0397169 0.80103
0 0.826581 0.390977 0.0929462 0.0415325 0.799918
0 0.188321 0.560626 0.110322 0.0471213 0.787012
0 0.690128 0.603758 0.0922747 0.0400699 0.751651
0 0.213969 0.410016 0.136895 0.0545014 0.86981
0 0.258803 0.261417 0.129117 0.0542006 0.847423
0 0.189808 0.560745 0.111867 0.0474809 0.833752
0 0.827956 0.390879 0.0907309 0.0418014 0.822317
0 0.460992 0.714174 0.0863036 0.038497 0.795211
0 0.693393 0.603623 0.0932016 0.040691 0.640388
0 0.212408 0.410586 0.137588 0.0553606 0.844497
0 0.826377 0.391185 0.09327 0.0427128 0.828143
0 0.18799 0.561391 0.110226 0.047481 0.819207
0 0.258872 0.263107 0.127463 0.0567365 0.81324
0 0.460472 0.714211 0.0853795 0.0391464 0.776448
0 0.691706 0.603964 0.0921598 0.0399855 0.577461
0 0.827479 0.39113 0.0943788 0.0434225 0.894386
0 0.214588 0.409693 0.131598 0.05652 0.854699
0 0.261476 0.262216 0.126071 0.058476 0.84628
0 0.69325 0.604172 0.0920116 0.0413084 0.808186
0 0.18886 0.560252 0.111952 0.048097 0.803466
0 0.460843 0.714046 0.0826039 0.0391034 0.791441
0 0.826998 0.391192 0.0952187 0.0440703 0.883323
0 0.212967 0.410099 0.13084 0.0575982 0.846475
0 0.260731 0.262433 0.126902 0.0601133 0.828922
0 0.691905 0.604461 0.0927231 0.0415457 0.804989
0 0.18712 0.560224 0.112074 0.0484352 0.782836
0 0.458915 0.718746 0.0864473 0.0481933 0.764242
0 0.213917 0.409279 0.129399 0.0549604 0.911624
0 0.261235 0.26155 0.124819 0.0570662 0.896953
0 0.827607 0.390857 0.0953932 0.0438304 0.891187
0 0.187245 0.560921 0.109628 0.0479056 0.874099
0 0.460987 0.714632 0.0868441 0.0395075 0.840583
0 0.69373 0.604808 0.0897542 0.0405151 0.833571
0 0.213613 0.409543 0.136226 0.0565132 0.867084
0 0.259498 0.262003 0.128982 0.0591335 0.865645
0 0.82688 0.39069 0.100193 0.0451306 0.838591
0 0.186633 0.561314 0.111084 0.0484266 0.820097
0 0.461529 0.714654 0.0891407 0.0404826 0.814637
0 0.692431 0.604517 0.0920046 0.0398005 0.781346
0 0.212765 0.40972 0.136737 0.0563935 0.901696
0 0.25896 0.261689 0.128384 0.0572092 0.896098
0 0.826009 0.391207 0.0991649 0.0439471 0.892798
0 0.4599 0.713319 0.0813376 0.037975 0.878624
0 0.186812 0.560927 0.112337 0.0479195 0.858811
0 0.691855 0.604771 0.0947655 0.039657 0.778486
0 0.213483 0.409955 0.134248 0.0563658 0.858122
0 0.827061 0.391305 0.0979515 0.0437713 0.853447
0 0.259585 0.261276 0.129235 0.0565595 0.849859
0 0.460923 0.71396 0.0823673 0.0387856 0.841428
0 0.189065 0.56084 0.116809 0.0487735 0.796425
0 0.691393 0.604919 0.0955477 0.0399323 0.677547
0 0.212244 0.409486 0.133129 0.0560436 0.903203
0 0.260927 0.261415 0.125992 0.0569953 0.887774
0 0.826006 0.391147 0.0956319 0.0428698 0.880739
0 0.187774 0.560779 0.110628 0.0486855 0.870324
0 0.459615 0.713518 0.0829035 0.0388414 0.846186
0 0.690638 0.604503 0.0899583 0.0395311 0.352603
0 0.214272 0.408964 0.12774 0.0545309 0.876882
0 0.261028 0.2615 0.125455 0.0563094 0.870003
0 0.82528 0.390709 0.0968594 0.0422549 0.854637
0 0.188116 0.560647 0.110952 0.0477265 0.85396
0 0.460851 0.713535 0.0829678 0.0373724 0.8316
0 0.693456 0.603979 0.086514 0.0383202 0.580022
0 0.212228 0.409356 0.130135 0.0548518 0.888551
0 0.258781 0.261683 0.125526 0.0563917 0.872381
0 0.825203 0.39077 0.0982015 0.0450213 0.871572
0 0.187764 0.560658 0.112063 0.0487307 0.860952
0 0.460396 0.716222 0.0864487 0.0441468 0.852177
0 0.692815 0.6045 0.0931123 0.039945 0.791811
0 0.213492 0.408259 0.127766 0.0532936 0.863578
0 0.260515 0.261101 0.122794 0.053705 0.84595
0 0.826175 0.390263 0.0969139 0.0432209 0.84572
0 0.460569 0.715208 0.0831085 0.0402441 0.84081
0 0.188228 0.560522 0.11175 0.0475146 0.831448
0 0.69424 0.6042 0.0909359 0.0393634 0.805161
0 0.212932 0.409351 0.133576 0.0549492 0.893382
0 0.825876 0.391563 0.0988926 0.0431169 0.888758
0 0.258481 0.262413 0.130516 0.0566518 0.849776
0 0.459501 0.719433 0.0872255 0.0487869 0.841489
0 0.188693 0.560467 0.115157 0.0497742 0.82748
0 0.693493 0.604716 0.101257 0.0406029 0.784334
0 0.211224 0.409292 0.130292 0.0543769 0.854856
0 0.825636 0.391621 0.0979008 0.0431507 0.842002
0 0.258116 0.262388 0.128757 0.0565978 0.82965
0 0.459759 0.715928 0.0870712 0.0416419 0.809341
0 0.188126 0.559997 0.11386 0.0500088 0.789115
0 0.693195 0.604459 0.101629 0.0410609 0.687287
0 0.258577 0.261907 0.129758 0.0562972 0.889667
0 0.211657 0.409262 0.132224 0.0553216 0.888234
0 0.825617 0.390921 0.0943714 0.0422148 0.869339
0 0.187995 0.560287 0.115359 0.0491636 0.855198
0 0.459462 0.715196 0.0861066 0.0402967 0.846296
0 0.690632 0.604354 0.101823 0.0409479 0.234859
0 0.258992 0.2626 0.130209 0.0569935 0.861237
0 0.212199 0.409821 0.134167 0.0562169 0.851679
0 0.82672 0.391996 0.0955695 0.0434552 0.842913
0 0.187874 0.560921 0.115123 0.048786 0.834527
0 0.460732 0.715919 0.0829366 0.0407963 0.810372
0 0.690541 0.60476 0.101831 0.0406007 0.387667
0 0.209873 0.409007 0.132755 0.0550018 0.894179
0 0.258233 0.261353 0.130005 0.0564709 0.883688
0 0.187248 0.560719 0.109105 0.0476614 0.871195
0 0.825034 0.390739 0.0953338 0.0434728 0.853215
0 0.459036 0.715344 0.0834475 0.0422015 0.849843
0 0.688295 0.604399 0.0995874 0.0410612 0.500344
0 0.211449 0.409515 0.128997 0.0526312 0.908914
0 0.825328 0.391249 0.0956116 0.0424082 0.862834
0 0.259797 0.262265 0.127806 0.05306 0.859661
0 0.459041 0.715519 0.0847146 0.0410927 0.853797
0 0.187039 0.561505 0.106911 0.0469087 0.851242
0 0.688231 0.604735 0.098876 0.0408627 0.702129
0 0.211607 0.408797 0.133356 0.0549766 0.928813
0 0.187264 0.560806 0.110131 0.0490198 0.895853
0 0.825582 0.391006 0.0966491 0.0426538 0.88863
0 0.259193 0.26168 0.13051 0.0552927 0.876132
0 0.458495 0.714931 0.0875147 0.0412054 0.862089
0 0.686689 0.604107 0.100247 0.0413731 0.778195
0 0.212159 0.409326 0.131785 0.0549515 0.899202
0 0.187171 0.560949 0.107864 0.0489181 0.869745
0 0.259062 0.262094 0.127962 0.0549442 0.86568
0 0.826641 0.391422 0.093495 0.0430554 0.864477
0 0.458804 0.714741 0.0829014 0.0401835 0.82356
0 0.68856 0.604145 0.0953325 0.0405594 0.754063
0 0.25808 0.261272 0.13009 0.0559696 0.890721
0 0.21077 0.409163 0.13367 0.0544294 0.873408
0 0.826447 0.39066 0.0980647 0.0436115 0.842918
0 0.18673 0.559831 0.111608 0.0498875 0.840778
0 0.458685 0.714048 0.0850246 0.0391698 0.819144
0 0.687644 0.603646 0.100261 0.0396204 0.652988
0 0.260247 0.261535 0.125285 0.0559097 0.912733
0 0.212945 0.409091 0.129707 0.0546295 0.895504
0 0.188054 0.560589 0.111008 0.049419 0.867236
0 0.827499 0.391204 0.0963389 0.0445152 0.862505
0 0.459654 0.714512 0.0846187 0.0400895 0.840388
0 0.689878 0.604099 0.0985271 0.0404251 0.728988
0 0.826425 0.391493 0.0955492 0.044298 0.827803
0 0.259484 0.262379 0.127384 0.0581351 0.822944
0 0.212502 0.409756 0.131189 0.054844 0.810863
0 0.187975 0.560713 0.111898 0.0496634 0.80341
0 0.458995 0.715137 0.0876739 0.0412527 0.795947
0 0.687216 0.60425 0.0962981 0.0402442 0.743601
0 0.212887 0.409481 0.13392 0.0551 0.901204
0 0.259293 0.261741 0.128164 0.0571737 0.893151
0 0.188957 0.560387 0.113278 0.0494052 0.889971
0 0.827177 0.39174 0.0938749 0.0427902 0.886644
0 0.460603 0.714877 0.084327 0.0395458 0.846088
0 0.68958 0.604372 0.0968027 0.0393845 0.810919
0 0.826592 0.391901 0.0953345 0.0423347 0.890599
0 0.188985 0.560666 0.11161 0.0497933 0.884603
0 0.259347 0.261636 0.124918 0.0570556 0.868361
0 0.211176 0.409299 0.131794 0.0547729 0.86139
0 0.459889 0.717425 0.086237 0.0442537 0.850277
0 0.689431 0.604514 0.0988096 0.0400101 0.779777
0 0.259088 0.261686 0.125101 0.0564193 0.89006
0 0.826233 0.391724 0.0968631 0.041992 0.882741
0 0.213353 0.409627 0.129138 0.0543932 0.863582
0 0.188613 0.561103 0.113586 0.0495477 0.862061
0 0.459754 0.71675 0.0855574 0.0427942 0.848204
0 0.690023 0.604406 0.100596 0.0399626 0.765065
0 0.257853 0.261381 0.126682 0.0552054 0.864144
0 0.825956 0.39123 0.0947945 0.0427169 0.855734
0 0.211716 0.408996 0.129142 0.053701 0.853484
0 0.186917 0.560755 0.110173 0.0492727 0.836073
0 0.459636 0.714934 0.0850655 0.039659 0.834106
0 0.691791 0.604205 0.0965454 0.0393181 0.707312
0 0.516776 0.585815 0.0488866 0.0223813 0.103245
0 0.257788 0.261353 0.128792 0.0570871 0.898245
0 0.211213 0.409263 0.131278 0.055523 0.889452
0 0.82549 0.391221 0.0969821 0.044431 0.860007
0 0.458938 0.715846 0.0871199 0.0420631 0.852722
0 0.188621 0.560254 0.117601 0.0525352 0.8522
0 0.690576 0.604046 0.0980991 0.0398769 0.552772
0 0.259506 0.261967 0.124505 0.0541776 0.875299
0 0.211948 0.409143 0.127735 0.0533927 0.875008
0 0.459624 0.715151 0.0829647 0.0392084 0.844911
0 0.825814 0.390879 0.0961432 0.0416782 0.843299
0 0.189022 0.560575 0.114397 0.0494604 0.827014
0 0.690966 0.603965 0.0910646 0.0350809 0.503033
0 0.258785 0.261509 0.125857 0.0552215 0.876041
0 0.212084 0.409147 0.13083 0.0532213 0.873899
0 0.824604 0.390627 0.0978151 0.0428816 0.866773
0 0.45938 0.715098 0.0845844 0.0406892 0.852544
0 0.18818 0.56032 0.115941 0.0493801 0.835383
0 0.688444 0.604371 0.0987722 0.0392749 0.54625
0 0.824667 0.390551 0.098454 0.0434352 0.857129
0 0.212111 0.409113 0.13042 0.0537088 0.843532
0 0.259485 0.261757 0.124611 0.0543122 0.839136
0 0.18878 0.561221 0.118292 0.0503515 0.829889
0 0.45933 0.715803 0.0863082 0.0426603 0.82259
0 0.688387 0.604418 0.0938808 0.0403879 0.454568
0 0.825166 0.390884 0.0980346 0.043815 0.901792
0 0.2125 0.409189 0.134171 0.0540729 0.884956
0 0.259724 0.261675 0.126335 0.054598 0.884862
0 0.188033 0.561193 0.111724 0.0495709 0.868998
0 0.459667 0.717038 0.0853322 0.0441008 0.864529
0 0.689307 0.604471 0.0921476 0.0403387 0.724862
0 0.825787 0.391037 0.0979933 0.0439449 0.890105
0 0.211724 0.409122 0.133149 0.0557679 0.880071
0 0.458546 0.716507 0.0853427 0.0442408 0.872496
0 0.259682 0.260785 0.125928 0.0563285 0.870358
0 0.18801 0.560214 0.113161 0.0512146 0.859524
0 0.689159 0.603853 0.0922088 0.0398226 0.714607
0 0.211219 0.408683 0.12834 0.0536801 0.88517
0 0.825745 0.390922 0.0961453 0.0431871 0.872093
0 0.25883 0.261159 0.121794 0.0530595 0.870746
0 0.458872 0.716879 0.0845071 0.0439829 0.866647
0 0.187108 0.560389 0.107012 0.0485418 0.864742
0 0.691721 0.604381 0.0932797 0.0390549 0.579824
0 0.210247 0.40966 0.135422 0.0561025 0.867148
0 0.257566 0.261099 0.128107 0.054331 0.85176
0 0.824952 0.391192 0.101372 0.0462683 0.822858
0 0.186861 0.560751 0.11288 0.0499926 0.81746
0 0.459642 0.719666 0.0885235 0.050395 0.810017
0 0.694945 0.604665 0.0953603 0.0365378 0.284387
0 0.211855 0.409837 0.135724 0.0563852 0.884768
0 0.25888 0.261248 0.127305 0.0559909 0.867973
0 0.826006 0.391049 0.0990589 0.0447666 0.845163
0 0.188322 0.561092 0.112448 0.0495947 0.838146
0 0.460109 0.71679 0.0836845 0.0428154 0.803745
0 0.696435 0.604159 0.0880055 0.0355296 0.281714
0 0.259704 0.261436 0.126789 0.0567503 0.885325
0 0.826411 0.391448 0.097647 0.0443853 0.87296
0 0.214643 0.409368 0.136688 0.0572424 0.868634
0 0.461234 0.715304 0.0821096 0.0409223 0.858866
0 0.189206 0.560638 0.116722 0.0499315 0.845927
0 0.693156 0.60486 0.0969333 0.0396423 0.33191
0 0.259382 0.261295 0.127988 0.0560155 0.864222
0 0.824654 0.39126 0.0977566 0.0428525 0.843006
0 0.460668 0.714639 0.0820453 0.0377809 0.83918
0 0.212267 0.40935 0.133298 0.055523 0.830684
0 0.188748 0.559805 0.118358 0.049501 0.822514
0 0.259209 0.261244 0.124276 0.0555516 0.915959
0 0.824558 0.391246 0.0963596 0.043618 0.899504
0 0.460269 0.715116 0.0835432 0.0389807 0.899169
0 0.213177 0.409548 0.130456 0.0554863 0.88655
0 0.19026 0.559882 0.115055 0.049854 0.885156
0 0.692224 0.604519 0.0862361 0.0360748 0.306181
0 0.258135 0.261112 0.130903 0.057013 0.868834
0 0.825376 0.390884 0.100201 0.0461449 0.85524
0 0.212486 0.409515 0.140099 0.0572295 0.85233
0 0.191358 0.560425 0.119568 0.0513639 0.85178
0 0.459484 0.715147 0.0854075 0.0406315 0.846421
0 0.260078 0.261127 0.127099 0.0553548 0.876194
0 0.213739 0.409491 0.137294 0.0570076 0.865911
0 0.459599 0.714549 0.0855743 0.0387437 0.854101
0 0.826675 0.391108 0.0954728 0.043882 0.853185
0 0.189599 0.560479 0.109971 0.049057 0.840586
0 0.259552 0.261551 0.126975 0.0565692 0.909654
0 0.212921 0.409764 0.135477 0.0576098 0.895158
0 0.459665 0.714976 0.0849593 0.0392307 0.894979
0 0.826354 0.39107 0.095276 0.0452583 0.892497
0 0.187032 0.56135 0.110244 0.0499386 0.890007
0 0.691037 0.604828 0.095905 0.0400993 0.541677
0 0.25998 0.261823 0.126961 0.0548996 0.871363
0 0.18698 0.561926 0.112259 0.0486025 0.865888
0 0.826366 0.39101 0.0983923 0.0451433 0.858858
0 0.212163 0.40952 0.134323 0.0553595 0.851057
0 0.46129 0.715203 0.0875061 0.0404652 0.840912
0 0.691077 0.604668 0.0997028 0.0407407 0.732748
0 0.260802 0.26237 0.125969 0.0548133 0.905282
0 0.213121 0.409763 0.134065 0.055604 0.887201
0 0.188286 0.561707 0.112461 0.0482866 0.8846
0 0.82736 0.391114 0.0992166 0.0452653 0.881793
0 0.462519 0.715249 0.0878694 0.04112 0.831435
0 0.692415 0.604757 0.100524 0.0404091 0.807893
0 0.259351 0.261558 0.126972 0.0555962 0.913304
0 0.188132 0.560919 0.11277 0.0484499 0.891202
0 0.211625 0.408964 0.135254 0.0543295 0.885995
0 0.82673 0.390667 0.0981276 0.045213 0.883836
0 0.461172 0.71517 0.0859293 0.0416891 0.836892
0 0.691734 0.604208 0.100592 0.040202 0.784056
0 0.260827 0.262323 0.125395 0.0538966 0.904167
0 0.827455 0.39102 0.0946436 0.0440941 0.898698
0 0.189058 0.561864 0.109864 0.0468191 0.898621
0 0.214085 0.409725 0.133986 0.0539343 0.893445
0 0.461534 0.717772 0.0834029 0.0442513 0.839363
0 0.692914 0.60463 0.0968919 0.0382923 0.835499
0 0.188577 0.561281 0.110174 0.0489697 0.908809
0 0.826839 0.390059 0.0954936 0.0449282 0.903733
0 0.256994 0.261064 0.129243 0.0558413 0.897016
0 0.212656 0.409115 0.135621 0.0558956 0.883579
0 0.460726 0.717107 0.0852191 0.045935 0.855539
0 0.692464 0.60424 0.0981424 0.0402632 0.803668
0 0.256658 0.261039 0.128103 0.0557207 0.87332
0 0.188103 0.561636 0.110939 0.0488909 0.870691
0 0.826853 0.390594 0.095967 0.0448376 0.857562
0 0.209652 0.41005 0.134921 0.0561214 0.843435
0 0.46153 0.716025 0.085869 0.0435804 0.833131
0 0.69296 0.604591 0.0994401 0.0401731 0.647099
0 0.191278 0.560656 0.114105 0.0481754 0.909808
0 0.258864 0.261201 0.12557 0.0538673 0.902986
0 0.827025 0.390335 0.0970777 0.0435913 0.901525
0 0.214879 0.409775 0.129499 0.0534216 0.895929
0 0.461216 0.714069 0.0818698 0.0369089 0.869634
0 0.695527 0.604898 0.101838 0.0401233 0.514355
0 0.189563 0.560507 0.112802 0.0499541 0.882426
0 0.825204 0.390611 0.0974217 0.0451732 0.8754
0 0.2583 0.26129 0.12478 0.0563738 0.874472
0 0.212905 0.409762 0.131182 0.0555445 0.866168
0 0.459911 0.713633 0.0820218 0.0377598 0.840691
0 0.692805 0.604609 0.0985996 0.040918 0.367055
0 0.213888 0.409468 0.132811 0.055642 0.855166
0 0.260729 0.261466 0.124808 0.0568576 0.85259
0 0.190603 0.560798 0.11174 0.0493883 0.848147
0 0.826965 0.390731 0.0939233 0.0446332 0.844361
0 0.461339 0.714048 0.0809069 0.0369331 0.808744
0 0.695022 0.604708 0.0942976 0.0403671 0.460066
0 0.260106 0.261498 0.128439 0.0573162 0.89104
0 0.213445 0.409422 0.136933 0.0567077 0.889185
0 0.190807 0.560901 0.115624 0.0499511 0.877449
0 0.827157 0.390602 0.0970561 0.0441505 0.872252
0 0.461079 0.714588 0.0844631 0.0389519 0.846554
0 0.695337 0.60458 0.0965658 0.0399626 0.542531
0 0.258842 0.26073 0.126968 0.0567554 0.855873
0 0.214419 0.409252 0.137315 0.0568072 0.851382
0 0.825878 0.390229 0.0957169 0.0440967 0.851221
0 0.188981 0.560737 0.113821 0.050246 0.836141
0 0.460031 0.71477 0.083329 0.0410349 0.807426
0 0.694264 0.604307 0.0932411 0.0394442 0.663326
0 0.260726 0.261 0.126954 0.0575231 0.899383
0 0.214394 0.409502 0.135284 0.0568525 0.881488
0 0.826981 0.390476 0.0974974 0.0448732 0.876147
0 0.190923 0.560494 0.116442 0.0514845 0.862108
0 0.462653 0.71617 0.0869156 0.0444286 0.835825
0 0.695783 0.60429 0.0949662 0.0399523 0.756276
0 0.25833 0.26111 0.125649 0.056656 0.895849
0 0.211123 0.409741 0.132239 0.0565294 0.887987
0 0.826216 0.390351 0.0958734 0.0442491 0.858543
0 0.186688 0.560438 0.112436 0.0508089 0.855085
0 0.46141 0.715567 0.0860937 0.0426416 0.834496
0 0.693052 0.604456 0.09525 0.0390677 0.725265
0 0.260866 0.261839 0.12449 0.056678 0.876143
0 0.213049 0.409728 0.131715 0.0566452 0.867154
0 0.827088 0.390312 0.0973599 0.0444626 0.864763
0 0.188146 0.560627 0.112167 0.0506197 0.856649
0 0.46129 0.715443 0.0842941 0.0425324 0.821433
0 0.694596 0.604417 0.098418 0.039201 0.567806
0 0.259842 0.261682 0.124281 0.055751 0.886925
0 0.214265 0.409572 0.132004 0.0556541 0.873325
0 0.827072 0.390163 0.0953 0.0434296 0.869498
0 0.188049 0.561039 0.113092 0.0491076 0.866273
0 0.460404 0.715541 0.0789987 0.0399419 0.834853
0 0.693833 0.604417 0.0965776 0.0386456 0.511019
0 0.259873 0.261863 0.125756 0.0557465 0.894027
0 0.214356 0.409816 0.131869 0.0558857 0.873569
0 0.827195 0.390531 0.0952782 0.0441173 0.870375
0 0.188319 0.561482 0.113986 0.0491065 0.86506
0 0.460449 0.717094 0.0804834 0.0422286 0.841046
0 0.693557 0.604524 0.0965921 0.0392992 0.742264
