0 0.47161 0.623295 0.134798 0.0900655 0.330315
0 0.474799 0.619075 0.139762 0.0954677 0.722702
0 0.47638 0.62027 0.145296 0.0970762 0.949148
0 0.470836 0.621423 0.134093 0.0963848 0.996421
0 0.474826 0.623962 0.147507 0.102204 0.727271
0 0.475795 0.624834 0.149326 0.104774 0.961372
0 0.475198 0.620711 0.144855 0.0973948 0.848084
0 0.475352 0.622537 0.134727 0.0977101 0.335282
0 0.475776 0.621566 0.140825 0.100181 0.974626
0 0.474731 0.6226 0.137372 0.0982864 0.787754
0 0.47802 0.624087 0.1477 0.0971203 0.969775
0 0.479063 0.619149 0.143999 0.102129 0.93637
0 0.477377 0.62452 0.148137 0.0985297 0.892055
0 0.474465 0.623429 0.140585 0.0992172 0.941267
0 0.474189 0.622338 0.137855 0.0982286 0.494966
0 0.479925 0.621767 0.149197 0.103282 0.958882
0 0.479106 0.621929 0.156446 0.106347 0.995179
0 0.47742 0.6233 0.143223 0.103587 0.876525
0 0.477329 0.623873 0.140822 0.105753 0.916988
0 0.476169 0.623245 0.140619 0.106507 0.867934
0 0.476568 0.621681 0.143763 0.100928 0.939171
0 0.477444 0.623528 0.157209 0.108501 0.986738
0 0.478041 0.623327 0.156398 0.10727 0.819767
0 0.471581 0.62241 0.146857 0.0995189 0.953565
0 0.46935 0.622989 0.154317 0.101414 0.948188
0 0.4774 0.621897 0.147212 0.104564 0.92893
0 0.47402 0.621715 0.141837 0.103714 0.893145
0 0.474675 0.623111 0.141701 0.10486 0.892685
0 0.475562 0.622864 0.141164 0.103605 0.89765
0 0.475866 0.621573 0.150745 0.102351 0.964193
0 0.476208 0.622074 0.155673 0.10218 0.90584
0 0.474163 0.621221 0.144811 0.0983687 0.891208
0 0.47622 0.622095 0.147864 0.102232 0.95004
0 0.475796 0.621448 0.143655 0.102524 0.840931
0 0.477439 0.621539 0.150849 0.103345 0.909453
0 0.476833 0.624197 0.140472 0.101348 0.894527
0 0.475433 0.624103 0.144159 0.101515 0.844424
0 0.477602 0.622432 0.148301 0.101359 0.851376
0 0.477824 0.623878 0.149545 0.102207 0.833002
0 0.473939 0.622601 0.145823 0.101457 0.906539
0 0.47562 0.623072 0.148553 0.102838 0.88387
0 0.480268 0.621637 0.144347 0.0998372 0.853411
0 0.479717 0.621993 0.143709 0.098799 0.816552
0 0.477747 0.623293 0.148615 0.101286 0.865058
0 0.477147 0.623723 0.14806 0.101133 0.856016
0 0.47761 0.62234 0.146012 0.0998236 0.859673
0 0.472955 0.622394 0.150827 0.0999379 0.838239
0 0.473216 0.621791 0.144304 0.0976969 0.851299
0 0.475726 0.621885 0.145595 0.098303 0.843592
0 0.477169 0.622145 0.141239 0.100318 0.887184
0 0.476581 0.623089 0.145563 0.103052 0.809743
0 0.478752 0.621502 0.146575 0.102419 0.882386
0 0.47761 0.623132 0.144577 0.104441 0.838221
0 0.477076 0.623178 0.142067 0.103766 0.894494
0 0.476748 0.623929 0.141973 0.101996 0.863217
0 0.478427 0.623468 0.151049 0.103761 0.869675
0 0.478581 0.62355 0.151662 0.10134 0.902453
0 0.475068 0.623208 0.149309 0.101645 0.893105
0 0.474836 0.622581 0.150631 0.10327 0.895888
0 0.473898 0.621354 0.144929 0.103086 0.910627
0 0.473582 0.621445 0.141774 0.102048 0.902087
0 0.475068 0.62291 0.144012 0.101627 0.910885
0 0.472059 0.623415 0.151604 0.104278 0.878547
0 0.478594 0.622455 0.144355 0.101786 0.916783
0 0.478286 0.622779 0.148861 0.102415 0.888354
0 0.475508 0.623283 0.142605 0.103141 0.917841
0 0.474964 0.623173 0.140068 0.101332 0.859405
0 0.474252 0.621601 0.140096 0.0990557 0.888367
0 0.475285 0.621927 0.138616 0.0961344 0.854697
0 0.475065 0.623123 0.140922 0.0976629 0.871795
0 0.475069 0.622841 0.148912 0.0991001 0.849909
0 0.475053 0.623176 0.147665 0.101142 0.875284
0 0.476293 0.623307 0.145923 0.101288 0.845747
0 0.47409 0.623183 0.146797 0.103418 0.910207
0 0.474435 0.622858 0.147065 0.102282 0.905274
0 0.47418 0.622558 0.146117 0.102362 0.935558
0 0.475087 0.622566 0.145421 0.101435 0.909957
0 0.47528 0.620292 0.142015 0.0993894 0.883109
0 0.476327 0.621625 0.143567 0.101132 0.877104
0 0.475556 0.624219 0.149409 0.104178 0.912726
0 0.477123 0.625006 0.146896 0.105232 0.923016
0 0.476914 0.622438 0.146636 0.104549 0.858913
0 0.475851 0.622429 0.143705 0.102808 0.924986
0 0.476305 0.623272 0.145027 0.105292 0.920048
0 0.477121 0.623831 0.147801 0.105468 0.925843
0 0.476689 0.622696 0.146356 0.100357 0.901485
0 0.476083 0.621986 0.148808 0.101987 0.918956
0 0.475394 0.622594 0.147068 0.100293 0.8823
0 0.47493 0.622901 0.148508 0.10333 0.910326
0 0.47522 0.622646 0.148077 0.101282 0.889992
0 0.474501 0.622848 0.147614 0.0992866 0.911022
0 0.474322 0.622039 0.153127 0.101571 0.899961
0 0.476721 0.622129 0.15021 0.101279 0.915102
0 0.477735 0.621804 0.149875 0.101647 0.90846
0 0.476194 0.621312 0.146191 0.0997482 0.907321
0 0.474973 0.621618 0.150971 0.102332 0.899297
0 0.475115 0.622565 0.15238 0.102759 0.882663
0 0.474275 0.6235 0.139636 0.0998467 0.905
0 0.473012 0.623156 0.143188 0.101118 0.889691
0 0.474466 0.623608 0.148152 0.100589 0.888361
0 0.478514 0.623044 0.146782 0.102793 0.909892
0 0.47777 0.623398 0.144521 0.100416 0.86634
0 0.477038 0.622793 0.14839 0.10334 0.905864
0 0.47308 0.622424 0.152139 0.104659 0.906788
0 0.475068 0.623386 0.149519 0.102823 0.904781
0 0.476435 0.621368 0.141521 0.102925 0.889971
0 0.47694 0.622379 0.140805 0.103411 0.861453
0 0.474968 0.623074 0.141229 0.101611 0.919191
0 0.472688 0.623085 0.143751 0.103169 0.918943
0 0.475164 0.622755 0.14306 0.101404 0.9032
0 0.475915 0.622781 0.143757 0.102615 0.918487
0 0.474817 0.622799 0.13669 0.103426 0.876104
0 0.477088 0.622586 0.144623 0.104906 0.90469
0 0.47469 0.622395 0.146163 0.103035 0.903166
0 0.476023 0.622072 0.141574 0.102135 0.892714
0 0.476205 0.622634 0.139953 0.101603 0.892336
0 0.476127 0.623903 0.143741 0.10249 0.897843
