0 0.854082 0.810215 0.0410549 0.0577994 0.520729
0 0.278557 0.499991 0.0784197 0.0901409 0.211064
0 0.856734 0.810195 0.0500313 0.0627821 0.928564
0 0.268368 0.494617 0.101013 0.101311 0.649155
0 0.451129 0.411874 0.0255568 0.0368072 0.174614
0 0.275708 0.499937 0.0900976 0.099634 0.75851
0 0.856618 0.810876 0.0514324 0.0666707 0.42895
0 0.85708 0.811371 0.0486355 0.0613107 0.717704
0 0.278581 0.501795 0.0883887 0.103519 0.61005
0 0.444154 0.487296 0.0250107 0.0380435 0.258623
0 0.45118 0.410737 0.0241211 0.0381633 0.244901
0 0.857323 0.811185 0.0518658 0.0625321 0.968719
0 0.277454 0.501128 0.0824557 0.098538 0.71945
0 0.450889 0.408375 0.0275381 0.0463362 0.427363
0 0.444232 0.485853 0.0272059 0.0447634 0.156059
0 0.577301 0.0371767 0.0454208 0.0376308 0.113018
0 0.282913 0.498765 0.0919738 0.110847 0.843315
0 0.857785 0.812423 0.0496597 0.0619919 0.840951
0 0.452464 0.411755 0.0265017 0.0414388 0.345769
0 0.44566 0.485656 0.0272973 0.0421676 0.15822
0 0.277609 0.498333 0.0826807 0.104761 0.760509
0 0.857203 0.810327 0.0496903 0.0633402 0.649932
0 0.452074 0.407507 0.0302144 0.0502018 0.111963
0 0.277613 0.500466 0.0844408 0.104094 0.981369
0 0.857741 0.811094 0.050227 0.0625827 0.975649
0 0.453069 0.40827 0.0313834 0.0507638 0.195358
0 0.249232 0.485064 0.0767136 0.0908422 0.166244
0 0.569637 0.0391385 0.0263756 0.0318354 0.149938
0 0.447756 0.487763 0.0326853 0.044394 0.134321
0 0.276671 0.501182 0.08752 0.106207 0.913172
0 0.858112 0.810128 0.0505573 0.062679 0.792564
0 0.858209 0.810572 0.0508362 0.0628442 0.624928
0 0.27883 0.501007 0.081503 0.0999329 0.575395
0 0.452631 0.412837 0.0267122 0.0364364 0.339876
0 0.444743 0.48498 0.0263465 0.0389878 0.22088
0 0.278459 0.497805 0.086375 0.102787 0.968633
0 0.858069 0.811039 0.0535843 0.0634146 0.913239
0 0.278715 0.497292 0.083381 0.0986836 0.884051
0 0.857873 0.810831 0.0503456 0.0595398 0.702108
0 0.276205 0.498725 0.0918122 0.10491 0.720305
0 0.857423 0.811694 0.0513138 0.0654487 0.522745
0 0.452944 0.416937 0.0262387 0.0332354 0.318947
0 0.445219 0.486743 0.0317476 0.0428734 0.202754
0 0.579298 0.0354907 0.045738 0.0407574 0.16525
0 0.276292 0.499323 0.0870913 0.100521 0.896607
0 0.857187 0.811074 0.0511337 0.0650734 0.774366
0 0.24559 0.484533 0.0704749 0.0967517 0.256403
0 0.858341 0.811078 0.0487455 0.0612473 0.817402
0 0.580592 0.0394165 0.0419964 0.0327984 0.436588
0 0.278118 0.493258 0.073105 0.0835518 0.321171
0 0.265639 0.46976 0.107548 0.145664 0.264051
0 0.265517 0.484416 0.103494 0.119029 0.857386
0 0.857769 0.810654 0.0501438 0.0621895 0.374638
0 0.277732 0.488455 0.0757388 0.081274 0.139316
0 0.57884 0.0383463 0.0427251 0.0299921 0.106131
0 0.269161 0.466326 0.107586 0.161064 0.913463
0 0.274443 0.498001 0.0828064 0.0966473 0.482062
0 0.8583 0.811515 0.0516249 0.0623042 0.118058
0 0.27373 0.466209 0.117697 0.172973 0.899696
0 0.857724 0.810201 0.0512819 0.067305 0.495105
0 0.2738 0.498313 0.0872522 0.0991667 0.398186
0 0.580948 0.0368011 0.0411007 0.0337089 0.123927
0 0.85819 0.810838 0.0508877 0.060955 0.787258
0 0.277723 0.492994 0.084868 0.106024 0.324043
0 0.858808 0.812893 0.0536377 0.0628535 0.917452
0 0.27882 0.497364 0.0867463 0.10754 0.635205
0 0.265575 0.458738 0.115042 0.171539 0.128255
0 0.278117 0.500454 0.0850723 0.106082 0.664391
0 0.857237 0.811604 0.0518002 0.0637741 0.661897
0 0.857322 0.810809 0.0522106 0.0618553 0.789103
0 0.277289 0.498011 0.0844025 0.10709 0.688635
0 0.26571 0.467599 0.114955 0.159253 0.542199
0 0.857015 0.810401 0.0512329 0.0637754 0.905608
0 0.262811 0.47438 0.124822 0.163075 0.838832
0 0.275529 0.497914 0.0872207 0.106043 0.496074
0 0.578011 0.0379367 0.0422685 0.0310112 0.168879
0 0.85838 0.809266 0.0526165 0.0674548 0.868389
0 0.277153 0.492768 0.0898734 0.124016 0.450869
0 0.577896 0.0371308 0.0381229 0.0310325 0.15118
0 0.262527 0.46015 0.123634 0.178327 0.121919
0 0.858182 0.81063 0.0532333 0.0631296 0.924369
0 0.277881 0.502474 0.0780787 0.091627 0.855539
0 0.27796 0.502105 0.082818 0.0940515 0.681521
0 0.857694 0.811235 0.0525852 0.0617142 0.608227
0 0.278962 0.501244 0.0831818 0.0979368 0.79401
0 0.857587 0.809581 0.0519718 0.0631701 0.642534
0 0.279377 0.502013 0.0838799 0.0953893 0.816404
0 0.858139 0.809822 0.053121 0.0651654 0.722512
0 0.278447 0.5006 0.0851391 0.099266 0.432028
0 0.858954 0.810384 0.054866 0.0658831 0.419803
0 0.27928 0.497087 0.0820816 0.113788 0.467336
0 0.858512 0.811433 0.0543823 0.0659273 0.43111
0 0.279296 0.497125 0.0843258 0.110233 0.807717
0 0.856724 0.81075 0.0502053 0.0635918 0.568284
0 0.857901 0.811203 0.0523991 0.0643083 0.886054
0 0.277357 0.499584 0.082869 0.10193 0.773586
0 0.858715 0.81069 0.0517632 0.0629234 0.848182
0 0.279972 0.499368 0.0783969 0.0974209 0.812529
0 0.857661 0.811151 0.0527554 0.0635939 0.841889
0 0.26997 0.480788 0.102626 0.145355 0.609256
0 0.271318 0.490525 0.096777 0.122519 0.764941
0 0.858079 0.810912 0.052027 0.063487 0.623467
0 0.26535 0.490033 0.109803 0.125951 0.895658
0 0.858119 0.811619 0.0515146 0.0645292 0.789056
0 0.278209 0.498577 0.0832224 0.102161 0.907446
0 0.857418 0.810458 0.05089 0.0622584 0.621144
0 0.279036 0.49812 0.0861339 0.101055 0.858937
0 0.858089 0.810753 0.0518293 0.0620679 0.754013
0 0.279649 0.498257 0.0847371 0.100745 0.857187
0 0.857918 0.811419 0.0524181 0.0621399 0.847558
0 0.279327 0.499279 0.0865025 0.100575 0.833932
0 0.858727 0.811614 0.0541362 0.0636104 0.780587
0 0.858196 0.810493 0.0529232 0.0639302 0.865738
0 0.278389 0.49969 0.0846002 0.10102 0.452683
0 0.858659 0.811026 0.0535404 0.0642279 0.845513
0 0.279959 0.500371 0.0877965 0.104234 0.462385
0 0.279057 0.498875 0.0848601 0.0983597 0.865134
0 0.858921 0.810981 0.0530655 0.0643382 0.845651
0 0.279403 0.498772 0.0843538 0.0976773 0.788815
0 0.858619 0.81217 0.0518446 0.0623673 0.770881
0 0.279526 0.499981 0.0838295 0.10169 0.851187
0 0.859112 0.812632 0.0516689 0.0624623 0.7915
0 0.278306 0.499913 0.0834809 0.102908 0.829021
0 0.858331 0.811815 0.0513149 0.0624399 0.740374
0 0.280824 0.498732 0.0818587 0.102889 0.819919
0 0.859726 0.812292 0.0524292 0.0605334 0.785359
0 0.859144 0.812036 0.0525646 0.0599486 0.825044
0 0.279233 0.498839 0.0824083 0.101411 0.823496
0 0.279078 0.499533 0.0821449 0.102218 0.845776
0 0.858517 0.811119 0.0519009 0.0643957 0.84277
0 0.278707 0.500591 0.0836222 0.103657 0.837954
0 0.858707 0.811658 0.053035 0.0651367 0.532677
0 0.27896 0.499239 0.0815288 0.101768 0.875535
0 0.858745 0.81091 0.0521912 0.0640307 0.290012
0 0.277681 0.500192 0.0819714 0.101388 0.80619
0 0.858431 0.811113 0.0533367 0.0656586 0.696589
0 0.858477 0.810964 0.0538262 0.0650762 0.872868
0 0.279036 0.498551 0.0831988 0.0994692 0.857001
0 0.28001 0.498565 0.0821075 0.102406 0.845431
0 0.858133 0.811561 0.0541599 0.0667056 0.820752
0 0.279516 0.499187 0.0875553 0.106507 0.904778
0 0.8586 0.809508 0.0537048 0.0652566 0.793904
0 0.279074 0.499698 0.0839768 0.103577 0.888994
0 0.85848 0.810405 0.0534123 0.0659421 0.813579
0 0.28021 0.498264 0.088331 0.108234 0.846914
0 0.85851 0.809381 0.0555113 0.0696756 0.775474
0 0.280214 0.500181 0.0852914 0.102414 0.852538
0 0.85863 0.810914 0.0547189 0.0663728 0.800402
0 0.279851 0.498584 0.0816127 0.102353 0.838884
0 0.858295 0.811026 0.0555429 0.0675453 0.805143
0 0.27882 0.499863 0.0817663 0.101285 0.809214
0 0.858038 0.810727 0.0522219 0.0652606 0.755293
0 0.279106 0.498267 0.0836456 0.101543 0.855536
0 0.857986 0.810938 0.0534266 0.0660205 0.818648
0 0.27893 0.499491 0.0828877 0.100621 0.83379
0 0.857192 0.811699 0.0526516 0.0683089 0.821878
0 0.858202 0.809909 0.0531774 0.0661397 0.833563
0 0.280043 0.501237 0.086464 0.0997577 0.823974
0 0.857558 0.809257 0.0536934 0.065858 0.823854
0 0.279355 0.501556 0.0876959 0.100336 0.818791
0 0.279735 0.49945 0.084423 0.0984863 0.841859
0 0.85762 0.809706 0.0515222 0.0631149 0.832318
0 0.280147 0.501627 0.0873355 0.101814 0.819784
0 0.857655 0.810103 0.0527676 0.0636043 0.747475
0 0.279167 0.501312 0.0831163 0.100999 0.864427
0 0.858036 0.810533 0.0533455 0.062783 0.860092
0 0.282961 0.50155 0.080524 0.0988889 0.818316
0 0.858573 0.810999 0.0533302 0.0622284 0.811489
0 0.280333 0.499861 0.084743 0.0991956 0.860578
0 0.858449 0.81192 0.0509163 0.0627105 0.840943
0 0.2807 0.499687 0.0844239 0.0981124 0.838511
0 0.858613 0.811814 0.0502293 0.0605078 0.795125
0 0.279135 0.500815 0.0845427 0.0989496 0.884096
0 0.858509 0.812649 0.051705 0.0640042 0.840441
0 0.279246 0.50013 0.0864239 0.0987526 0.864885
0 0.858793 0.812075 0.0506627 0.0605261 0.837517
0 0.858763 0.812209 0.0524651 0.0633479 0.857356
0 0.279612 0.500885 0.0879804 0.102629 0.847016
0 0.27991 0.499515 0.0853579 0.102558 0.852524
0 0.858708 0.81126 0.0529431 0.0636238 0.820664
0 0.278637 0.499028 0.0873194 0.101606 0.934059
0 0.857928 0.810616 0.0524754 0.0628156 0.849114
0 0.278291 0.499721 0.0859929 0.100029 0.928461
0 0.857935 0.811237 0.052824 0.0628131 0.835704
0 0.277983 0.499636 0.0837862 0.101055 0.937266
0 0.85778 0.81066 0.0509236 0.0647888 0.872393
0 0.278593 0.499795 0.082831 0.0993603 0.908271
0 0.857905 0.81091 0.0510742 0.0639019 0.874631
0 0.857621 0.810177 0.051111 0.0654241 0.89629
0 0.278477 0.498222 0.0844247 0.101525 0.891089
0 0.278562 0.49923 0.0834646 0.10079 0.873751
0 0.857802 0.81058 0.0492294 0.0639888 0.857118
0 0.2799 0.500699 0.0853804 0.0992207 0.882925
0 0.858046 0.810034 0.0506241 0.0635765 0.844785
0 0.280748 0.50005 0.0854011 0.101117 0.863983
0 0.858451 0.810513 0.0497757 0.0639897 0.846399
0 0.858098 0.810941 0.0506848 0.0655606 0.802444
0 0.280511 0.500444 0.0869401 0.101398 0.742751
0 0.858273 0.810513 0.0494818 0.0636131 0.872437
0 0.280138 0.500445 0.0865451 0.0985415 0.836037
0 0.857892 0.809624 0.0491555 0.0655011 0.828358
0 0.280392 0.500619 0.0881886 0.103255 0.801294
0 0.85792 0.81 0.0498944 0.0663752 0.815981
0 0.281557 0.502873 0.0925878 0.103952 0.768797
0 0.281706 0.501757 0.0862596 0.100356 0.756905
0 0.857817 0.810868 0.0490579 0.0651852 0.751178
0 0.858095 0.810841 0.0502689 0.0680153 0.818262
0 0.280613 0.501532 0.089378 0.102528 0.750308
0 0.280752 0.501107 0.0870837 0.100137 0.800703
0 0.858361 0.811325 0.0487358 0.0624156 0.776372
0 0.857522 0.811126 0.0490745 0.0642646 0.830106
0 0.280049 0.499181 0.0876598 0.10379 0.829185
0 0.280961 0.50008 0.0856401 0.101043 0.857918
0 0.857637 0.811448 0.0492691 0.063429 0.840988
0 0.281022 0.501103 0.0860377 0.100601 0.893363
0 0.858073 0.81255 0.0492743 0.0618533 0.854891
0 0.280991 0.501766 0.0879598 0.103641 0.885124
0 0.858911 0.810781 0.0524001 0.0645212 0.878974
0 0.281098 0.502138 0.085668 0.101698 0.882693
0 0.858686 0.811376 0.0503597 0.0624812 0.865698
0 0.28177 0.500654 0.0870058 0.102734 0.8626
0 0.859003 0.81183 0.0536168 0.0631579 0.836849
0 0.281551 0.500431 0.0866232 0.100002 0.856511
0 0.859292 0.812102 0.0521473 0.0623032 0.712538
0 0.281427 0.501329 0.089337 0.102134 0.880026
0 0.858748 0.812027 0.0518442 0.0642583 0.828692
0 0.281819 0.501153 0.0888793 0.101227 0.853497
0 0.858403 0.812254 0.0514896 0.0631271 0.703752
0 0.281964 0.500082 0.0837436 0.0992334 0.904835
0 0.858499 0.811905 0.0491667 0.0624848 0.840821
0 0.282802 0.49916 0.0861249 0.101949 0.871633
0 0.858988 0.812105 0.0515472 0.0642719 0.831882
0 0.281307 0.500783 0.0875647 0.0988533 0.874023
0 0.85956 0.812291 0.050116 0.0624715 0.683919
0 0.281047 0.500932 0.0859758 0.0985612 0.90899
0 0.858978 0.812131 0.0501851 0.0620156 0.781099
0 0.280382 0.500943 0.0852312 0.0989316 0.86992
0 0.858657 0.812407 0.0511616 0.0625111 0.801444
0 0.281364 0.50206 0.0850118 0.100419 0.895352
0 0.859373 0.812334 0.051017 0.0640129 0.848509
0 0.280435 0.501808 0.0870091 0.103212 0.900327
0 0.858749 0.810933 0.0508759 0.0648689 0.86495
0 0.280789 0.501946 0.0870347 0.0978442 0.899961
0 0.859303 0.811999 0.0512012 0.0624941 0.87
0 0.281316 0.499683 0.087229 0.102863 0.881112
0 0.859131 0.811349 0.0518726 0.0645741 0.871974
0 0.858782 0.811496 0.0521568 0.0652559 0.844689
0 0.281135 0.499612 0.086821 0.103372 0.829403
0 0.280609 0.500124 0.0866255 0.0986665 0.883711
0 0.859099 0.812088 0.0524681 0.0621054 0.860853
0 0.279734 0.500272 0.0871899 0.102753 0.896348
0 0.857921 0.811572 0.0522854 0.0650994 0.847016
0 0.279536 0.500794 0.0855861 0.0988133 0.894299
0 0.858861 0.81136 0.050906 0.064596 0.801195
0 0.279552 0.500677 0.0868295 0.102325 0.919664
0 0.858935 0.81136 0.0527117 0.0662992 0.858188
0 0.279084 0.500648 0.0838342 0.0989504 0.899246
0 0.858342 0.811209 0.0512775 0.0660015 0.851728
0 0.28066 0.50041 0.086184 0.100711 0.915053
0 0.858952 0.811499 0.05196 0.0676152 0.869631
0 0.278888 0.501341 0.0826842 0.0956568 0.918868
0 0.857864 0.81165 0.04972 0.0648027 0.865696
0 0.280132 0.501513 0.0853911 0.0969703 0.916202
0 0.858588 0.811283 0.0502811 0.0660002 0.809701
0 0.280274 0.501999 0.0864504 0.100243 0.918714
0 0.85857 0.81114 0.0504055 0.0649528 0.729218
0 0.280205 0.502775 0.0869 0.101494 0.923574
0 0.859005 0.81156 0.0506348 0.0643242 0.827597
