0 0.422083 0.755142 0.0550357 0.111871 0.775928
0 0.271188 0.738461 0.0542378 0.116859 0.606593
0 0.629521 0.869914 0.0479195 0.0975344 0.327596
0 0.492976 0.104029 0.0466249 0.0889002 0.101399
0 0.422166 0.758062 0.0550695 0.127755 0.869789
0 0.271251 0.738469 0.0599823 0.124139 0.775509
0 0.48417 0.106346 0.06445 0.0995345 0.56502
0 0.627733 0.858602 0.0598037 0.147781 0.437249
0 0.422126 0.762691 0.0574174 0.14134 0.639068
0 0.271701 0.737526 0.058769 0.128396 0.487382
0 0.491859 0.107644 0.0512626 0.106342 0.396807
0 0.629993 0.854376 0.0658302 0.163035 0.337113
0 0.946563 0.845632 0.106874 0.308736 0.116749
0 0.493205 0.103947 0.047397 0.0932567 0.799807
0 0.272484 0.736193 0.0560842 0.122657 0.537794
0 0.421581 0.759599 0.0546241 0.122555 0.533402
0 0.628005 0.847458 0.0677957 0.178185 0.433808
0 0.493265 0.105148 0.0487759 0.0984921 0.985422
0 0.421589 0.757491 0.0557469 0.130272 0.841982
0 0.271275 0.738029 0.0597678 0.120677 0.835682
0 0.628295 0.85188 0.0631307 0.157443 0.794272
0 0.49327 0.106914 0.0490335 0.0961804 0.931125
0 0.270647 0.737983 0.0577258 0.116115 0.846954
0 0.421917 0.758856 0.0557416 0.133077 0.84081
0 0.63035 0.875783 0.0566421 0.115755 0.710302
0 0.949621 0.827304 0.100758 0.289449 0.353473
0 0.491729 0.1032 0.0518104 0.0957497 0.658117
0 0.421757 0.75608 0.0559517 0.12299 0.566509
0 0.270739 0.733918 0.0587467 0.126824 0.504976
0 0.947853 0.82222 0.104293 0.299393 0.47839
0 0.627095 0.846367 0.0658665 0.175174 0.411072
0 0.492974 0.10508 0.0497949 0.0944119 0.97643
0 0.270833 0.736943 0.0607796 0.128367 0.974412
0 0.421914 0.759048 0.0586287 0.125594 0.967519
0 0.627825 0.849607 0.0700758 0.168052 0.942136
0 0.493219 0.104934 0.0482968 0.0955195 0.912766
0 0.270639 0.734926 0.0591647 0.125268 0.842085
0 0.422956 0.754779 0.0569394 0.126433 0.806424
0 0.628535 0.850445 0.066317 0.162751 0.748589
0 0.947999 0.829001 0.104001 0.296464 0.341032
0 0.493366 0.104766 0.0470721 0.0945239 0.840597
0 0.422075 0.757787 0.0555285 0.128856 0.555218
0 0.630214 0.867224 0.0587952 0.124802 0.54877
0 0.271128 0.737348 0.0570501 0.117974 0.542566
0 0.467942 0.216341 0.038256 0.0628618 0.126106
0 0.492877 0.10452 0.0488606 0.0975215 0.958447
0 0.422146 0.76449 0.0601545 0.147926 0.916932
0 0.271826 0.741208 0.0602881 0.126306 0.912545
0 0.630682 0.863819 0.0615305 0.129199 0.878573
0 0.49368 0.101494 0.0465817 0.0849463 0.824832
0 0.422029 0.75289 0.0555929 0.118287 0.788308
0 0.271735 0.73725 0.0569424 0.116028 0.773309
0 0.630118 0.851971 0.0579608 0.14669 0.614255
0 0.492988 0.105117 0.048676 0.0919446 0.700869
0 0.626498 0.848223 0.0678636 0.173359 0.537489
0 0.421874 0.761083 0.0596995 0.136597 0.4651
0 0.271024 0.76374 0.0639307 0.187704 0.443538
0 0.271362 0.740245 0.0580088 0.128894 0.901789
0 0.422697 0.760597 0.0566129 0.126958 0.890729
0 0.494467 0.104369 0.0448207 0.0918201 0.859162
0 0.627561 0.853512 0.066279 0.159283 0.817876
0 0.272269 0.740615 0.053712 0.120467 0.865933
0 0.488685 0.10355 0.0557051 0.0974942 0.841872
0 0.420585 0.777864 0.0547002 0.165804 0.57057
0 0.62595 0.861342 0.057011 0.132763 0.561167
0 0.6194 0.80298 0.0405943 0.079579 0.45828
0 0.629233 0.871118 0.0445692 0.0756313 0.291437
0 0.614991 0.514706 0.0244216 0.0856788 0.133906
0 0.325298 0.471316 0.0365345 0.0407857 0.131581
0 0.420602 0.760186 0.0528584 0.142082 0.739364
0 0.271074 0.736643 0.0555981 0.126903 0.721299
0 0.488972 0.10156 0.0544112 0.104821 0.585676
0 0.630692 0.858532 0.0639909 0.139689 0.518046
0 0.594677 0.615969 0.14896 0.326307 0.137347
0 0.436808 0.786834 0.0801415 0.191034 0.104045
0 0.422056 0.760847 0.0551779 0.128702 0.538928
0 0.491671 0.107699 0.0526869 0.0988659 0.508526
0 0.947415 0.842101 0.10517 0.288788 0.454511
0 0.630768 0.866085 0.0616024 0.135371 0.444819
0 0.272904 0.7398 0.0576852 0.125661 0.415038
0 0.434068 0.795302 0.0603674 0.177469 0.115577
0 0.946027 0.843991 0.107947 0.312018 0.937054
0 0.491471 0.102979 0.0524918 0.102581 0.824775
0 0.423025 0.788328 0.0606814 0.195447 0.718449
0 0.272938 0.764156 0.062734 0.180957 0.649181
0 0.631302 0.866469 0.0584089 0.1393 0.431392
0 0.272535 0.737437 0.0562768 0.112068 0.776427
0 0.421826 0.753289 0.0528793 0.117171 0.746307
0 0.493637 0.105006 0.0479707 0.0941432 0.583754
0 0.631746 0.864077 0.0565104 0.125927 0.333281
0 0.949483 0.827594 0.101034 0.274707 0.20309
0 0.272104 0.739427 0.0576049 0.116235 0.884174
0 0.492697 0.107237 0.0511087 0.0983329 0.874851
0 0.421588 0.759908 0.0554551 0.123293 0.818931
0 0.631768 0.869631 0.0598562 0.133056 0.442301
0 0.94901 0.84542 0.10198 0.270521 0.243229
0 0.279353 0.802795 0.0496517 0.118186 0.180503
0 0.429533 0.84081 0.0404497 0.0808124 0.168469
0 0.421011 0.751643 0.0538896 0.128576 0.784332
0 0.270626 0.73597 0.0564559 0.130996 0.777731
0 0.492326 0.102418 0.0499926 0.0951853 0.540652
0 0.631124 0.875627 0.053311 0.125293 0.407512
0 0.421522 0.753466 0.0559742 0.128423 0.871084
0 0.270699 0.734667 0.0602035 0.129091 0.856596
0 0.491826 0.105692 0.052329 0.0983117 0.851362
0 0.630756 0.868678 0.0638397 0.125833 0.637827
0 0.948732 0.838072 0.102536 0.276431 0.156012
0 0.271297 0.732364 0.0604848 0.127253 0.888042
0 0.491261 0.102804 0.0522159 0.100695 0.869271
0 0.421012 0.755136 0.0552761 0.134783 0.834979
0 0.629153 0.854191 0.060972 0.161729 0.738958
0 0.948901 0.848251 0.102197 0.265793 0.207491
0 0.943412 0.900725 0.0767567 0.133275 0.141835
0 0.493039 0.101298 0.0482768 0.104626 0.899525
0 0.271246 0.732793 0.0582037 0.127183 0.806659
0 0.421918 0.754647 0.0548134 0.139439 0.711985
0 0.630764 0.865995 0.059177 0.136676 0.680777
0 0.421592 0.755459 0.0563285 0.130553 0.948814
0 0.492342 0.103253 0.0490126 0.0986366 0.930277
0 0.271186 0.736519 0.0585645 0.121271 0.912916
0 0.630782 0.866892 0.0601355 0.127246 0.851428
0 0.616583 0.818727 0.0434911 0.112509 0.184544
0 0.278815 0.780056 0.0452477 0.156045 0.165794
0 0.420971 0.755202 0.0571639 0.128299 0.721573
0 0.492268 0.105213 0.0503272 0.095007 0.644762
0 0.270372 0.733908 0.0602145 0.123457 0.629753
0 0.629982 0.866367 0.0606491 0.129921 0.572262
0 0.493758 0.101086 0.046394 0.0961843 0.887316
0 0.421311 0.756767 0.0541157 0.127349 0.845692
0 0.270483 0.736409 0.0563669 0.123827 0.819007
0 0.629667 0.868782 0.0576583 0.127798 0.78568
0 0.493614 0.0998966 0.0463684 0.0937336 0.899684
0 0.421822 0.758294 0.054974 0.125122 0.878751
0 0.27083 0.736439 0.0573155 0.120196 0.83004
0 0.630033 0.872015 0.0582715 0.12334 0.828611
0 0.494666 0.101461 0.047589 0.100863 0.915358
0 0.42247 0.753666 0.0561493 0.13341 0.898143
0 0.271875 0.734934 0.0577732 0.122546 0.878768
0 0.631339 0.864962 0.0592305 0.137604 0.824338
0 0.944293 0.907727 0.0596393 0.107805 0.101429
0 0.49457 0.104067 0.047258 0.101722 0.869961
0 0.422284 0.756402 0.0558492 0.132052 0.822034
0 0.271093 0.735377 0.0581077 0.129519 0.79299
0 0.631122 0.866799 0.058915 0.137052 0.747776
0 0.494816 0.103751 0.0458229 0.098352 0.94085
0 0.420955 0.756357 0.0554045 0.125173 0.934621
0 0.629739 0.866603 0.0571113 0.132518 0.90719
0 0.270134 0.73533 0.0572266 0.126718 0.904996
0 0.494082 0.102398 0.0467419 0.0946286 0.891329
0 0.421556 0.758505 0.0560458 0.125276 0.848785
0 0.630712 0.871242 0.0560033 0.121187 0.769237
0 0.271486 0.73693 0.0582325 0.118991 0.760873
0 0.279327 0.808838 0.0459706 0.101316 0.157821
0 0.494591 0.101544 0.0456146 0.0933753 0.87549
0 0.422286 0.752975 0.0546004 0.117319 0.865758
0 0.631643 0.871008 0.0550363 0.115637 0.802947
0 0.271453 0.734557 0.0562465 0.114127 0.778042
0 0.279527 0.813847 0.0454679 0.0910665 0.292969
0 0.480019 0.490898 0.0331881 0.0362944 0.197575
0 0.961715 0.926237 0.022786 0.0490526 0.101581
0 0.493358 0.103619 0.0478805 0.0949702 0.911954
0 0.421708 0.755179 0.0573206 0.122848 0.910897
0 0.629157 0.86662 0.063406 0.13095 0.876096
0 0.270791 0.735528 0.0587237 0.118159 0.869992
0 0.421445 0.756368 0.0546667 0.124041 0.859763
0 0.494648 0.104001 0.046055 0.0999887 0.850313
0 0.270926 0.734893 0.05666 0.12043 0.807739
0 0.629671 0.870742 0.0597587 0.1244 0.756699
0 0.421199 0.758523 0.0560185 0.128785 0.914778
0 0.494509 0.104196 0.0467414 0.0968033 0.894046
0 0.271083 0.735809 0.0573132 0.12288 0.884629
0 0.630912 0.871355 0.0572361 0.123779 0.835135
0 0.279825 0.779745 0.0483425 0.160787 0.103735
0 0.493814 0.103001 0.0462408 0.0955169 0.873153
0 0.421572 0.757679 0.0568077 0.124628 0.857748
0 0.271385 0.736425 0.0578591 0.121326 0.856008
0 0.630105 0.86758 0.0576738 0.123821 0.82589
0 0.493625 0.104319 0.0455118 0.095173 0.929001
0 0.629449 0.866244 0.0610498 0.12995 0.862131
0 0.420675 0.758344 0.0582918 0.129997 0.853217
0 0.271318 0.737381 0.0584643 0.122685 0.837301
0 0.492931 0.103967 0.0451272 0.091841 0.921538
0 0.421484 0.75972 0.0552574 0.122854 0.857684
0 0.628635 0.864961 0.0630626 0.134827 0.849858
0 0.270803 0.73788 0.0569675 0.119437 0.840719
0 0.42199 0.759933 0.0561246 0.126401 0.833023
0 0.271591 0.737493 0.0575946 0.121469 0.829706
0 0.493642 0.102235 0.0477406 0.0967048 0.819466
0 0.629307 0.864926 0.0628217 0.136506 0.804206
0 0.270989 0.735963 0.0565604 0.121689 0.910086
0 0.493557 0.101368 0.0476901 0.0955545 0.900993
0 0.421708 0.754767 0.0553421 0.119423 0.900677
0 0.629226 0.864433 0.0605561 0.133968 0.872619
0 0.494072 0.102906 0.0466089 0.0936524 0.891632
0 0.422562 0.75781 0.0553489 0.125166 0.886473
0 0.271479 0.73701 0.0574998 0.124237 0.881315
0 0.630011 0.868114 0.0607127 0.134623 0.873038
0 0.493341 0.103645 0.0452136 0.0939587 0.926921
0 0.422345 0.756638 0.0556629 0.122039 0.876059
0 0.630418 0.866634 0.0594038 0.131189 0.869391
0 0.271497 0.73684 0.0575828 0.122249 0.864757
0 0.49343 0.103403 0.045807 0.0931647 0.865675
0 0.422359 0.758698 0.0553442 0.128141 0.822559
0 0.270843 0.737552 0.0606566 0.123905 0.78506
0 0.63048 0.865865 0.0592231 0.130678 0.773408
0 0.49329 0.105103 0.0477945 0.0971929 0.888236
0 0.422197 0.758189 0.0539256 0.119772 0.834995
0 0.271738 0.736986 0.0586095 0.118874 0.834103
0 0.630428 0.867681 0.0571335 0.130602 0.807242
0 0.493299 0.103472 0.0477149 0.0959995 0.842626
0 0.421449 0.754813 0.0530641 0.115522 0.791843
0 0.270562 0.737022 0.0550186 0.119985 0.786717
0 0.629809 0.868063 0.0567334 0.125736 0.781779
0 0.493728 0.105719 0.0488572 0.0967346 0.866906
0 0.422186 0.754812 0.0536316 0.116491 0.859834
0 0.630557 0.86743 0.0581766 0.122617 0.842072
0 0.271542 0.737074 0.0568992 0.121784 0.832496
0 0.492599 0.106189 0.048701 0.0965239 0.85108
0 0.421599 0.757243 0.0545035 0.121032 0.845716
0 0.629905 0.867094 0.0589099 0.120727 0.827259
0 0.270824 0.736394 0.0570069 0.120777 0.823721
0 0.493607 0.102671 0.046564 0.0986531 0.852814
0 0.271647 0.73734 0.0578477 0.125197 0.815583
0 0.421662 0.760797 0.0554596 0.125672 0.810628
0 0.631173 0.867102 0.0564902 0.123564 0.808415
0 0.493567 0.103339 0.0475188 0.0979417 0.8597
0 0.630844 0.868719 0.0567219 0.121188 0.830622
0 0.421065 0.76065 0.0573311 0.130896 0.829561
0 0.27246 0.736298 0.0599988 0.125343 0.809493
0 0.49343 0.103656 0.0462638 0.0941339 0.894719
0 0.420679 0.758939 0.055486 0.128105 0.849057
0 0.630965 0.868058 0.0554796 0.121473 0.847897
0 0.271253 0.737403 0.0578467 0.127693 0.833529
0 0.493094 0.10467 0.0476707 0.0970354 0.841683
0 0.420563 0.761466 0.0566607 0.131837 0.799683
0 0.631194 0.868888 0.057462 0.128535 0.785736
0 0.270861 0.737766 0.0587967 0.131733 0.757022
0 0.493729 0.104711 0.0473601 0.0981073 0.895047
0 0.420696 0.759959 0.0566312 0.126842 0.889945
0 0.270513 0.736987 0.0589304 0.125968 0.865043
0 0.631189 0.865648 0.0597401 0.126951 0.851186
0 0.420454 0.760856 0.0564173 0.12885 0.818625
0 0.493112 0.106353 0.0472714 0.0981089 0.813904
0 0.630518 0.86714 0.0610725 0.129416 0.784866
0 0.270274 0.738135 0.0591158 0.128694 0.773858
0 0.492902 0.103404 0.0476694 0.0925241 0.911375
0 0.271469 0.738339 0.0590248 0.128963 0.879181
0 0.421646 0.753774 0.0565895 0.12393 0.865398
0 0.630313 0.864219 0.063149 0.136643 0.860641
0 0.493278 0.104751 0.0467851 0.0919445 0.913539
0 0.271586 0.738711 0.0577343 0.121258 0.889862
0 0.421812 0.755182 0.0558835 0.120819 0.872093
0 0.630188 0.866467 0.059333 0.124208 0.859751
0 0.492593 0.102459 0.0489114 0.099259 0.904404
0 0.271176 0.736778 0.0580982 0.126029 0.855797
0 0.629979 0.862395 0.0611005 0.131616 0.825148
0 0.42125 0.753481 0.0561593 0.12488 0.823728
0 0.494157 0.103004 0.0459505 0.0936074 0.862261
0 0.421376 0.756022 0.0547715 0.119325 0.860544
0 0.271265 0.737836 0.0568241 0.12027 0.841719
0 0.630683 0.867062 0.0578647 0.12219 0.823569
0 0.420945 0.755578 0.056883 0.124478 0.83276
0 0.493402 0.10197 0.0489777 0.0947476 0.823234
0 0.629454 0.86854 0.0604507 0.124981 0.811661
0 0.27081 0.739686 0.0594035 0.127 0.800888
0 0.493467 0.102557 0.0463878 0.0900642 0.816259
0 0.421245 0.756279 0.0555526 0.120585 0.804364
0 0.270558 0.740142 0.0577748 0.122482 0.796825
0 0.629927 0.870613 0.0567608 0.116921 0.788244
0 0.47803 0.492843 0.0388102 0.0384985 0.147567
0 0.471984 0.220057 0.0454813 0.0661857 0.107687
0 0.494318 0.104048 0.0464087 0.0943467 0.842681
0 0.42276 0.756153 0.0576813 0.120752 0.834316
0 0.271667 0.737799 0.0601811 0.124957 0.833547
0 0.631118 0.86498 0.0581501 0.127139 0.831177
0 0.49401 0.104588 0.0465544 0.0944086 0.834722
0 0.271082 0.740035 0.0597499 0.125094 0.82486
0 0.422107 0.758381 0.057391 0.121111 0.824588
0 0.630457 0.86744 0.0587047 0.125907 0.822417
0 0.494143 0.102192 0.0477035 0.09669 0.846779
0 0.421461 0.757075 0.0565929 0.120872 0.831128
0 0.630971 0.866751 0.0572358 0.124204 0.814658
0 0.271394 0.738505 0.0585255 0.125726 0.804652
0 0.478611 0.492231 0.0381738 0.0386085 0.168071
0 0.493696 0.101442 0.0484598 0.0960422 0.825932
0 0.420489 0.755908 0.0570229 0.124014 0.813969
0 0.630321 0.86522 0.0571616 0.129408 0.793353
0 0.270392 0.738552 0.0589117 0.128414 0.768281
0 0.494207 0.10269 0.0470725 0.0923565 0.885184
0 0.421751 0.753841 0.055512 0.125322 0.873759
0 0.270975 0.734849 0.0568718 0.126968 0.867649
0 0.631193 0.864268 0.0566282 0.133898 0.866608
0 0.494336 0.10328 0.0478705 0.0969332 0.846735
0 0.421217 0.755857 0.0571799 0.127551 0.820882
0 0.630598 0.865095 0.0603071 0.138198 0.820434
0 0.271032 0.73648 0.0591578 0.126196 0.8182
0 0.494277 0.102101 0.0478799 0.0948083 0.911357
0 0.629061 0.865504 0.0616714 0.132327 0.885912
0 0.270488 0.73785 0.0587871 0.124294 0.875343
0 0.421117 0.755166 0.0562536 0.122263 0.866855
0 0.494473 0.102436 0.0487685 0.0947598 0.867746
0 0.62913 0.865978 0.0623785 0.132313 0.830116
0 0.421238 0.756418 0.0561468 0.122835 0.819753
0 0.270765 0.735851 0.0583547 0.122305 0.808644
0 0.493784 0.10271 0.0486238 0.0947029 0.892789
0 0.270557 0.736781 0.0560594 0.128622 0.883858
0 0.628443 0.862463 0.0625285 0.145888 0.866697
0 0.421316 0.754356 0.0539899 0.129041 0.862107
0 0.493924 0.102829 0.0482349 0.094596 0.872199
0 0.270753 0.736808 0.056417 0.125175 0.857669
0 0.62818 0.862634 0.0617283 0.143037 0.849128
0 0.421968 0.756021 0.0550711 0.127203 0.846527
0 0.494185 0.104474 0.0482349 0.0979519 0.879383
0 0.270781 0.737878 0.0564424 0.125188 0.866254
0 0.629849 0.865648 0.057333 0.134639 0.865557
0 0.421219 0.757459 0.0551914 0.123864 0.85741
0 0.421409 0.755975 0.0542173 0.121682 0.854311
0 0.49454 0.103717 0.0465977 0.0944847 0.853006
0 0.270769 0.735298 0.0565343 0.12403 0.849398
0 0.630808 0.864951 0.0567358 0.129967 0.845479
0 0.49375 0.103693 0.0489763 0.0967009 0.876143
0 0.421494 0.757054 0.055733 0.125727 0.852156
0 0.271421 0.736747 0.0585412 0.125178 0.846317
0 0.628841 0.866937 0.0612084 0.143584 0.840048
0 0.629423 0.866903 0.0587788 0.136952 0.82897
0 0.493628 0.102798 0.0487682 0.096973 0.827663
0 0.271194 0.737031 0.0573452 0.121168 0.824052
0 0.421523 0.755905 0.0555523 0.122062 0.809529
0 0.63077 0.866123 0.0563518 0.127871 0.890193
0 0.420969 0.754027 0.0561714 0.124 0.869857
0 0.492958 0.103438 0.049999 0.0951939 0.864041
0 0.27107 0.737149 0.0573969 0.120817 0.861896
0 0.630753 0.86716 0.0563722 0.128754 0.864685
0 0.42111 0.756071 0.0567566 0.125395 0.852642
0 0.492985 0.104197 0.0507042 0.0994735 0.829212
0 0.271222 0.737067 0.0580404 0.124218 0.824697
0 0.630413 0.865361 0.0566658 0.132698 0.900754
0 0.493672 0.103524 0.0491574 0.0976645 0.87799
0 0.421253 0.754259 0.0548664 0.122548 0.872372
0 0.270861 0.735948 0.0569224 0.123686 0.864203
0 0.493787 0.104062 0.0485541 0.0940915 0.893545
0 0.631096 0.866324 0.0556882 0.126655 0.871651
0 0.271028 0.736281 0.0564223 0.121587 0.867447
0 0.421269 0.754265 0.0549524 0.120941 0.854448
0 0.49327 0.103288 0.0498902 0.0974715 0.921671
0 0.629993 0.865205 0.0574175 0.129846 0.890847
0 0.271341 0.736401 0.0586411 0.124728 0.883808
0 0.421558 0.753257 0.0564548 0.1253 0.879399
0 0.49346 0.104093 0.048254 0.0976767 0.900399
0 0.630833 0.865597 0.0555021 0.130161 0.860019
0 0.271332 0.738922 0.0572331 0.122282 0.848521
0 0.421525 0.754714 0.055512 0.125634 0.846885
0 0.629735 0.864447 0.0591685 0.133618 0.873235
0 0.271121 0.736922 0.0588201 0.121641 0.868924
0 0.420448 0.754588 0.0576857 0.125141 0.867163
0 0.493018 0.102485 0.0501012 0.0979125 0.864
0 0.630973 0.865292 0.0562776 0.131641 0.891151
0 0.42087 0.755864 0.0561009 0.124003 0.886188
0 0.271494 0.737415 0.0570111 0.120288 0.884073
0 0.493277 0.103401 0.0494547 0.0987819 0.875156
0 0.420434 0.756242 0.0565005 0.127639 0.840378
0 0.493022 0.1035 0.0500762 0.098198 0.816225
0 0.630216 0.864775 0.0591006 0.136433 0.815175
0 0.2707 0.737606 0.0573558 0.123243 0.799143
0 0.420895 0.755744 0.0563851 0.125777 0.907928
0 0.631598 0.866089 0.0565492 0.130196 0.895979
0 0.493672 0.103114 0.048979 0.0960318 0.894665
0 0.271188 0.73745 0.0570016 0.121801 0.893318
0 0.42111 0.755269 0.0550541 0.124868 0.896257
0 0.271229 0.737886 0.0563199 0.122223 0.876185
0 0.493736 0.102736 0.0485313 0.0940903 0.874173
0 0.631236 0.864991 0.0551959 0.131541 0.871226
0 0.271617 0.737605 0.0560671 0.120285 0.89094
0 0.421834 0.75672 0.054916 0.121511 0.890276
0 0.493534 0.102726 0.0489326 0.0921073 0.87048
0 0.631166 0.866958 0.0557971 0.125302 0.864228
0 0.63078 0.867517 0.0549538 0.121944 0.849436
0 0.270851 0.737626 0.056231 0.119572 0.844331
0 0.493893 0.103011 0.0486251 0.0934114 0.837521
0 0.421444 0.755743 0.0551631 0.118117 0.836822
0 0.420945 0.755154 0.0565733 0.126243 0.884406
0 0.62964 0.866944 0.0571825 0.132534 0.875214
0 0.270204 0.738148 0.0585729 0.123766 0.874554
0 0.493645 0.103463 0.0494749 0.0981443 0.869418
0 0.494346 0.104843 0.0476008 0.0940386 0.862485
0 0.27013 0.738019 0.0574187 0.118747 0.858622
0 0.42113 0.756548 0.054347 0.120793 0.854062
0 0.630237 0.869934 0.0553146 0.123286 0.84411
0 0.270198 0.73696 0.0589027 0.121418 0.881721
0 0.420944 0.755786 0.0552188 0.12532 0.867837
0 0.494038 0.104153 0.0477732 0.0945821 0.867055
0 0.630474 0.869925 0.0577831 0.123276 0.859581
0 0.270627 0.736609 0.0597376 0.123542 0.852298
0 0.631695 0.871298 0.0577731 0.12428 0.851699
0 0.420827 0.756933 0.0560197 0.121477 0.848996
0 0.493233 0.102567 0.049457 0.0943686 0.842258
0 0.270768 0.736965 0.0599037 0.124061 0.884889
0 0.631593 0.872505 0.0587115 0.123139 0.881724
0 0.493904 0.103195 0.0491993 0.0941682 0.875727
0 0.420835 0.758448 0.0558394 0.12174 0.87473
0 0.630629 0.871945 0.058062 0.129543 0.868652
0 0.494142 0.102521 0.050436 0.0981335 0.866598
0 0.420831 0.755534 0.0568779 0.123158 0.856393
0 0.270226 0.735347 0.0605483 0.12582 0.856386
0 0.494277 0.103824 0.0485378 0.0953281 0.876862
0 0.630828 0.870538 0.0554798 0.125258 0.871404
0 0.270611 0.735591 0.0581769 0.120207 0.862511
0 0.421092 0.755247 0.0543115 0.118373 0.853215
0 0.631088 0.869744 0.0574523 0.128877 0.860697
0 0.493722 0.103927 0.0503398 0.0977732 0.847417
0 0.270944 0.736967 0.0606322 0.122223 0.842261
0 0.421195 0.756646 0.0571871 0.124357 0.833857
0 0.631483 0.869994 0.056706 0.129468 0.877901
0 0.271485 0.738023 0.0601861 0.123248 0.86451
0 0.421864 0.757569 0.0565952 0.124382 0.854855
0 0.494661 0.103893 0.048723 0.0974235 0.854131
0 0.42148 0.757269 0.0566987 0.123773 0.866547
0 0.631016 0.870128 0.0566774 0.129342 0.864341
0 0.270777 0.736854 0.0605339 0.126333 0.855658
0 0.495142 0.103858 0.0492879 0.0985727 0.849753
0 0.421489 0.756034 0.0574755 0.123776 0.847456
0 0.629916 0.870575 0.0574676 0.127684 0.846959
0 0.493828 0.10471 0.0504022 0.0952189 0.827981
0 0.270469 0.735949 0.0613355 0.122851 0.826024
0 0.422102 0.756359 0.0553325 0.121064 0.916384
0 0.630619 0.869471 0.0560676 0.12601 0.901773
0 0.271584 0.736695 0.0577082 0.119995 0.897682
0 0.493703 0.105814 0.0497384 0.0964373 0.897464
0 0.630077 0.867951 0.059607 0.131721 0.855682
0 0.421727 0.756303 0.0565111 0.123969 0.853314
0 0.493328 0.105976 0.0524577 0.0981029 0.852334
0 0.271056 0.737731 0.0591776 0.125483 0.847882
0 0.422033 0.755965 0.0545546 0.120177 0.877704
0 0.494334 0.104987 0.0497668 0.0942162 0.867047
0 0.271349 0.738391 0.0570488 0.121237 0.859794
0 0.631532 0.870566 0.0544926 0.124323 0.855517
0 0.4216 0.7561 0.0545612 0.120778 0.906227
0 0.493781 0.104298 0.0500287 0.0953906 0.892742
0 0.270856 0.738122 0.0573761 0.121295 0.892053
0 0.630787 0.871407 0.0548118 0.126034 0.889107
0 0.421462 0.757217 0.0547477 0.121204 0.856143
0 0.270959 0.737877 0.0585857 0.120699 0.851177
0 0.631064 0.870851 0.0558283 0.123393 0.841294
0 0.493533 0.103543 0.0502306 0.0969969 0.827613
0 0.422234 0.756906 0.053948 0.120648 0.89148
0 0.631669 0.8723 0.0550415 0.121507 0.884722
0 0.271775 0.738857 0.0577001 0.122235 0.874618
0 0.494907 0.103905 0.0481151 0.0945168 0.847197
0 0.421477 0.7555 0.0534213 0.118063 0.902773
0 0.631055 0.870851 0.0560958 0.124338 0.895405
0 0.270882 0.7371 0.0570231 0.121309 0.879989
0 0.494911 0.102109 0.0474871 0.0957619 0.860949
0 0.421618 0.757342 0.0534636 0.117247 0.903749
0 0.631615 0.871059 0.0554796 0.122449 0.889058
0 0.27109 0.739231 0.0565933 0.120219 0.879259
0 0.495069 0.102816 0.0479752 0.0941521 0.871648
0 0.421003 0.755845 0.0550046 0.122691 0.901798
0 0.493961 0.10144 0.0487024 0.0960906 0.892906
0 0.631028 0.867174 0.0565029 0.132221 0.885699
0 0.271644 0.737067 0.0587561 0.127336 0.87933
0 0.493504 0.103111 0.0491354 0.0966079 0.86753
0 0.42109 0.75632 0.0558666 0.123411 0.859652
0 0.629757 0.865465 0.0575694 0.135746 0.852223
0 0.271356 0.737917 0.0591359 0.125899 0.846424
0 0.631098 0.868506 0.0560232 0.123934 0.901082
0 0.421843 0.754709 0.0556354 0.118755 0.898367
0 0.493951 0.103068 0.0487421 0.0920578 0.896793
0 0.271399 0.737525 0.0574275 0.117048 0.894638
0 0.420528 0.755061 0.0558346 0.121257 0.88588
0 0.630812 0.868681 0.055575 0.125878 0.87761
0 0.493748 0.103198 0.0485047 0.0966336 0.871285
0 0.271043 0.73696 0.0571055 0.120896 0.865277
0 0.421253 0.754732 0.0552665 0.119606 0.873094
0 0.631279 0.869666 0.0548257 0.122981 0.858509
0 0.271508 0.737522 0.0577412 0.120748 0.854249
0 0.494951 0.101804 0.0474035 0.0949681 0.839996
0 0.420956 0.754586 0.0568044 0.122069 0.901939
0 0.631281 0.86914 0.0568779 0.125341 0.892838
0 0.27166 0.737968 0.0588306 0.123801 0.888096
0 0.49491 0.101338 0.0492008 0.0946172 0.871298
0 0.420438 0.754399 0.0555971 0.121615 0.871274
0 0.630932 0.869256 0.0564881 0.128738 0.866241
0 0.270829 0.73826 0.0575509 0.12493 0.85056
0 0.493933 0.101531 0.0493354 0.0961805 0.841904
0 0.631332 0.868707 0.0573308 0.130137 0.893279
0 0.421108 0.754335 0.0568711 0.124587 0.892804
0 0.271361 0.738247 0.0590915 0.126574 0.872645
0 0.494805 0.10265 0.0490146 0.0967711 0.871329
0 0.420519 0.75473 0.0556385 0.120997 0.89258
0 0.63053 0.869846 0.0567002 0.128846 0.887455
0 0.270337 0.737618 0.0573297 0.124764 0.867432
0 0.493388 0.103897 0.0487852 0.0964732 0.866296
0 0.42136 0.755224 0.0549808 0.119716 0.889893
0 0.630887 0.869657 0.0572265 0.131346 0.872862
0 0.27141 0.739107 0.0580828 0.124239 0.849438
0 0.494142 0.104159 0.0483612 0.0960033 0.843075
0 0.421191 0.754924 0.0548136 0.116509 0.905332
0 0.631406 0.869306 0.0572987 0.129872 0.878931
0 0.270857 0.73734 0.0574102 0.122264 0.878821
0 0.494258 0.104235 0.0478843 0.0932066 0.850583
0 0.421301 0.755354 0.0548628 0.114935 0.912141
0 0.631349 0.870279 0.0568077 0.128374 0.88634
0 0.270666 0.736894 0.0582296 0.120833 0.886115
0 0.494444 0.104079 0.0481948 0.09379 0.86111
