0 0.542374 0.511085 0.0641317 0.122717 0.721861
0 0.413975 0.665291 0.0558046 0.140682 0.594662
0 0.190867 0.682476 0.057924 0.11707 0.583091
0 0.775953 0.687313 0.0572455 0.116548 0.57553
0 0.205861 0.350954 0.0422573 0.0740412 0.243374
0 0.212463 0.416759 0.0253058 0.0528583 0.146963
0 0.41456 0.661337 0.0560671 0.136477 0.754843
0 0.186648 0.675502 0.0719009 0.135504 0.692863
0 0.772873 0.686337 0.0551088 0.126558 0.684025
0 0.541717 0.508828 0.0616543 0.129283 0.524867
0 0.205177 0.376697 0.0488281 0.151921 0.258872
0 0.204678 0.350834 0.0420594 0.0864297 0.210894
0 0.412958 0.187988 0.0212186 0.0534508 0.122491
0 0.414535 0.664133 0.0574599 0.144283 0.810076
0 0.192471 0.685117 0.0603637 0.128488 0.786108
0 0.777873 0.690774 0.0650874 0.134636 0.613888
0 0.542959 0.510947 0.0655039 0.134693 0.560075
0 0.205543 0.373979 0.0523379 0.155389 0.261694
0 0.191879 0.684864 0.059394 0.122313 0.755311
0 0.540775 0.509247 0.0612218 0.123505 0.567777
0 0.772337 0.684732 0.0548929 0.119175 0.563625
0 0.414343 0.692377 0.0573379 0.194056 0.522184
0 0.146643 0.649764 0.0261967 0.0873029 0.192768
0 0.199503 0.375938 0.0527662 0.168722 0.190969
0 0.557568 0.681983 0.0235735 0.0664865 0.180788
0 0.191501 0.687083 0.0643862 0.128046 0.948799
0 0.772534 0.68476 0.0565162 0.118709 0.942222
0 0.541079 0.507992 0.0631872 0.132745 0.920973
0 0.41446 0.659091 0.0604847 0.131503 0.903825
0 0.146568 0.651266 0.0288228 0.0945723 0.467076
0 0.20535 0.378477 0.0507763 0.149897 0.417572
0 0.77252 0.686946 0.0537409 0.114819 0.94195
0 0.415581 0.658702 0.0560631 0.134626 0.93489
0 0.19204 0.687593 0.0586669 0.130469 0.874009
0 0.540683 0.509001 0.0585161 0.131136 0.852634
0 0.205062 0.378514 0.0491419 0.149112 0.396028
0 0.541596 0.352472 0.112022 0.176115 0.217978
0 0.739658 0.347095 0.199935 0.413921 0.138377
0 0.146713 0.650199 0.026209 0.0880264 0.108414
0 0.415402 0.654681 0.0569375 0.137053 0.818555
0 0.191988 0.677333 0.059864 0.140815 0.71171
0 0.772751 0.682967 0.0537745 0.123287 0.625365
0 0.540899 0.509103 0.0586312 0.127885 0.60973
0 0.750815 0.362609 0.220783 0.462996 0.466518
0 0.20428 0.351684 0.0450972 0.0860502 0.13768
0 0.415496 0.657373 0.0592526 0.132771 0.991839
0 0.192449 0.679068 0.063858 0.134907 0.989627
0 0.772812 0.684663 0.0550892 0.125355 0.979776
0 0.541351 0.511584 0.0610871 0.127898 0.976396
0 0.205364 0.358616 0.0468423 0.0962642 0.727591
0 0.772665 0.778116 0.0451971 0.0807986 0.467203
0 0.148702 0.648103 0.0285483 0.0853091 0.149429
0 0.544944 0.603961 0.0397156 0.0671396 0.111933
0 0.193262 0.680884 0.0647983 0.133939 0.927299
0 0.415491 0.656834 0.0580737 0.130707 0.917091
0 0.773005 0.682281 0.0530179 0.119032 0.911339
0 0.541837 0.508376 0.0615023 0.129608 0.875993
0 0.205956 0.376216 0.0523339 0.15446 0.501423
0 0.202234 0.345401 0.0392549 0.0797087 0.19714
0 0.772646 0.682807 0.0530404 0.115817 0.783739
0 0.194102 0.682653 0.0591281 0.122994 0.781168
0 0.415782 0.655085 0.0565547 0.121002 0.77647
0 0.541205 0.508276 0.0589803 0.132864 0.57462
0 0.204362 0.373852 0.0470413 0.150981 0.30737
0 0.147088 0.648584 0.0221152 0.0739928 0.259346
0 0.199603 0.34574 0.0355437 0.0827992 0.227732
0 0.444192 0.881992 0.019969 0.0618667 0.217214
0 0.557778 0.673472 0.0264028 0.0784022 0.179273
0 0.773006 0.787198 0.0417998 0.0553037 0.100518
0 0.194309 0.682651 0.0616119 0.127955 0.965215
0 0.416137 0.661163 0.057176 0.134814 0.94234
0 0.772892 0.685459 0.0560216 0.120461 0.931542
0 0.541695 0.508623 0.0613773 0.133955 0.855323
0 0.206178 0.375782 0.0506765 0.153923 0.468481
0 0.776002 0.734492 0.0487295 0.161859 0.355343
0 0.201269 0.346856 0.0395692 0.0874967 0.192171
0 0.148137 0.651253 0.02983 0.091873 0.159747
0 0.194221 0.678623 0.0559273 0.124193 0.862529
0 0.774208 0.682666 0.0507863 0.111094 0.85107
0 0.416521 0.655135 0.0532675 0.119418 0.777446
0 0.541461 0.503536 0.0564567 0.118345 0.762399
0 0.197869 0.345253 0.0303649 0.079124 0.131767
0 0.772901 0.686382 0.0543048 0.124708 0.671224
0 0.414753 0.663659 0.0589674 0.143404 0.656988
0 0.191865 0.680819 0.0671346 0.14176 0.629148
0 0.540403 0.52402 0.061237 0.155965 0.585731
0 0.203889 0.37608 0.0474595 0.148402 0.284243
0 0.55802 0.675098 0.029031 0.0854463 0.262526
0 0.772769 0.685476 0.0538616 0.122859 0.936397
0 0.415403 0.659685 0.0579022 0.130351 0.929359
0 0.193503 0.684378 0.0589599 0.137846 0.900114
0 0.539928 0.508959 0.0585606 0.123211 0.887249
0 0.202635 0.347518 0.0372102 0.0819399 0.303695
0 0.204645 0.371442 0.0447947 0.139207 0.281051
0 0.558734 0.673144 0.0282572 0.0910089 0.191271
0 0.189413 0.681085 0.0682758 0.138173 0.901648
0 0.415189 0.693167 0.0534878 0.197924 0.72479
0 0.780308 0.688314 0.0662623 0.125907 0.716724
0 0.544814 0.523025 0.0634785 0.150889 0.29949
0 0.197977 0.353132 0.0302413 0.0830451 0.144489
0 0.774516 0.759534 0.0387263 0.0957619 0.111136
0 0.8103 0.508456 0.0262488 0.0680798 0.109756
0 0.772486 0.77895 0.033313 0.0461869 0.104077
0 0.190876 0.677515 0.0639802 0.136584 0.95553
0 0.77949 0.683574 0.0648556 0.122343 0.895633
0 0.415138 0.689288 0.0548583 0.194248 0.889966
0 0.549438 0.515209 0.143667 0.496931 0.772739
0 0.543491 0.511044 0.0677586 0.150415 0.60675
0 0.192165 0.685518 0.0634479 0.130719 0.732606
0 0.415441 0.675835 0.0565322 0.167251 0.718102
0 0.77678 0.686381 0.0588576 0.121694 0.68607
0 0.542986 0.513536 0.0637541 0.133278 0.379911
0 0.560981 0.640391 0.12077 0.365681 0.870704
0 0.774143 0.685121 0.0577615 0.124862 0.862578
0 0.414111 0.692305 0.0594057 0.20622 0.784244
0 0.193265 0.683782 0.0630403 0.129718 0.659765
0 0.541877 0.538635 0.0657437 0.196649 0.607712
0 0.20627 0.373881 0.0505855 0.152184 0.163531
0 0.540587 0.409879 0.115406 0.296577 0.105662
0 0.415316 0.660408 0.0593867 0.132732 0.809717
0 0.773456 0.681166 0.0552068 0.108792 0.801869
0 0.542964 0.509608 0.0630229 0.131047 0.640745
0 0.194441 0.68289 0.059545 0.120195 0.534476
0 0.206848 0.370789 0.0494482 0.1398 0.232851
0 0.534929 0.350721 0.104033 0.172696 0.157109
0 0.773213 0.685171 0.0568585 0.114654 0.91522
0 0.415402 0.662177 0.0607715 0.13676 0.852672
0 0.194121 0.68683 0.0616564 0.129191 0.778559
0 0.543846 0.504762 0.0662348 0.133761 0.627767
0 0.206559 0.377494 0.0533189 0.150508 0.461216
0 0.546692 0.549898 0.0533847 0.163943 0.258241
0 0.414856 0.707931 0.0502378 0.169902 0.241851
0 0.535299 0.354161 0.105745 0.18145 0.221146
0 0.562775 0.706851 0.105082 0.18417 0.103842
0 0.415204 0.659078 0.0577786 0.138883 0.829547
0 0.772654 0.685064 0.0533279 0.114694 0.807207
0 0.19235 0.68225 0.0617461 0.141236 0.802962
0 0.543265 0.504054 0.0663466 0.135526 0.525476
0 0.411387 0.729039 0.0432912 0.127442 0.13172
0 0.205913 0.374004 0.0504716 0.150762 0.119833
0 0.414925 0.660067 0.056903 0.13681 0.907281
0 0.773409 0.685067 0.0540178 0.113992 0.871563
0 0.191504 0.681305 0.0602723 0.137699 0.853605
0 0.544626 0.506891 0.0696945 0.137272 0.677282
0 0.206716 0.373429 0.0537086 0.148553 0.3517
0 0.414718 0.710309 0.0531468 0.163529 0.221284
0 0.414966 0.747348 0.0505326 0.0859486 0.140316
0 0.545525 0.54516 0.0515309 0.179308 0.104145
0 0.773085 0.680671 0.0533685 0.113773 0.948626
0 0.193201 0.677025 0.0651984 0.142524 0.903543
0 0.415658 0.660619 0.0589002 0.13933 0.871086
0 0.543031 0.508438 0.0641489 0.140005 0.744439
0 0.206461 0.374672 0.0549574 0.152553 0.383299
0 0.409221 0.702919 0.0385458 0.171648 0.367641
0 0.773311 0.680875 0.0539218 0.117651 0.881199
0 0.192659 0.682883 0.0619726 0.138253 0.800883
0 0.415121 0.663783 0.0612012 0.154109 0.753663
0 0.543283 0.506756 0.0646371 0.141826 0.602987
0 0.207077 0.374536 0.0534557 0.157819 0.277724
0 0.406848 0.698505 0.0345555 0.18292 0.176674
0 0.405919 0.743852 0.0287897 0.0869899 0.170961
0 0.414982 0.659913 0.0611233 0.132185 0.964835
0 0.193301 0.684503 0.0614644 0.127896 0.94958
0 0.772689 0.682108 0.0537117 0.113992 0.942232
0 0.542038 0.505722 0.0625409 0.132212 0.897261
0 0.206881 0.376163 0.0529065 0.148427 0.560507
0 0.544295 0.551403 0.0504879 0.163544 0.414975
0 0.405902 0.756445 0.030701 0.068037 0.318379
0 0.40838 0.689211 0.0401099 0.202691 0.178615
0 0.41402 0.659603 0.0603548 0.133953 0.863659
0 0.192471 0.683407 0.0620858 0.128731 0.755043
0 0.771832 0.68158 0.0554941 0.112333 0.711553
0 0.542458 0.507177 0.0637549 0.1312 0.649253
0 0.206066 0.378295 0.0540902 0.147251 0.285306
0 0.407215 0.757312 0.0341653 0.0682642 0.171858
0 0.544264 0.564334 0.0496789 0.139195 0.171727
0 0.414291 0.658141 0.058116 0.133971 0.885867
0 0.192603 0.683005 0.0588973 0.136453 0.860134
0 0.541603 0.508491 0.0603449 0.130444 0.848206
0 0.772676 0.682068 0.0519972 0.1164 0.794295
0 0.205387 0.350926 0.0453209 0.0762341 0.1988
0 0.206617 0.37784 0.0504813 0.142267 0.171089
0 0.414985 0.660745 0.05828 0.132202 0.874166
0 0.541293 0.510058 0.0604393 0.132248 0.870667
0 0.193509 0.686689 0.0585222 0.132661 0.854931
0 0.773588 0.682692 0.0538386 0.114469 0.837843
0 0.206602 0.382218 0.0507405 0.138996 0.33245
0 0.870221 0.190892 0.0308323 0.0588861 0.106288
0 0.415458 0.656113 0.0588614 0.128336 0.904795
0 0.773857 0.683356 0.0540335 0.114522 0.875495
0 0.543043 0.506702 0.0616599 0.13659 0.875182
0 0.194728 0.682395 0.0591899 0.138124 0.854452
0 0.207455 0.374988 0.0520747 0.146738 0.551268
0 0.415674 0.657281 0.0578094 0.131192 0.856905
0 0.19418 0.684172 0.0586975 0.137211 0.811938
0 0.773189 0.685064 0.0521437 0.114322 0.804536
0 0.542618 0.509466 0.0604327 0.135804 0.761484
0 0.206392 0.379148 0.048731 0.14375 0.503464
0 0.415311 0.655284 0.0568895 0.130972 0.951851
0 0.773765 0.682912 0.0521277 0.112072 0.937038
0 0.193176 0.683259 0.0561827 0.127667 0.925777
0 0.540741 0.510806 0.0568212 0.126797 0.923544
0 0.205916 0.377668 0.0508489 0.145964 0.62845
0 0.202389 0.347366 0.0428449 0.0870604 0.237505
0 0.193957 0.684998 0.0573793 0.127453 0.862972
0 0.773653 0.684191 0.0530886 0.112006 0.850759
0 0.414961 0.657034 0.0578533 0.127519 0.84764
0 0.541298 0.511694 0.0582319 0.129943 0.814143
0 0.205977 0.377432 0.0505972 0.142994 0.584802
0 0.415758 0.655107 0.0571266 0.12164 0.908126
0 0.19423 0.683892 0.0568673 0.126027 0.880305
0 0.542023 0.506738 0.0569201 0.125851 0.846195
0 0.773989 0.683426 0.0521194 0.115143 0.833424
0 0.206532 0.377606 0.0494174 0.141104 0.557866
0 0.870476 0.191202 0.0317922 0.0588848 0.374403
0 0.147999 0.656456 0.0318956 0.098961 0.124446
0 0.415006 0.659253 0.0594173 0.129052 0.923191
0 0.772688 0.683811 0.0547417 0.117586 0.921769
0 0.19366 0.684597 0.059784 0.135266 0.915838
0 0.540694 0.506731 0.0614786 0.128703 0.896817
0 0.206331 0.378181 0.0551793 0.155142 0.331793
0 0.19345 0.682211 0.0568515 0.13457 0.886344
0 0.416205 0.657876 0.0568397 0.128799 0.877191
0 0.774411 0.683308 0.050763 0.114689 0.876937
0 0.541268 0.506368 0.0594647 0.12998 0.787341
0 0.206477 0.379005 0.0519819 0.144728 0.549216
0 0.193353 0.682275 0.0565887 0.135704 0.931338
0 0.415302 0.659892 0.0584469 0.134329 0.921244
0 0.773585 0.683428 0.0523463 0.115275 0.912257
0 0.54228 0.508518 0.0595421 0.132388 0.831677
0 0.203821 0.380973 0.0536993 0.154413 0.750104
0 0.415732 0.658998 0.0562172 0.129305 0.918954
0 0.193354 0.68434 0.0566412 0.126404 0.890072
0 0.77482 0.681634 0.0520995 0.112663 0.833557
0 0.54127 0.50763 0.0575145 0.131485 0.823506
0 0.205792 0.377686 0.0507436 0.146838 0.545676
0 0.415248 0.661219 0.0587611 0.133304 0.903883
0 0.193234 0.686001 0.0589804 0.132382 0.871758
0 0.773542 0.683746 0.0531545 0.113804 0.868587
0 0.541661 0.508745 0.0597658 0.132675 0.842108
0 0.206487 0.3765 0.0500609 0.145063 0.35395
0 0.773183 0.684172 0.0518904 0.112464 0.874852
0 0.414595 0.658645 0.0559134 0.125244 0.868709
0 0.540619 0.509432 0.058643 0.129011 0.86232
0 0.193354 0.684825 0.0577933 0.12743 0.829143
0 0.205922 0.375887 0.0486913 0.14318 0.617425
0 0.546068 0.577258 0.0402443 0.118762 0.119295
0 0.773584 0.683641 0.0528542 0.114489 0.836275
0 0.4155 0.656622 0.0571421 0.12455 0.826391
0 0.541391 0.510257 0.0581794 0.128939 0.824668
0 0.194333 0.684348 0.0572905 0.127889 0.824556
0 0.206239 0.374864 0.0509486 0.144399 0.332463
0 0.415703 0.654598 0.0561441 0.122215 0.932404
0 0.540858 0.50728 0.0563862 0.122703 0.92357
0 0.773501 0.681175 0.0514169 0.113452 0.897324
0 0.193971 0.681447 0.056345 0.129549 0.851112
0 0.416101 0.657613 0.058198 0.12939 0.925973
0 0.541759 0.510664 0.05959 0.13161 0.907182
0 0.773673 0.682289 0.0520852 0.111798 0.870733
0 0.193325 0.684001 0.0591681 0.138333 0.865534
0 0.547089 0.580158 0.0404487 0.112513 0.197851
0 0.415268 0.657668 0.0573024 0.127005 0.885362
0 0.772751 0.682507 0.0504405 0.112493 0.88363
0 0.193312 0.68296 0.0586732 0.135969 0.88074
0 0.541385 0.508481 0.0593878 0.128381 0.877546
0 0.204913 0.375386 0.0487397 0.14416 0.247777
0 0.54668 0.561269 0.0450812 0.15556 0.124046
0 0.414662 0.658184 0.0575554 0.129379 0.829908
0 0.773497 0.685073 0.0518376 0.113137 0.815294
0 0.540909 0.510544 0.0595503 0.13232 0.812327
0 0.19377 0.683492 0.0554843 0.136596 0.806944
0 0.415226 0.658068 0.0575884 0.127589 0.874252
0 0.773783 0.684757 0.0513971 0.113129 0.851418
0 0.193431 0.684825 0.0570428 0.127738 0.83632
0 0.540475 0.507926 0.057698 0.120128 0.83426
0 0.547098 0.595715 0.0388688 0.0818611 0.191391
0 0.415071 0.656034 0.0573684 0.125366 0.853598
0 0.193424 0.683969 0.05613 0.127425 0.821679
0 0.539961 0.506224 0.0574591 0.120249 0.812759
0 0.773232 0.683773 0.0509489 0.112002 0.801662
0 0.416524 0.65808 0.0594535 0.127005 0.891912
0 0.194741 0.685022 0.0569721 0.12475 0.865528
0 0.773744 0.68462 0.0511782 0.107124 0.85558
0 0.541774 0.505553 0.0603586 0.12239 0.816528
0 0.207439 0.374905 0.0504141 0.141554 0.323373
0 0.415599 0.657789 0.0594084 0.126784 0.870659
0 0.194297 0.684973 0.0570014 0.122984 0.860034
0 0.773696 0.684509 0.0508251 0.107024 0.845833
0 0.540716 0.506961 0.0604387 0.122832 0.833091
0 0.206381 0.375574 0.0493952 0.139735 0.44606
0 0.547175 0.591176 0.0398474 0.0834191 0.146522
0 0.415388 0.657312 0.0565028 0.127097 0.888769
0 0.774411 0.683294 0.0521671 0.113613 0.865595
0 0.194779 0.6836 0.056494 0.128334 0.851269
0 0.540112 0.507675 0.0574352 0.124445 0.848581
0 0.205461 0.377405 0.0450268 0.137315 0.659666
0 0.546981 0.58945 0.0394326 0.092115 0.381638
0 0.546529 0.550141 0.0479796 0.170793 0.159794
0 0.415479 0.657084 0.0590766 0.130556 0.871429
0 0.540136 0.510846 0.0592759 0.129685 0.870822
0 0.774092 0.68341 0.0530934 0.115138 0.828209
0 0.193935 0.684325 0.0591194 0.132689 0.274327
0 0.205686 0.380614 0.0465717 0.1412 0.132484
0 0.415564 0.657322 0.0565351 0.126535 0.902898
0 0.540766 0.509028 0.0565174 0.127343 0.878791
0 0.193704 0.682462 0.0559086 0.127711 0.821272
0 0.773879 0.681726 0.0514404 0.112092 0.810311
0 0.20444 0.373411 0.0426637 0.124229 0.196724
0 0.415232 0.659931 0.0581287 0.13314 0.830534
0 0.193044 0.684055 0.0572647 0.130205 0.820191
0 0.540196 0.510033 0.059166 0.131816 0.800086
0 0.77376 0.682231 0.052774 0.114051 0.775852
0 0.20602 0.377912 0.0491028 0.138827 0.384319
0 0.415644 0.655947 0.0573703 0.123701 0.903159
0 0.193685 0.682879 0.0572975 0.128068 0.895911
0 0.541406 0.508113 0.0584132 0.120455 0.882706
0 0.774514 0.681515 0.0522196 0.111001 0.868978
0 0.206488 0.375814 0.0503883 0.135227 0.288223
0 0.415942 0.658167 0.0585237 0.128157 0.849189
0 0.194136 0.682156 0.0567068 0.135896 0.845438
0 0.540998 0.511761 0.0603396 0.129502 0.826187
0 0.774137 0.682991 0.0524657 0.112805 0.801276
0 0.205812 0.378177 0.0501387 0.138395 0.168862
0 0.415214 0.653689 0.0580308 0.122845 0.918621
0 0.194485 0.680763 0.0585439 0.13358 0.893533
0 0.53988 0.506324 0.0611135 0.130991 0.884901
0 0.774105 0.681051 0.0526031 0.107883 0.817092
0 0.415438 0.654785 0.0576825 0.12252 0.925006
0 0.539989 0.507187 0.0605058 0.129599 0.884529
0 0.194521 0.683911 0.0577279 0.129489 0.884335
0 0.773977 0.682086 0.0525068 0.106071 0.81293
0 0.415737 0.654275 0.0586086 0.125813 0.909782
0 0.540307 0.506837 0.0614277 0.134063 0.869579
0 0.194059 0.680816 0.0593432 0.136901 0.859008
0 0.773265 0.682037 0.053853 0.111864 0.800945
0 0.415975 0.655895 0.0584353 0.124349 0.896241
0 0.541204 0.5098 0.0585216 0.129489 0.888336
0 0.193735 0.683186 0.0586411 0.128879 0.857216
0 0.773979 0.683345 0.0505692 0.112724 0.845478
0 0.414696 0.658004 0.0607331 0.13 0.87513
0 0.773174 0.683453 0.0547314 0.113976 0.868738
0 0.540312 0.508544 0.0612872 0.133995 0.854929
0 0.193048 0.682678 0.0599571 0.129509 0.828074
0 0.415049 0.657962 0.057722 0.124586 0.859276
0 0.773545 0.683698 0.0523109 0.109843 0.851864
0 0.540778 0.507563 0.0571462 0.126455 0.840674
0 0.193552 0.681906 0.0581476 0.12737 0.828679
0 0.203103 0.378745 0.0448493 0.138408 0.189418
0 0.774661 0.681989 0.0528936 0.112741 0.868725
0 0.541031 0.506588 0.0596633 0.124676 0.861619
0 0.415656 0.656776 0.0582914 0.125388 0.860163
0 0.194445 0.679813 0.0589366 0.133127 0.842402
0 0.774048 0.683061 0.052753 0.113434 0.856012
0 0.540366 0.50802 0.059391 0.122611 0.855008
0 0.415397 0.657502 0.0565623 0.126635 0.854507
0 0.194041 0.681202 0.0586952 0.134067 0.816134
0 0.540972 0.507627 0.0602193 0.124143 0.875459
0 0.773382 0.682118 0.0522057 0.113293 0.856072
0 0.194075 0.682832 0.0574387 0.131066 0.847866
0 0.41553 0.657137 0.059794 0.128559 0.846585
0 0.539997 0.507278 0.060455 0.12735 0.850306
0 0.772716 0.68155 0.0518421 0.113035 0.839265
0 0.41553 0.656324 0.060663 0.128557 0.827917
0 0.193235 0.682066 0.0565563 0.131524 0.81798
0 0.416001 0.654796 0.0580622 0.125052 0.90536
0 0.774098 0.681259 0.0514925 0.110658 0.899824
0 0.540088 0.506268 0.0589408 0.127714 0.894433
0 0.193893 0.681598 0.0564611 0.129705 0.823759
0 0.774163 0.682061 0.053241 0.110636 0.857606
0 0.415388 0.656532 0.0597787 0.130047 0.856489
0 0.539828 0.507412 0.0609596 0.130409 0.843818
0 0.19425 0.682309 0.0584234 0.132266 0.714174
0 0.202192 0.380982 0.0520687 0.142148 0.117881
0 0.41552 0.654847 0.0599756 0.124877 0.919645
0 0.773835 0.682142 0.0528134 0.111033 0.898879
0 0.539702 0.506704 0.0586887 0.123997 0.878435
0 0.193027 0.681948 0.0603901 0.132006 0.807201
0 0.200073 0.38041 0.051201 0.141377 0.409107
0 0.415891 0.654995 0.0596279 0.123289 0.881538
0 0.774005 0.683304 0.052206 0.111904 0.849372
0 0.540459 0.506788 0.058449 0.123185 0.830428
0 0.193064 0.68202 0.0607131 0.131786 0.81301
0 0.201161 0.379133 0.0481246 0.138909 0.270816
0 0.200633 0.346559 0.0405689 0.0733571 0.116049
0 0.41608 0.655188 0.0563116 0.124385 0.904983
0 0.540488 0.506678 0.0573907 0.126889 0.888548
0 0.773829 0.683595 0.0506662 0.111075 0.887952
0 0.193587 0.681243 0.0567387 0.133139 0.882484
0 0.199332 0.346423 0.0390644 0.0773742 0.27353
0 0.416407 0.654417 0.0555938 0.120911 0.896899
0 0.193711 0.6818 0.0567102 0.12992 0.88248
0 0.54039 0.50702 0.0574506 0.124303 0.871195
0 0.773971 0.683375 0.0511497 0.1093 0.865721
0 0.199854 0.346054 0.0373286 0.0733696 0.491858
0 0.201531 0.37652 0.0435401 0.137567 0.117632
0 0.416258 0.653594 0.056935 0.120671 0.905832
0 0.193183 0.683271 0.0566308 0.132412 0.901091
0 0.773538 0.686039 0.0525664 0.111605 0.889456
0 0.540408 0.509077 0.0591159 0.124356 0.887774
0 0.201877 0.362203 0.042818 0.105264 0.493508
0 0.41565 0.652197 0.0578814 0.118549 0.898454
0 0.541035 0.506554 0.0586624 0.120219 0.884707
0 0.773585 0.684915 0.050854 0.110312 0.871557
0 0.193014 0.680893 0.0579149 0.126632 0.868389
0 0.540618 0.506898 0.0612556 0.12501 0.884431
0 0.415009 0.655527 0.0595735 0.122332 0.882758
0 0.773264 0.685665 0.0520501 0.112189 0.878813
0 0.193247 0.683173 0.0570978 0.132959 0.877586
0 0.415383 0.655343 0.0584034 0.120663 0.865485
0 0.193045 0.683912 0.0587654 0.130947 0.861103
0 0.540675 0.506904 0.0610228 0.123638 0.860379
0 0.773431 0.684535 0.0522053 0.112349 0.83049
0 0.415251 0.655513 0.0605201 0.125475 0.908903
0 0.540596 0.507326 0.061379 0.124823 0.90729
0 0.193566 0.683362 0.0595455 0.131807 0.903908
0 0.773355 0.682793 0.0524229 0.109429 0.864714
0 0.193254 0.683994 0.0598495 0.131676 0.886691
0 0.540939 0.509186 0.0613498 0.127035 0.886506
0 0.41516 0.656431 0.0612868 0.12941 0.879465
0 0.773418 0.683725 0.0521976 0.111882 0.828022
0 0.202988 0.379072 0.0458888 0.134197 0.193086
0 0.201199 0.351298 0.0392109 0.0767119 0.175292
0 0.192953 0.681698 0.0583786 0.134695 0.921017
0 0.415107 0.654322 0.0604543 0.12807 0.905502
0 0.540235 0.507304 0.0595543 0.125005 0.904509
0 0.7731 0.683781 0.0505453 0.110306 0.86959
0 0.200564 0.34818 0.0380204 0.076368 0.365881
0 0.201757 0.378135 0.0439442 0.137403 0.353462
0 0.415581 0.652914 0.0589662 0.120777 0.914773
0 0.193266 0.681683 0.0579424 0.130949 0.905116
0 0.541117 0.505672 0.0578014 0.116119 0.897586
0 0.773408 0.683682 0.0508634 0.107248 0.884846
0 0.202111 0.366759 0.0408666 0.107884 0.215861
0 0.415239 0.652227 0.0603666 0.123599 0.935871
0 0.193123 0.679712 0.0585101 0.132373 0.920748
0 0.54084 0.504425 0.0597335 0.11916 0.915158
0 0.773268 0.682093 0.0523086 0.111082 0.913645
0 0.201916 0.371166 0.0430762 0.120145 0.111049
0 0.415742 0.654099 0.0593998 0.124291 0.90441
0 0.5414 0.506757 0.060218 0.125105 0.895247
0 0.193941 0.680739 0.0566343 0.132627 0.889473
0 0.773572 0.682979 0.0503434 0.111097 0.8825
0 0.540746 0.506894 0.0610694 0.123523 0.905295
0 0.414978 0.654864 0.0612598 0.125813 0.886537
0 0.193331 0.680896 0.0590742 0.128567 0.881552
0 0.773224 0.681672 0.0521744 0.108073 0.869512
0 0.541837 0.50897 0.0579132 0.124201 0.916466
0 0.194106 0.682039 0.0577971 0.130495 0.900103
0 0.41597 0.65617 0.059123 0.125811 0.898966
0 0.773805 0.681858 0.0509124 0.10874 0.890122
0 0.540324 0.508997 0.0590132 0.127577 0.87573
0 0.773652 0.68284 0.0526648 0.112322 0.831593
0 0.415967 0.656211 0.060589 0.131906 0.825828
0 0.193702 0.682612 0.0580972 0.13256 0.821007
0 0.540512 0.508234 0.0581516 0.125672 0.917803
0 0.773304 0.681923 0.0523348 0.110727 0.902714
0 0.415836 0.656433 0.0603468 0.129609 0.901606
0 0.193651 0.682104 0.0576886 0.130327 0.895559
0 0.540939 0.507439 0.0559141 0.124089 0.910333
0 0.773361 0.681773 0.0524361 0.109997 0.883947
0 0.415234 0.65681 0.0575773 0.126886 0.872397
0 0.193696 0.683131 0.0567896 0.132886 0.864922
0 0.20377 0.378701 0.0468106 0.144324 0.204894
0 0.540609 0.508262 0.0568365 0.120634 0.906052
0 0.773172 0.682244 0.0534539 0.111035 0.897665
0 0.415041 0.657834 0.0578853 0.125507 0.869287
0 0.193697 0.683629 0.0582256 0.135024 0.866502
0 0.203491 0.378467 0.0466432 0.142769 0.145307
0 0.41557 0.657325 0.0574456 0.122187 0.871925
0 0.540197 0.508534 0.0579926 0.120119 0.864236
0 0.193149 0.683332 0.0570822 0.127816 0.8487
0 0.773154 0.682462 0.0536331 0.112011 0.847193
0 0.415573 0.657318 0.0595916 0.129568 0.892927
0 0.540382 0.505537 0.0598262 0.127086 0.886246
0 0.193203 0.683908 0.0576114 0.13101 0.878178
0 0.774037 0.683134 0.0524459 0.114787 0.862822
0 0.415955 0.657312 0.0576017 0.123028 0.891803
0 0.541067 0.506269 0.0580038 0.121503 0.870486
0 0.193003 0.683518 0.0558144 0.124128 0.85822
0 0.774014 0.682747 0.0491244 0.108235 0.855071
0 0.415145 0.657089 0.0579372 0.125621 0.897426
0 0.540492 0.508007 0.0574971 0.12595 0.893025
0 0.773354 0.682368 0.0503424 0.110779 0.891887
0 0.192693 0.682525 0.057232 0.12832 0.870608
0 0.540669 0.509529 0.0571186 0.122395 0.895771
0 0.415238 0.655757 0.0577072 0.123246 0.883908
0 0.773386 0.682349 0.0507993 0.111373 0.865691
0 0.193362 0.683112 0.0575138 0.128632 0.851255
0 0.415596 0.656313 0.0581632 0.122788 0.912472
0 0.540167 0.511824 0.0574958 0.123841 0.907093
0 0.193433 0.683999 0.0571479 0.12721 0.896282
0 0.773924 0.683356 0.0503415 0.111204 0.895592
0 0.77347 0.680589 0.0513064 0.108863 0.905016
0 0.416394 0.655851 0.0591314 0.124609 0.904765
0 0.19323 0.68258 0.0581059 0.130866 0.883461
0 0.540869 0.507999 0.0585687 0.123635 0.876618
0 0.416273 0.654858 0.0566984 0.118707 0.909104
0 0.773452 0.680893 0.0502555 0.106002 0.901265
0 0.193602 0.682669 0.0569561 0.131167 0.890195
0 0.540819 0.507755 0.0564807 0.120146 0.873232
0 0.414878 0.657719 0.0591507 0.126592 0.886179
0 0.773291 0.682015 0.0536727 0.108884 0.877632
0 0.193516 0.681573 0.0591116 0.134691 0.871163
0 0.539868 0.508991 0.0590623 0.12606 0.854227
0 0.415448 0.65803 0.058819 0.126978 0.894229
0 0.773789 0.683005 0.0521115 0.107876 0.89046
0 0.193654 0.680993 0.0581263 0.131061 0.881514
0 0.54083 0.509327 0.0586563 0.126671 0.87355
0 0.77319 0.682022 0.0526589 0.1082 0.902915
0 0.192904 0.681446 0.059349 0.133895 0.893934
0 0.415103 0.656862 0.0592255 0.128176 0.883345
0 0.540889 0.510511 0.0588605 0.126686 0.85756
0 0.773274 0.681572 0.0527489 0.106168 0.892676
0 0.192585 0.681196 0.0590416 0.130599 0.872458
0 0.414755 0.656567 0.0593546 0.126404 0.867267
0 0.539984 0.508567 0.0587009 0.125685 0.839038
0 0.774173 0.68218 0.0505791 0.107483 0.930555
0 0.415932 0.655716 0.0560241 0.122127 0.91641
0 0.193332 0.681721 0.0574996 0.1276 0.909179
0 0.541027 0.508106 0.0566901 0.123806 0.885629
0 0.193068 0.681052 0.0602816 0.13379 0.879677
0 0.773165 0.682191 0.0528798 0.110449 0.877799
0 0.415798 0.655808 0.0588426 0.127886 0.86236
0 0.540641 0.507691 0.0617859 0.126873 0.852489
0 0.416271 0.655497 0.0585695 0.124631 0.870509
0 0.1931 0.68077 0.0589668 0.130256 0.866746
0 0.773748 0.682684 0.0500963 0.108961 0.85882
0 0.540726 0.506765 0.0599549 0.12284 0.853586
0 0.41666 0.654602 0.058395 0.125437 0.903183
0 0.193038 0.681184 0.0571625 0.133085 0.896335
0 0.773381 0.682368 0.0493012 0.10878 0.888639
0 0.540898 0.507317 0.0588534 0.121432 0.882866
0 0.416175 0.654906 0.0586608 0.124329 0.866434
0 0.193021 0.680779 0.058973 0.127174 0.862369
0 0.540108 0.50777 0.0587994 0.120254 0.854632
0 0.773232 0.681632 0.0504191 0.108617 0.825762
0 0.193481 0.682992 0.0583026 0.129792 0.898126
0 0.54064 0.509778 0.0592091 0.125278 0.895633
0 0.416209 0.657093 0.0607026 0.126445 0.892999
0 0.772964 0.681725 0.0514337 0.107864 0.880108
0 0.192519 0.682223 0.0592907 0.130889 0.908413
0 0.415662 0.656385 0.0610665 0.128303 0.902466
0 0.772144 0.680812 0.0526843 0.107533 0.900132
0 0.539624 0.508457 0.0596927 0.124628 0.894791
0 0.203666 0.381081 0.0472736 0.146462 0.114721
0 0.416547 0.658383 0.0607979 0.128864 0.90464
0 0.193567 0.683093 0.0560515 0.125542 0.897856
0 0.540666 0.508371 0.0598676 0.122221 0.89209
0 0.77276 0.681967 0.0513987 0.106363 0.888986
0 0.416333 0.657037 0.0594788 0.129148 0.90303
0 0.193478 0.679855 0.0573351 0.132085 0.898999
0 0.540259 0.508203 0.0587679 0.124892 0.886901
0 0.773591 0.68155 0.0492082 0.107884 0.873224
0 0.193488 0.681386 0.0590923 0.132681 0.874935
0 0.540316 0.508825 0.0582726 0.123855 0.873146
0 0.415994 0.657391 0.0589596 0.125646 0.865667
0 0.774261 0.682341 0.0497964 0.108475 0.837578
0 0.193464 0.682654 0.0593673 0.125978 0.91952
0 0.415683 0.655486 0.0577675 0.116842 0.918834
0 0.774372 0.682399 0.0501868 0.10445 0.90427
0 0.541607 0.50755 0.0588906 0.1227 0.895924
0 0.192697 0.68166 0.0596099 0.131868 0.907214
0 0.414982 0.655989 0.0577633 0.121873 0.89553
0 0.540483 0.508265 0.0579081 0.124476 0.882167
0 0.773407 0.68191 0.0509636 0.107486 0.880772
0 0.192948 0.681343 0.0584427 0.127915 0.888145
0 0.54083 0.507317 0.0578744 0.123491 0.883037
0 0.414932 0.65576 0.0587756 0.122661 0.879349
0 0.773705 0.681966 0.0505024 0.106545 0.861507
0 0.193018 0.680888 0.0596179 0.130603 0.913252
0 0.540769 0.507091 0.0602019 0.126056 0.910111
0 0.414583 0.657015 0.0609781 0.127192 0.907654
0 0.773093 0.682165 0.0521469 0.107465 0.894184
0 0.203501 0.379551 0.0458016 0.143067 0.175007
0 0.192954 0.680189 0.0585506 0.133489 0.884472
0 0.415212 0.656747 0.0615073 0.129726 0.882047
0 0.540224 0.507693 0.0591821 0.128564 0.875898
0 0.772511 0.682418 0.0509861 0.108719 0.859844
0 0.415892 0.656448 0.063383 0.132578 0.904031
0 0.193688 0.681024 0.0592264 0.134139 0.900249
0 0.773628 0.682573 0.0506666 0.110556 0.890211
0 0.541639 0.506577 0.0611166 0.127117 0.890052
0 0.414443 0.655363 0.0615376 0.130423 0.909644
0 0.540046 0.506723 0.0586365 0.124997 0.896548
0 0.192964 0.681297 0.0581259 0.131456 0.891991
0 0.773282 0.682665 0.0497434 0.108188 0.878749
0 0.415051 0.65615 0.0595993 0.130075 0.893432
0 0.540254 0.506466 0.0591301 0.124935 0.886556
0 0.193468 0.680864 0.0567703 0.130167 0.885967
0 0.773631 0.68283 0.0497188 0.108754 0.870137
0 0.193585 0.680058 0.0561918 0.129157 0.894911
0 0.540614 0.506666 0.0592138 0.121492 0.894207
0 0.773374 0.682602 0.0493978 0.10655 0.891012
0 0.41527 0.657313 0.0587707 0.12525 0.883745
0 0.773528 0.682443 0.0503002 0.106137 0.899225
0 0.193594 0.681529 0.0561377 0.129999 0.897759
0 0.540759 0.507706 0.0600501 0.121357 0.894176
0 0.415493 0.656645 0.0592516 0.123159 0.887395
