0 0.348696 0.755463 0.0581965 0.120817 0.893834
0 0.877906 0.369264 0.0513031 0.110426 0.861056
0 0.506438 0.756733 0.0473343 0.115884 0.597136
0 0.646035 0.3519 0.0557599 0.116185 0.440539
0 0.243065 0.690986 0.0477781 0.111509 0.427113
0 0.680131 0.170399 0.0326333 0.0310544 0.165805
0 0.919572 0.412407 0.0277157 0.0463456 0.114383
0 0.24317 0.690838 0.0518729 0.115751 0.929994
0 0.878931 0.367672 0.0541428 0.116266 0.882353
0 0.350159 0.756753 0.0623713 0.131269 0.805005
0 0.506736 0.749959 0.0532 0.13126 0.639375
0 0.649091 0.350029 0.066569 0.127343 0.498035
0 0.503071 0.703011 0.0442713 0.0892353 0.145719
0 0.678747 0.169695 0.0313269 0.0344612 0.108431
0 0.878721 0.370143 0.057028 0.121294 0.689001
0 0.351038 0.759805 0.0643619 0.131828 0.622571
0 0.243059 0.692498 0.0514966 0.117785 0.505938
0 0.509486 0.76397 0.0610916 0.129138 0.36118
0 0.650259 0.353801 0.0664203 0.126308 0.268863
0 0.876058 0.36747 0.0548655 0.107261 0.734886
0 0.242629 0.693511 0.0512615 0.109282 0.634438
0 0.645836 0.351033 0.0548534 0.114474 0.538335
0 0.505941 0.748401 0.0503422 0.140539 0.497104
0 0.349656 0.759397 0.0588902 0.124509 0.4739
0 0.887309 0.509987 0.0153021 0.0404245 0.136823
0 0.878203 0.366795 0.0554168 0.115988 0.964623
0 0.243236 0.692886 0.0537359 0.11945 0.959059
0 0.351259 0.757589 0.0639404 0.129718 0.910747
0 0.646577 0.354281 0.0579914 0.116497 0.884746
0 0.506112 0.742224 0.0554998 0.154595 0.838509
0 0.877837 0.369121 0.0524083 0.115193 0.920794
0 0.243146 0.694642 0.0507725 0.119516 0.917699
0 0.35188 0.755712 0.0646369 0.137181 0.807281
0 0.646805 0.357308 0.0547877 0.116168 0.786094
0 0.505842 0.762313 0.0504979 0.123218 0.696426
0 0.375031 0.76523 0.0615272 0.117326 0.105002
0 0.878218 0.366111 0.0524814 0.111503 0.785442
0 0.24342 0.691296 0.0508109 0.117533 0.723893
0 0.350772 0.757395 0.0627581 0.132742 0.688858
0 0.64596 0.351095 0.057792 0.127008 0.462448
0 0.507009 0.758962 0.0539116 0.127334 0.372111
0 0.877794 0.368094 0.0539669 0.107608 0.99266
0 0.243453 0.691955 0.0524368 0.115015 0.991601
0 0.350998 0.759557 0.0637291 0.132228 0.974968
0 0.64581 0.353401 0.0590368 0.119935 0.933346
0 0.508867 0.759822 0.0588762 0.130523 0.907969
0 0.378209 0.765113 0.0667733 0.125878 0.124502
0 0.877626 0.367265 0.053905 0.110821 0.925277
0 0.242866 0.690606 0.0533296 0.119626 0.923271
0 0.350538 0.757063 0.0617786 0.135637 0.889059
0 0.507536 0.758852 0.0563956 0.13137 0.799785
0 0.645363 0.354032 0.0571352 0.116575 0.724456
0 0.876631 0.370154 0.0516093 0.111132 0.819811
0 0.242835 0.690082 0.0525301 0.117345 0.740994
0 0.349566 0.754389 0.0561622 0.130571 0.611829
0 0.507623 0.757975 0.0512061 0.12356 0.607775
0 0.64707 0.352574 0.0531124 0.108766 0.560723
0 0.791393 0.888724 0.0202373 0.0433354 0.18131
0 0.843128 0.464125 0.0199438 0.0358431 0.147537
0 0.499133 0.703513 0.0345926 0.0903074 0.100635
0 0.243142 0.69131 0.0538682 0.121136 0.954597
0 0.878105 0.365867 0.0539204 0.118256 0.934623
0 0.349592 0.751978 0.0629679 0.140322 0.934315
0 0.648026 0.353982 0.0596132 0.110337 0.924495
0 0.510188 0.754694 0.0609255 0.139337 0.87016
0 0.671698 0.358226 0.0712197 0.104027 0.10362
0 0.243304 0.689597 0.0512902 0.109979 0.819504
0 0.878568 0.363306 0.050642 0.107246 0.79193
0 0.35006 0.752748 0.0589659 0.130942 0.79146
0 0.648163 0.351759 0.0553836 0.104734 0.704623
0 0.507209 0.757631 0.0520452 0.124228 0.641061
0 0.877236 0.366355 0.0528708 0.112076 0.702
0 0.348757 0.75635 0.0622417 0.143612 0.641436
0 0.242601 0.689873 0.0530313 0.119752 0.619048
0 0.645729 0.353801 0.0542636 0.11497 0.555014
0 0.505602 0.738986 0.0569028 0.178897 0.500029
0 0.348414 0.757691 0.0576809 0.13631 0.92589
0 0.877269 0.369476 0.0506151 0.11321 0.915212
0 0.243115 0.692814 0.0526553 0.12124 0.909929
0 0.506406 0.751158 0.05319 0.149589 0.863177
0 0.646122 0.356501 0.0529958 0.119254 0.792086
0 0.243751 0.691527 0.0501024 0.113798 0.803159
0 0.350853 0.759935 0.0607155 0.129603 0.729275
0 0.513018 0.740724 0.061873 0.170275 0.694312
0 0.654694 0.344338 0.0773694 0.150995 0.566502
0 0.878602 0.364241 0.0535585 0.1216 0.446916
0 0.249004 0.607723 0.0379916 0.0651705 0.11985
0 0.242433 0.689989 0.0532161 0.117302 0.914729
0 0.34906 0.755825 0.0595477 0.128539 0.896039
0 0.514165 0.739409 0.0683792 0.166152 0.83124
0 0.87888 0.363147 0.0561559 0.124215 0.611949
0 0.645595 0.34204 0.0600579 0.140353 0.538333
0 0.89228 0.358316 0.0900368 0.163446 0.303708
0 0.882131 0.400686 0.116543 0.343366 0.233209
0 0.242432 0.691314 0.0517815 0.118478 0.787849
0 0.350414 0.760708 0.0590795 0.127325 0.73594
0 0.649062 0.35476 0.060542 0.122375 0.671929
0 0.510988 0.762695 0.0586942 0.125883 0.641924
0 0.877698 0.368592 0.0539886 0.121575 0.624604
0 0.895987 0.360593 0.0892599 0.150045 0.256436
0 0.242683 0.689419 0.0520954 0.117375 0.908086
0 0.350057 0.757254 0.0602766 0.133642 0.776693
0 0.877111 0.364119 0.0550032 0.122795 0.738061
0 0.509378 0.754119 0.0564595 0.140284 0.686502
0 0.648739 0.350944 0.0654167 0.119702 0.525886
0 0.542409 0.471785 0.114373 0.263959 0.417622
0 0.893577 0.362904 0.0963648 0.192585 0.246481
0 0.384279 0.501194 0.12061 0.263371 0.217042
0 0.244107 0.6887 0.0510601 0.111525 0.871835
0 0.350688 0.754296 0.0599327 0.126169 0.739384
0 0.510684 0.756374 0.0569248 0.123286 0.694278
0 0.877894 0.364238 0.0506377 0.105582 0.657939
0 0.647952 0.353621 0.0560226 0.108661 0.598787
0 0.244815 0.691885 0.0539086 0.118703 0.938287
0 0.350556 0.756943 0.0615146 0.134324 0.866449
0 0.64812 0.357177 0.0581511 0.113077 0.787251
0 0.877729 0.368483 0.0552407 0.117367 0.738654
0 0.512401 0.758521 0.061966 0.132655 0.733626
0 0.544151 0.538959 0.105368 0.139001 0.165114
0 0.39237 0.776279 0.032667 0.0780512 0.140325
0 0.386473 0.575505 0.102835 0.0892322 0.122278
0 0.529127 0.771142 0.0626391 0.128179 0.119682
0 0.242974 0.691363 0.0532173 0.118634 0.833875
0 0.348926 0.759093 0.0593753 0.1382 0.808225
0 0.877303 0.366243 0.0526791 0.118924 0.677574
0 0.50791 0.760704 0.0556115 0.13258 0.649221
0 0.64626 0.356704 0.05587 0.11861 0.628276
0 0.392733 0.777896 0.0305049 0.083244 0.194771
0 0.242318 0.692006 0.0534768 0.116584 0.886234
0 0.349689 0.757716 0.0618895 0.133703 0.860314
0 0.877428 0.367127 0.0538252 0.114472 0.842221
0 0.647238 0.357443 0.0582908 0.113403 0.714469
0 0.508125 0.761535 0.0578064 0.127556 0.711705
0 0.379492 0.774597 0.0671121 0.0952874 0.272869
0 0.673842 0.359647 0.0712487 0.104911 0.231142
0 0.243912 0.691737 0.0563187 0.119018 0.947614
0 0.349719 0.756935 0.0602554 0.130741 0.91095
0 0.877756 0.368416 0.0528854 0.112868 0.895599
0 0.507729 0.754898 0.0565279 0.135025 0.837673
0 0.645992 0.354121 0.0556729 0.114298 0.778157
0 0.389088 0.776971 0.0457775 0.0855082 0.129844
0 0.243549 0.688649 0.0553389 0.127838 0.891218
0 0.349803 0.754442 0.0592278 0.136339 0.846103
0 0.876542 0.367193 0.052352 0.116364 0.827973
0 0.509145 0.749559 0.058098 0.148311 0.755943
0 0.647334 0.351881 0.0551649 0.117133 0.750757
0 0.244003 0.690063 0.0553963 0.117206 0.949915
0 0.876533 0.36606 0.0539089 0.113354 0.934172
0 0.34769 0.75687 0.0604717 0.135532 0.931654
0 0.507063 0.757127 0.0575155 0.134077 0.911657
0 0.646741 0.354856 0.0557538 0.110547 0.878332
0 0.393994 0.778352 0.034464 0.0856031 0.142145
0 0.869277 0.484525 0.028782 0.0830632 0.113787
0 0.243608 0.692732 0.0553912 0.115204 0.771515
0 0.876876 0.366593 0.0565252 0.110786 0.748118
0 0.348107 0.758681 0.0634445 0.131789 0.721516
0 0.64633 0.354453 0.0606837 0.114247 0.639293
0 0.508365 0.758562 0.0616512 0.134715 0.599917
0 0.243212 0.69311 0.053035 0.117408 0.861555
0 0.876976 0.366061 0.0544534 0.113795 0.844157
0 0.646346 0.354006 0.0558729 0.114004 0.800709
0 0.348964 0.760365 0.0603832 0.131827 0.784091
0 0.506677 0.759709 0.0545627 0.126707 0.640323
0 0.243547 0.692613 0.0535137 0.118453 0.882634
0 0.646745 0.355011 0.0565075 0.115145 0.858298
0 0.876066 0.367471 0.0530203 0.114405 0.844026
0 0.348989 0.757596 0.056521 0.131003 0.826276
0 0.507612 0.762098 0.055729 0.12519 0.751626
0 0.24407 0.687894 0.0546241 0.119186 0.897148
0 0.348666 0.755346 0.0571872 0.135637 0.860473
0 0.646899 0.355306 0.0566656 0.116195 0.856783
0 0.876713 0.365894 0.0554035 0.113646 0.813115
0 0.508262 0.751642 0.0562402 0.140864 0.754341
0 0.681173 0.166628 0.0250568 0.0374722 0.120562
0 0.243616 0.689548 0.0537803 0.117171 0.844623
0 0.348662 0.757498 0.0567401 0.134827 0.793986
0 0.876613 0.367443 0.0536721 0.112804 0.777649
0 0.646886 0.35635 0.0570284 0.116211 0.76153
0 0.50687 0.755576 0.0542263 0.139069 0.728548
0 0.681066 0.167157 0.0264564 0.0382927 0.103246
0 0.242625 0.691011 0.0518923 0.119722 0.934485
0 0.876389 0.3657 0.0529692 0.108719 0.927018
0 0.348336 0.757814 0.055416 0.128268 0.913376
0 0.645205 0.355078 0.0558847 0.116849 0.908295
0 0.505517 0.757012 0.0522541 0.129199 0.904122
0 0.242593 0.690385 0.0537957 0.110862 0.859475
0 0.876907 0.368671 0.0518383 0.108277 0.851679
0 0.348213 0.759725 0.0550568 0.125196 0.846109
0 0.505622 0.760772 0.0521903 0.125181 0.784027
0 0.646512 0.355271 0.0573682 0.111173 0.780732
0 0.243544 0.690482 0.0521918 0.11381 0.863388
0 0.877236 0.368837 0.0502669 0.107838 0.841137
0 0.50639 0.760689 0.0515035 0.121497 0.837438
0 0.348951 0.75925 0.055135 0.126968 0.834872
0 0.646226 0.355444 0.0566829 0.109524 0.7912
0 0.907602 0.215847 0.0254725 0.0355732 0.293179
0 0.681089 0.166529 0.0258134 0.0398367 0.228036
0 0.788084 0.873719 0.0333657 0.0696369 0.138997
0 0.243674 0.692844 0.0548867 0.117974 0.924903
0 0.876457 0.370502 0.0545859 0.111163 0.893421
0 0.347815 0.760613 0.0585257 0.132021 0.890833
0 0.646231 0.356435 0.0594917 0.116931 0.888868
0 0.506894 0.738937 0.0565444 0.175426 0.876742
0 0.243134 0.688689 0.0541324 0.118141 0.874064
0 0.877331 0.368914 0.05158 0.114767 0.815401
0 0.348538 0.760353 0.0557168 0.132157 0.782332
0 0.507053 0.761461 0.0541087 0.125059 0.777896
0 0.647199 0.356927 0.0576046 0.117301 0.7537
0 0.909112 0.215689 0.0208672 0.0361886 0.241222
0 0.682967 0.164922 0.0220994 0.0385581 0.135448
0 0.788788 0.882634 0.0297312 0.0504619 0.132111
0 0.243294 0.689059 0.0539792 0.119151 0.928873
0 0.876519 0.369692 0.052368 0.115314 0.901854
0 0.508197 0.76161 0.0580654 0.128096 0.889657
0 0.647169 0.354411 0.0575196 0.113936 0.882754
0 0.348104 0.758785 0.057302 0.129412 0.848034
0 0.907777 0.215861 0.0255218 0.0357187 0.446248
0 0.681305 0.16504 0.0264944 0.040009 0.424454
0 0.787777 0.876977 0.0329818 0.0636812 0.276135
0 0.242824 0.690597 0.0530655 0.113642 0.866542
0 0.877325 0.369513 0.0517911 0.111795 0.853754
0 0.508347 0.761282 0.0577715 0.125815 0.842982
0 0.64732 0.35464 0.0582849 0.111961 0.831137
0 0.348595 0.758773 0.0584598 0.128181 0.799736
0 0.909864 0.215031 0.019612 0.0298512 0.127523
0 0.87672 0.371981 0.0521994 0.112047 0.892647
0 0.242863 0.693623 0.0547023 0.112864 0.864114
0 0.647575 0.356697 0.0582134 0.112363 0.850219
0 0.349229 0.760275 0.0587763 0.131782 0.832762
0 0.507346 0.762194 0.055249 0.12965 0.832399
0 0.243602 0.692931 0.0524317 0.111555 0.869788
0 0.875881 0.370524 0.0517448 0.108076 0.861626
0 0.646789 0.356698 0.0560065 0.110226 0.853325
0 0.349211 0.760447 0.0566703 0.124543 0.837385
0 0.506555 0.760127 0.0532263 0.128054 0.834673
0 0.909919 0.215437 0.0186851 0.0311524 0.116754
0 0.647696 0.355241 0.0577559 0.113788 0.825574
0 0.244147 0.691648 0.0539196 0.112164 0.824447
0 0.877706 0.369595 0.0509445 0.111114 0.808234
0 0.350617 0.759504 0.058598 0.127516 0.796202
0 0.509089 0.760482 0.0577261 0.12756 0.784611
0 0.243275 0.690805 0.0528992 0.109656 0.908442
0 0.877306 0.367813 0.0505145 0.108595 0.897555
0 0.349558 0.75727 0.0561047 0.127345 0.893215
0 0.646845 0.353481 0.0552799 0.112932 0.872596
0 0.506921 0.757347 0.0530536 0.125072 0.795897
0 0.243373 0.692872 0.0539925 0.111273 0.911679
0 0.877538 0.369066 0.0520318 0.112233 0.872712
0 0.350361 0.759155 0.058868 0.130445 0.872214
0 0.649095 0.35689 0.0621639 0.112924 0.834992
0 0.507458 0.761325 0.0538418 0.127515 0.803931
0 0.243019 0.691597 0.0521747 0.112472 0.88355
0 0.349015 0.760261 0.0573098 0.13008 0.868622
0 0.87694 0.370502 0.0497853 0.110867 0.867067
0 0.647509 0.355015 0.0562173 0.111973 0.845764
0 0.506804 0.761351 0.0519223 0.127424 0.830904
0 0.242865 0.692014 0.0532996 0.11446 0.824061
0 0.348846 0.759876 0.0575301 0.130204 0.814384
0 0.647794 0.35754 0.0564715 0.110414 0.803344
0 0.877232 0.369423 0.0500706 0.109162 0.801037
0 0.506723 0.760908 0.0516158 0.127447 0.79246
0 0.876701 0.368744 0.0509393 0.110293 0.836059
0 0.24269 0.692057 0.053872 0.113885 0.831265
0 0.647724 0.356612 0.0565422 0.113142 0.822291
0 0.34937 0.760324 0.057401 0.12823 0.81281
0 0.507508 0.761706 0.0530998 0.125461 0.778715
0 0.875908 0.367862 0.0512185 0.11085 0.805116
0 0.348595 0.760351 0.0560768 0.127238 0.798262
0 0.242089 0.691 0.0547763 0.112967 0.790885
0 0.646424 0.355489 0.0549662 0.112448 0.790404
0 0.505884 0.75315 0.0527812 0.148218 0.747719
0 0.876765 0.370518 0.0518623 0.110285 0.846905
0 0.243386 0.689262 0.0572992 0.114879 0.770133
0 0.349915 0.76039 0.059874 0.130332 0.766763
0 0.64933 0.355319 0.0613586 0.108713 0.718175
0 0.508545 0.760703 0.0576857 0.128248 0.707537
0 0.24268 0.689435 0.0566645 0.116402 0.848835
0 0.876262 0.367753 0.0506679 0.110196 0.843827
0 0.349255 0.758697 0.0570507 0.125323 0.827415
0 0.64697 0.355204 0.0550739 0.107623 0.813788
0 0.506802 0.759438 0.0548572 0.128447 0.795312
0 0.349311 0.759159 0.0576716 0.126637 0.878488
0 0.647119 0.353986 0.0556507 0.112786 0.867219
0 0.242523 0.689604 0.0540619 0.115114 0.855431
0 0.877077 0.367792 0.0497506 0.111305 0.832141
0 0.505954 0.761199 0.0529297 0.127261 0.804289
0 0.788386 0.864921 0.0359161 0.0928152 0.161569
0 0.349496 0.758803 0.0611832 0.130625 0.890096
0 0.242606 0.690153 0.0558931 0.115068 0.8684
0 0.877313 0.367842 0.0505778 0.110878 0.844099
0 0.507455 0.760669 0.0559524 0.126611 0.80385
0 0.647307 0.354546 0.058842 0.114731 0.74884
0 0.876507 0.36941 0.0492647 0.110806 0.899523
0 0.242466 0.690635 0.0537133 0.111762 0.856668
0 0.348962 0.758473 0.0579628 0.12935 0.829216
0 0.506428 0.761303 0.0525205 0.124288 0.798064
0 0.646742 0.354666 0.0554511 0.11155 0.744324
0 0.876608 0.370231 0.0499185 0.111269 0.848064
0 0.348942 0.759941 0.0575975 0.129731 0.823937
0 0.242465 0.691 0.0542006 0.113567 0.822089
0 0.646279 0.354925 0.0567442 0.114803 0.770416
0 0.506999 0.762155 0.0544135 0.127892 0.75558
0 0.349312 0.759748 0.057068 0.12577 0.916907
0 0.877038 0.369008 0.0510806 0.108945 0.900305
0 0.242504 0.691508 0.0552864 0.111683 0.873315
0 0.647141 0.355663 0.0581236 0.109491 0.844794
0 0.506841 0.759178 0.0538534 0.12169 0.84243
0 0.348873 0.760151 0.0579078 0.129859 0.860083
0 0.876209 0.371058 0.0520387 0.111451 0.832686
0 0.242679 0.691312 0.0556663 0.112304 0.822173
0 0.64671 0.35598 0.0571051 0.112681 0.811912
0 0.507749 0.761657 0.0554629 0.126327 0.795317
0 0.876806 0.369436 0.0520594 0.11118 0.880554
0 0.349295 0.759667 0.0583598 0.133109 0.877116
0 0.242976 0.690652 0.0532157 0.114835 0.862922
0 0.647734 0.354513 0.0595385 0.112789 0.855008
0 0.50842 0.75523 0.0573474 0.135455 0.833227
0 0.907737 0.217212 0.0295131 0.036299 0.134593
0 0.877095 0.370263 0.0509586 0.111749 0.882034
0 0.242939 0.690988 0.0527402 0.113995 0.868788
0 0.349096 0.759141 0.0577987 0.13103 0.865265
0 0.647301 0.35462 0.0584142 0.109377 0.859048
0 0.507408 0.76067 0.0547413 0.124005 0.834835
0 0.908086 0.217204 0.0285999 0.0360528 0.301086
0 0.876908 0.369532 0.0511473 0.115857 0.874417
0 0.243263 0.689311 0.0542838 0.117698 0.861409
0 0.647065 0.353133 0.0599473 0.115101 0.83786
0 0.348478 0.758025 0.0600134 0.136108 0.813839
0 0.508796 0.743061 0.0615237 0.16508 0.802279
0 0.242361 0.691507 0.0565491 0.113481 0.875989
0 0.876397 0.370491 0.0498502 0.10601 0.854739
0 0.348683 0.759553 0.0561263 0.127988 0.851527
0 0.647024 0.355339 0.0553378 0.113191 0.836391
0 0.507196 0.761146 0.0549545 0.124638 0.815937
0 0.242532 0.691206 0.0573019 0.116163 0.873141
0 0.349454 0.757708 0.0602919 0.131883 0.833622
0 0.875998 0.369544 0.0537048 0.112548 0.832035
0 0.646925 0.354869 0.0596195 0.116891 0.819732
0 0.506951 0.759203 0.0559103 0.12866 0.797141
0 0.242851 0.69117 0.0550051 0.113208 0.833811
0 0.348685 0.757203 0.0582759 0.129267 0.815756
0 0.647171 0.355179 0.0578008 0.114859 0.808143
0 0.876309 0.36912 0.0507419 0.108777 0.793871
0 0.50629 0.757605 0.0514725 0.121768 0.777728
0 0.566591 0.54792 0.031554 0.0540061 0.156307
0 0.243284 0.692399 0.0551807 0.113223 0.864843
0 0.876946 0.368459 0.0514845 0.111638 0.854743
0 0.34943 0.757369 0.0588324 0.128438 0.850166
0 0.647583 0.354723 0.0589218 0.115663 0.843795
0 0.507054 0.756988 0.0529467 0.123229 0.795854
0 0.242516 0.694018 0.0560332 0.116391 0.846564
0 0.646974 0.355961 0.0571652 0.115608 0.839884
0 0.876816 0.369516 0.050272 0.112669 0.834409
0 0.34886 0.760231 0.0585169 0.128652 0.833383
0 0.506364 0.759706 0.0525276 0.122034 0.796827
0 0.876331 0.368713 0.0513985 0.11048 0.845013
0 0.647049 0.355427 0.057567 0.116756 0.843104
0 0.242742 0.691912 0.0569683 0.115319 0.842844
0 0.349625 0.759562 0.0592706 0.129202 0.828619
0 0.507718 0.758439 0.0543247 0.12206 0.822591
0 0.908022 0.215316 0.0274687 0.0342784 0.129524
0 0.242233 0.690772 0.0568641 0.117242 0.836776
0 0.876322 0.367894 0.0510275 0.110944 0.82481
0 0.645902 0.355056 0.0574558 0.117971 0.81234
0 0.348968 0.759635 0.058638 0.130956 0.803638
0 0.506942 0.759873 0.0546474 0.126614 0.792194
0 0.24299 0.689418 0.0554918 0.116135 0.894488
0 0.877427 0.366495 0.0499877 0.108695 0.887544
0 0.349222 0.758217 0.0571003 0.127178 0.883012
0 0.646791 0.355134 0.0568375 0.115798 0.87664
0 0.50708 0.758444 0.0532217 0.125947 0.841521
0 0.242669 0.689879 0.0574102 0.116069 0.859848
0 0.876192 0.368762 0.0523265 0.111303 0.843732
0 0.349446 0.759336 0.0595971 0.130126 0.837745
0 0.647097 0.3563 0.0591633 0.117619 0.832666
0 0.506507 0.753918 0.0555111 0.142598 0.779694
0 0.875732 0.368487 0.0511481 0.108055 0.897236
0 0.349303 0.759627 0.0586975 0.132505 0.883532
0 0.242501 0.692572 0.0560545 0.113051 0.881845
0 0.646389 0.356583 0.0555594 0.112292 0.863838
0 0.50646 0.758291 0.0552934 0.132988 0.834308
0 0.876299 0.368764 0.0511029 0.107515 0.852223
0 0.243072 0.693209 0.0552869 0.113931 0.842032
0 0.34976 0.759434 0.058303 0.134141 0.816133
0 0.646315 0.358569 0.0546612 0.109317 0.814528
0 0.507738 0.758192 0.0568818 0.136874 0.772616
0 0.242627 0.692004 0.0541072 0.112795 0.904405
0 0.349897 0.75908 0.0571772 0.134156 0.887362
0 0.876746 0.367397 0.0493817 0.107426 0.864515
0 0.645879 0.35738 0.051909 0.109224 0.829278
0 0.507449 0.754849 0.055171 0.143462 0.822934
0 0.788667 0.871608 0.0340204 0.0746464 0.136171
0 0.242536 0.691553 0.0547805 0.112156 0.883865
0 0.350005 0.758472 0.0572937 0.130508 0.85584
0 0.876657 0.367543 0.0495622 0.108019 0.854191
0 0.646299 0.357076 0.0522281 0.106752 0.816067
0 0.50781 0.75458 0.0552026 0.137656 0.776249
0 0.789041 0.870712 0.033797 0.0721995 0.206832
0 0.242056 0.691918 0.0560426 0.117548 0.889077
0 0.875992 0.370014 0.0505909 0.113512 0.880603
0 0.646323 0.357546 0.0535884 0.108651 0.865876
0 0.3487 0.760255 0.0574464 0.131336 0.855944
0 0.507121 0.753402 0.0553674 0.144701 0.826987
0 0.788869 0.864029 0.0374457 0.0932345 0.402952
0 0.385458 0.771885 0.058153 0.103672 0.239582
0 0.242573 0.690832 0.0556729 0.112394 0.862426
0 0.646379 0.356354 0.0523522 0.10723 0.861674
0 0.876049 0.367558 0.0494772 0.108802 0.852281
0 0.507657 0.757175 0.0545793 0.128203 0.840413
0 0.35008 0.758528 0.0585153 0.128073 0.824186
0 0.788996 0.867914 0.0354868 0.0802604 0.13174
0 0.242684 0.691995 0.0567761 0.113876 0.875993
0 0.647197 0.357492 0.0549955 0.110685 0.866023
0 0.876161 0.367392 0.0503723 0.111821 0.855985
0 0.509249 0.759888 0.0582557 0.128582 0.836541
0 0.349695 0.760427 0.0590839 0.131545 0.801752
0 0.788444 0.868657 0.0355073 0.0814376 0.230033
0 0.242596 0.691408 0.0565131 0.114932 0.840461
0 0.876869 0.368082 0.0521359 0.111528 0.834244
0 0.647085 0.356321 0.0544508 0.110823 0.824955
0 0.508907 0.759461 0.0570293 0.127355 0.813434
0 0.349437 0.759423 0.0577884 0.131108 0.797615
0 0.242662 0.691147 0.055123 0.111454 0.891475
0 0.877618 0.36882 0.0524868 0.110152 0.885802
0 0.509532 0.758544 0.0600868 0.129562 0.849871
0 0.349692 0.758706 0.058389 0.125468 0.842996
0 0.646832 0.355805 0.0565245 0.11068 0.834428
0 0.242852 0.691938 0.0563907 0.115876 0.862575
0 0.878056 0.370227 0.0531268 0.111978 0.853901
0 0.509522 0.760037 0.0605573 0.130267 0.832225
0 0.647069 0.356189 0.0578312 0.112419 0.791853
0 0.349884 0.759567 0.0600702 0.128777 0.778365
0 0.242272 0.692087 0.0546186 0.112116 0.897713
0 0.87726 0.369527 0.053248 0.113938 0.895798
0 0.647287 0.356096 0.0554376 0.111024 0.841521
0 0.508703 0.758866 0.0573986 0.13264 0.823887
0 0.349539 0.760621 0.058906 0.131178 0.821197
0 0.877413 0.369016 0.0520316 0.111345 0.885251
0 0.242632 0.692061 0.0547331 0.109275 0.877367
0 0.64756 0.356455 0.055066 0.10805 0.857606
0 0.510119 0.760462 0.0610329 0.132424 0.825506
0 0.349477 0.759879 0.0587667 0.126509 0.797007
0 0.242305 0.690193 0.0548263 0.11137 0.911448
0 0.647673 0.354971 0.0566394 0.111283 0.909343
0 0.877042 0.367981 0.0519313 0.112474 0.901571
0 0.508858 0.758334 0.0590716 0.132667 0.865108
0 0.349763 0.758365 0.062452 0.130875 0.853947
0 0.647234 0.356243 0.0545059 0.112163 0.885048
0 0.242997 0.691234 0.0532332 0.110936 0.882953
0 0.349518 0.759894 0.0603811 0.13179 0.878463
0 0.876981 0.368583 0.0503567 0.110801 0.868261
0 0.507842 0.759735 0.0557469 0.131587 0.853371
0 0.689316 0.36123 0.0367389 0.0900417 0.117826
0 0.349022 0.758715 0.0612644 0.128928 0.901336
0 0.646794 0.353688 0.0560213 0.107862 0.882754
0 0.50736 0.758259 0.0590178 0.130707 0.878015
0 0.242188 0.691094 0.0540634 0.111075 0.872421
0 0.876693 0.368997 0.0531986 0.112615 0.863565
0 0.349149 0.760266 0.0594403 0.129659 0.905187
0 0.242864 0.691637 0.0529801 0.112966 0.900776
0 0.647198 0.354932 0.0552601 0.110283 0.897888
0 0.877174 0.36921 0.0524958 0.114157 0.889358
0 0.508157 0.759798 0.0593093 0.133892 0.888107
0 0.646576 0.356749 0.0547943 0.113234 0.844856
0 0.348939 0.760667 0.0608277 0.131691 0.835808
0 0.242309 0.692357 0.0532701 0.114301 0.829841
0 0.876695 0.369891 0.052503 0.115946 0.81735
0 0.507639 0.76109 0.0591147 0.134904 0.808616
0 0.646654 0.355499 0.053723 0.110973 0.909426
0 0.3493 0.76015 0.0597451 0.128951 0.909416
0 0.876745 0.367665 0.0498284 0.108633 0.901358
0 0.24296 0.69169 0.0532875 0.110289 0.89072
0 0.507758 0.761088 0.0563009 0.127019 0.874205
0 0.64581 0.355741 0.0518067 0.111497 0.889812
0 0.876432 0.367838 0.04965 0.110542 0.881686
0 0.349383 0.759731 0.057735 0.131343 0.87785
0 0.24276 0.691338 0.0530491 0.112061 0.876591
0 0.507001 0.761056 0.0534124 0.130005 0.845442
0 0.646058 0.356672 0.0527295 0.112279 0.899541
0 0.876459 0.368859 0.0509141 0.109083 0.881874
0 0.243019 0.692168 0.053269 0.111064 0.877242
0 0.349343 0.760527 0.0591911 0.130246 0.867195
0 0.507519 0.762174 0.0548674 0.130411 0.82619
0 0.645441 0.356668 0.0523272 0.111917 0.861372
0 0.242853 0.691774 0.0532025 0.112703 0.859756
0 0.876114 0.36962 0.0504138 0.10929 0.856403
0 0.349497 0.759625 0.0576758 0.126445 0.85384
0 0.507505 0.762323 0.0547539 0.127849 0.757741
0 0.646259 0.356656 0.0546737 0.11603 0.896063
0 0.242447 0.692356 0.0543641 0.115906 0.890561
0 0.876307 0.368477 0.0513437 0.116524 0.882621
0 0.350016 0.759312 0.0591374 0.132904 0.872091
0 0.510014 0.760287 0.060912 0.135797 0.795927
0 0.645973 0.356323 0.0516574 0.111227 0.876986
0 0.242527 0.692148 0.0525701 0.112239 0.875045
0 0.876145 0.368444 0.0492849 0.113472 0.868032
0 0.349882 0.758458 0.0570008 0.127136 0.855439
0 0.507458 0.758577 0.0539528 0.129234 0.73258
0 0.645768 0.355072 0.0523248 0.112787 0.901288
0 0.241912 0.691226 0.0540966 0.114103 0.881348
0 0.875583 0.367619 0.050075 0.115281 0.878195
0 0.34928 0.757817 0.0582168 0.132481 0.869551
0 0.50699 0.757458 0.0549951 0.134187 0.845872
0 0.349471 0.758674 0.0585013 0.130329 0.883302
0 0.646099 0.355136 0.0528961 0.112795 0.877099
0 0.876058 0.367198 0.050039 0.11142 0.859842
0 0.242561 0.691568 0.0553205 0.115032 0.853537
0 0.506852 0.759084 0.0538605 0.128188 0.843592
0 0.646462 0.355783 0.0526191 0.112709 0.903629
0 0.876541 0.368829 0.0497831 0.109328 0.894877
0 0.242897 0.692589 0.0540102 0.11306 0.890558
0 0.349671 0.760171 0.0586968 0.127081 0.890294
0 0.506883 0.760655 0.0531299 0.126336 0.8543
0 0.646327 0.354973 0.0541196 0.116618 0.906116
0 0.242389 0.692823 0.0553258 0.116786 0.884976
0 0.876823 0.367941 0.0507783 0.113323 0.884602
0 0.350178 0.760352 0.0593203 0.132734 0.879289
0 0.507725 0.760644 0.0562554 0.128838 0.835043
0 0.646356 0.354468 0.0532145 0.11327 0.90291
0 0.876248 0.367444 0.0491939 0.111729 0.885543
0 0.242765 0.692621 0.0532258 0.11397 0.876963
0 0.34968 0.759196 0.0576716 0.130105 0.876882
0 0.507364 0.759945 0.053747 0.127462 0.840551
0 0.646665 0.355172 0.0562469 0.114028 0.896156
0 0.349037 0.758759 0.060112 0.132114 0.853952
0 0.875639 0.367723 0.0527351 0.114957 0.847585
0 0.242341 0.692534 0.0572003 0.117347 0.843355
0 0.508271 0.760679 0.0570255 0.131601 0.841963
0 0.647211 0.356175 0.0551063 0.113192 0.902696
0 0.349142 0.75935 0.0589581 0.130902 0.867915
0 0.876252 0.367506 0.0517185 0.113476 0.864556
0 0.242306 0.692202 0.0579214 0.113864 0.859984
0 0.507782 0.761073 0.0551916 0.130511 0.851819
0 0.647089 0.356653 0.0541886 0.112154 0.897399
0 0.875876 0.36854 0.0528757 0.114371 0.886174
0 0.241944 0.691693 0.0551994 0.114182 0.868401
0 0.507846 0.7608 0.056982 0.132907 0.862118
0 0.349268 0.759833 0.0594281 0.130483 0.857174
0 0.647491 0.356927 0.0550668 0.110178 0.884811
0 0.875921 0.369313 0.0527939 0.110843 0.878483
0 0.241781 0.69126 0.0545516 0.112414 0.85473
0 0.348827 0.760002 0.0604352 0.12837 0.810683
0 0.507558 0.760515 0.0563823 0.12853 0.807674
0 0.647757 0.356588 0.0530321 0.110822 0.919296
0 0.87602 0.369591 0.0503797 0.11201 0.916398
0 0.242654 0.69074 0.0525538 0.112036 0.902517
0 0.349407 0.758065 0.0580591 0.127508 0.890711
0 0.507647 0.75962 0.0541131 0.131062 0.870062
0 0.647091 0.355557 0.0558562 0.119449 0.87601
0 0.875955 0.368494 0.051303 0.115693 0.862367
0 0.242834 0.691252 0.0534515 0.114735 0.858651
0 0.511487 0.759324 0.0629429 0.143819 0.841277
0 0.349424 0.75842 0.0603813 0.134418 0.836563
0 0.242768 0.690636 0.0548122 0.115874 0.882046
0 0.647251 0.356437 0.0541903 0.113733 0.874106
0 0.350145 0.759319 0.0597837 0.13447 0.863083
0 0.876624 0.367639 0.050171 0.109536 0.859305
0 0.510072 0.759589 0.0598406 0.138804 0.844999
0 0.242174 0.691758 0.0550403 0.114903 0.918472
0 0.349349 0.758469 0.0596622 0.132487 0.905006
0 0.646519 0.355388 0.0538856 0.114616 0.902563
0 0.507383 0.758597 0.0557781 0.133175 0.886226
0 0.876194 0.368002 0.0501733 0.11135 0.884809
0 0.242347 0.693096 0.0563581 0.113755 0.888914
0 0.349447 0.758114 0.0595694 0.128057 0.870821
0 0.646944 0.355327 0.0561405 0.112243 0.868276
0 0.507134 0.758422 0.0560648 0.126225 0.844657
0 0.87618 0.36882 0.0509275 0.110743 0.840257
0 0.242883 0.693534 0.0565495 0.115351 0.898673
0 0.350135 0.759624 0.0592914 0.130787 0.881042
0 0.876325 0.369291 0.0506501 0.110669 0.879631
0 0.64861 0.357198 0.0567676 0.114134 0.876911
0 0.507802 0.76099 0.0564884 0.129699 0.859614
0 0.242638 0.692122 0.0562299 0.116624 0.907895
0 0.647101 0.355321 0.0563211 0.112282 0.895596
0 0.875816 0.368 0.0498217 0.110497 0.885211
0 0.34994 0.759195 0.0610009 0.132939 0.884761
0 0.507965 0.760323 0.0578412 0.132467 0.854941
0 0.243273 0.693242 0.0557538 0.113834 0.916892
0 0.876642 0.368469 0.0490345 0.109643 0.884102
0 0.647532 0.356541 0.0565947 0.111342 0.881928
0 0.351103 0.758562 0.0611837 0.13042 0.871956
0 0.508671 0.761507 0.0571655 0.12817 0.84993
0 0.243145 0.690296 0.0564573 0.115523 0.925836
0 0.647399 0.355334 0.0544658 0.113825 0.895188
0 0.876094 0.366466 0.0496459 0.111296 0.892961
0 0.351093 0.75803 0.0631778 0.136705 0.882869
0 0.509275 0.759091 0.0589432 0.140336 0.864736
0 0.242843 0.691402 0.0571571 0.116709 0.891169
0 0.64746 0.356141 0.0558799 0.113313 0.865151
0 0.350751 0.759108 0.0627175 0.13822 0.86152
0 0.876279 0.368038 0.0512014 0.114309 0.851206
0 0.508869 0.760006 0.0584401 0.140102 0.828846
0 0.243248 0.691163 0.0562173 0.114706 0.914069
0 0.647955 0.35668 0.0546712 0.108953 0.899882
0 0.350232 0.758545 0.0611983 0.131166 0.899614
0 0.876232 0.368702 0.0506291 0.111429 0.897876
0 0.508605 0.760326 0.0590405 0.133274 0.865166
0 0.242276 0.690494 0.0558491 0.120544 0.885714
0 0.349516 0.758975 0.0608859 0.135496 0.877691
0 0.646257 0.355861 0.0535964 0.113298 0.871925
0 0.875612 0.368783 0.0505597 0.115433 0.857321
0 0.506964 0.759652 0.0571936 0.135666 0.856978
0 0.349965 0.757663 0.0622026 0.131438 0.870678
0 0.242544 0.689713 0.0557721 0.116379 0.864855
0 0.876059 0.369244 0.0502627 0.113324 0.858479
0 0.646984 0.355344 0.0530755 0.111774 0.857318
0 0.50731 0.759288 0.0564109 0.132066 0.849654
0 0.350352 0.757257 0.0618924 0.130407 0.90058
0 0.647049 0.355877 0.0547933 0.112407 0.8998
0 0.242641 0.690178 0.0564707 0.115185 0.894219
0 0.875893 0.369138 0.051351 0.11256 0.893921
0 0.508782 0.759132 0.0593017 0.133733 0.889761
0 0.349838 0.757714 0.0600567 0.13261 0.88133
0 0.646185 0.356327 0.0529566 0.113593 0.871518
0 0.242391 0.690289 0.0557247 0.112249 0.864022
0 0.875435 0.36889 0.0500093 0.11236 0.863377
0 0.507455 0.759426 0.0558558 0.136366 0.856471
0 0.647494 0.355865 0.0552283 0.116414 0.903927
0 0.876488 0.368308 0.0507448 0.113721 0.891489
0 0.243095 0.690915 0.0560324 0.118662 0.888292
0 0.351182 0.758037 0.0619054 0.135375 0.88479
0 0.50976 0.759706 0.0598262 0.142511 0.879982
0 0.646412 0.356208 0.0535865 0.114411 0.903714
0 0.242288 0.69058 0.0553852 0.115407 0.896232
0 0.349799 0.757708 0.0597529 0.131768 0.894509
0 0.506926 0.759217 0.0547624 0.134177 0.887658
0 0.875506 0.368113 0.0502309 0.112072 0.887514
0 0.24283 0.690215 0.0562378 0.115832 0.900297
0 0.647192 0.355937 0.0533864 0.11385 0.888464
0 0.350397 0.757844 0.0599178 0.13142 0.886889
0 0.875975 0.367564 0.0503792 0.112777 0.886568
0 0.508101 0.759058 0.0569015 0.135572 0.88351
0 0.646446 0.356246 0.0511712 0.110021 0.909671
0 0.350338 0.756679 0.0596056 0.130784 0.901616
0 0.242736 0.690295 0.0557629 0.112758 0.901598
0 0.875512 0.366871 0.0492525 0.109945 0.894459
0 0.507584 0.758293 0.0563732 0.134904 0.886361
0 0.646349 0.35599 0.0517029 0.109549 0.9179
0 0.350041 0.757522 0.0601838 0.130714 0.906265
0 0.242508 0.691516 0.0557188 0.111263 0.901757
0 0.875507 0.368295 0.0490784 0.10927 0.901366
0 0.5077 0.759094 0.0565106 0.134649 0.884029
