0 0.608009 0.217708 0.0695925 0.0488519 0.83107
0 0.759468 0.669518 0.0836251 0.072368 0.405798
0 0.2096 0.560106 0.0869507 0.0598355 0.18631
0 0.608397 0.219959 0.0793692 0.0537383 0.968808
0 0.761642 0.66778 0.0858914 0.0737228 0.839263
0 0.207875 0.552804 0.0932527 0.0753145 0.775181
0 0.745757 0.656485 0.0582112 0.0486052 0.264202
0 0.764654 0.681096 0.0679586 0.0459627 0.116284
0 0.763379 0.668516 0.0939574 0.0748054 0.847461
0 0.610414 0.221912 0.0814089 0.0589982 0.796453
0 0.20963 0.551777 0.0930458 0.0838871 0.743122
0 0.606171 0.220391 0.072125 0.0540149 0.748091
0 0.759698 0.669053 0.08354 0.0691292 0.742827
0 0.208056 0.551421 0.0880258 0.0781001 0.70161
0 0.607163 0.220283 0.0763852 0.0533781 0.933158
0 0.760795 0.671321 0.0873754 0.0688832 0.887146
0 0.207849 0.552446 0.0908525 0.0816317 0.880537
0 0.601052 0.267317 0.0242344 0.0192691 0.117482
0 0.608415 0.220788 0.0736626 0.0548588 0.847534
0 0.763333 0.675695 0.0879333 0.0608116 0.769986
0 0.211578 0.562574 0.0854027 0.0638531 0.686462
0 0.607417 0.219179 0.0766328 0.0558186 0.596014
0 0.761822 0.667973 0.0884199 0.0711025 0.512998
0 0.208623 0.550316 0.0945601 0.0822203 0.465728
0 0.608411 0.219511 0.0824926 0.0539315 0.976548
0 0.210003 0.551975 0.0962856 0.0796877 0.969534
0 0.762813 0.673983 0.0899543 0.0591393 0.946186
0 0.606493 0.218654 0.0804672 0.0511497 0.864872
0 0.210016 0.552419 0.0926377 0.0793734 0.814019
0 0.763205 0.670042 0.0912096 0.070623 0.752445
0 0.605615 0.219514 0.0742421 0.0505807 0.704866
0 0.763279 0.675059 0.0835617 0.0624518 0.474638
0 0.212702 0.559334 0.0842287 0.0633115 0.413815
0 0.606408 0.220662 0.077151 0.0533064 0.925165
0 0.764691 0.674736 0.0874906 0.0629946 0.917261
0 0.213408 0.559071 0.088029 0.0692799 0.893826
0 0.607365 0.219196 0.0729073 0.0490234 0.801991
0 0.765214 0.673002 0.0847442 0.0591619 0.707216
0 0.213752 0.558028 0.0855593 0.0645579 0.688429
0 0.604461 0.220808 0.0772583 0.0543435 0.685914
0 0.762836 0.671301 0.0899845 0.0680241 0.64227
0 0.2106 0.554868 0.0938988 0.0762343 0.621941
0 0.209064 0.555189 0.0921118 0.0755858 0.928045
0 0.604736 0.220781 0.0753217 0.0539126 0.920441
0 0.763216 0.673027 0.0869898 0.0649416 0.889366
0 0.210782 0.5598 0.0908099 0.065752 0.538811
0 0.760838 0.669536 0.082606 0.0694799 0.43285
0 0.272487 0.551461 0.052117 0.0457203 0.126328
0 0.242226 0.554889 0.118115 0.0500549 0.113939
0 0.831639 0.681453 0.0318832 0.026181 0.101867
0 0.76126 0.668545 0.0841624 0.0734589 0.921801
0 0.210636 0.552824 0.0933798 0.0799443 0.799634
0 0.613396 0.218836 0.0905179 0.0579044 0.389617
0 0.762335 0.67269 0.0870486 0.0678585 0.760136
0 0.212244 0.557252 0.0952574 0.073379 0.645443
0 0.607871 0.220439 0.0808983 0.0578502 0.466535
0 0.604069 0.221093 0.0794891 0.0586047 0.870151
0 0.209428 0.554082 0.0936245 0.0779025 0.709592
0 0.76087 0.668559 0.0883222 0.0736614 0.690496
0 0.602615 0.266357 0.0282038 0.0211675 0.109886
0 0.606992 0.220136 0.0782933 0.0529485 0.835948
0 0.211167 0.556477 0.0874865 0.0680193 0.697577
0 0.761145 0.671876 0.0839141 0.0612658 0.69311
0 0.608532 0.221215 0.082653 0.0555687 0.879392
0 0.762717 0.676225 0.0831304 0.0574738 0.776881
0 0.212342 0.558086 0.0918474 0.0695042 0.69449
0 0.602698 0.264598 0.0351128 0.0253675 0.169524
0 0.760922 0.675233 0.0827463 0.0595096 0.700152
0 0.606651 0.21969 0.0820923 0.0608357 0.698017
0 0.211128 0.558395 0.0896836 0.0693373 0.570783
0 0.608822 0.219732 0.0881236 0.0600053 0.81186
0 0.761732 0.675931 0.087227 0.0574699 0.778016
0 0.212095 0.560025 0.0929198 0.0642835 0.595747
0 0.791935 0.671489 0.11996 0.0541588 0.269228
0 0.229463 0.551568 0.150788 0.0667658 0.236101
0 0.605969 0.219377 0.0787903 0.057999 0.886568
0 0.762346 0.674514 0.0857067 0.0609836 0.852382
0 0.212295 0.559332 0.09011 0.0669202 0.846881
0 0.606818 0.219978 0.0782257 0.0587537 0.829252
0 0.213443 0.559912 0.0885161 0.0662933 0.771237
0 0.76405 0.673565 0.0854411 0.0639818 0.769193
0 0.607692 0.220822 0.0774686 0.0557886 0.936538
0 0.76182 0.67528 0.0840195 0.0594134 0.9062
0 0.211369 0.560571 0.0861481 0.0620077 0.903158
0 0.604112 0.266277 0.0236178 0.0208779 0.18572
0 0.809695 0.670995 0.0800344 0.0517136 0.175547
0 0.607644 0.220681 0.0793912 0.0561977 0.737809
0 0.211644 0.558299 0.0924208 0.0642205 0.642887
0 0.760754 0.67491 0.0830406 0.0585585 0.614922
0 0.80655 0.671544 0.0876302 0.0521961 0.15803
0 0.607645 0.220898 0.0722417 0.0565796 0.874702
0 0.21334 0.560043 0.085385 0.0637631 0.829441
0 0.763801 0.676389 0.0841724 0.0583898 0.771081
0 0.60785 0.222035 0.0731677 0.0560675 0.886082
0 0.211908 0.561135 0.0853511 0.0630542 0.866045
0 0.762697 0.675809 0.0822683 0.059372 0.847445
0 0.608413 0.220652 0.0828222 0.0570871 0.865636
0 0.763884 0.674238 0.0828064 0.0606769 0.842959
0 0.211539 0.553691 0.0903483 0.0746729 0.796677
0 0.607515 0.221135 0.0813283 0.0582888 0.744259
0 0.764434 0.674546 0.0836654 0.0596439 0.660673
0 0.213917 0.558649 0.0883822 0.0664589 0.534817
0 0.605407 0.219623 0.0760112 0.0579774 0.910938
0 0.763305 0.67437 0.0862848 0.0595072 0.889523
0 0.21254 0.558651 0.0891884 0.065478 0.84813
0 0.606722 0.221062 0.074634 0.0547235 0.881441
0 0.764048 0.676517 0.0847636 0.0572162 0.829709
0 0.213226 0.560991 0.0869366 0.0635471 0.760985
0 0.606893 0.219887 0.0733208 0.0530696 0.869
0 0.763282 0.675391 0.0841353 0.0579242 0.862105
0 0.212671 0.56002 0.0846967 0.0620936 0.845908
0 0.76203 0.674189 0.0886606 0.0629098 0.91872
0 0.604438 0.221038 0.0801328 0.0562318 0.900767
0 0.211123 0.558332 0.0930603 0.0680593 0.853977
0 0.606828 0.220359 0.0775078 0.0553099 0.761628
0 0.761919 0.674848 0.0831214 0.0585963 0.723227
0 0.213662 0.560004 0.08945 0.0637944 0.649496
0 0.607422 0.221069 0.0777115 0.0572088 0.867246
0 0.763166 0.675346 0.0871058 0.0609062 0.84497
0 0.215798 0.559941 0.0900179 0.0657152 0.802075
0 0.607452 0.220374 0.0760658 0.0554914 0.848875
0 0.762347 0.674653 0.0871831 0.0606298 0.846842
0 0.215677 0.559423 0.096903 0.0660784 0.839675
0 0.214908 0.559438 0.092737 0.0651617 0.86257
0 0.76137 0.674782 0.0868573 0.0614713 0.852506
0 0.607411 0.221198 0.0822014 0.0566762 0.847105
0 0.210948 0.557829 0.0876787 0.0653948 0.865831
0 0.606005 0.221221 0.0818713 0.0547132 0.860075
0 0.758882 0.671318 0.0829605 0.0632053 0.821619
0 0.608508 0.220985 0.0827203 0.0557698 0.854922
0 0.21507 0.558977 0.0887747 0.0636261 0.825576
0 0.763106 0.673066 0.085225 0.0600779 0.78343
0 0.608306 0.219412 0.0811672 0.055053 0.916056
0 0.759507 0.668836 0.0792394 0.0599556 0.800199
0 0.212002 0.557548 0.0829862 0.0638641 0.764555
0 0.610025 0.220733 0.0855413 0.0586041 0.893021
0 0.764904 0.673321 0.0904622 0.0633184 0.783496
0 0.2141 0.559372 0.084192 0.0648966 0.781184
0 0.61004 0.221219 0.0859168 0.0578217 0.873818
0 0.762767 0.673657 0.0863783 0.062582 0.832027
0 0.213184 0.55941 0.0847034 0.0637274 0.831018
0 0.609135 0.221408 0.0838208 0.0577968 0.794797
0 0.212819 0.558139 0.085982 0.0646395 0.747958
0 0.76395 0.672827 0.0895904 0.0636032 0.732994
0 0.609008 0.221569 0.0819445 0.0562795 0.824459
0 0.21359 0.559403 0.0823368 0.0631541 0.764355
0 0.764345 0.675074 0.083674 0.0567734 0.737687
0 0.606688 0.220987 0.0786153 0.0555037 0.788561
0 0.210979 0.558323 0.0842513 0.0657137 0.753218
0 0.762276 0.674943 0.0809578 0.0564312 0.721024
0 0.608561 0.221185 0.0825199 0.0579419 0.814497
0 0.211143 0.55769 0.0891046 0.0676596 0.761141
0 0.766622 0.675296 0.0881282 0.0564661 0.703332
0 0.209569 0.554374 0.0911426 0.0718801 0.818599
0 0.764397 0.675225 0.0858625 0.0573929 0.806342
0 0.606539 0.221048 0.0793335 0.0572336 0.804554
0 0.212201 0.558449 0.0882905 0.0647045 0.84539
0 0.764548 0.675648 0.0841382 0.0576344 0.833661
0 0.606208 0.221125 0.0773911 0.0576742 0.832404
0 0.606777 0.221348 0.0800842 0.0582632 0.845718
0 0.766805 0.675652 0.0897954 0.0581007 0.84203
0 0.215606 0.559449 0.0910708 0.062983 0.807755
0 0.607061 0.220054 0.0753423 0.0564449 0.865546
0 0.764762 0.674875 0.0853251 0.056465 0.80029
0 0.215765 0.559439 0.088352 0.0627647 0.730851
0 0.606251 0.220799 0.0780118 0.0577346 0.847902
0 0.765473 0.675432 0.0887085 0.0588841 0.756898
0 0.214222 0.559645 0.089581 0.0642233 0.754341
0 0.606781 0.220321 0.0774194 0.055643 0.916484
0 0.765645 0.675511 0.0890493 0.0568085 0.871317
0 0.21403 0.559902 0.0885719 0.0633104 0.785881
0 0.765759 0.676059 0.0891762 0.0590218 0.840023
0 0.605853 0.221004 0.0774305 0.0566814 0.835855
0 0.213404 0.559919 0.0894861 0.0643469 0.78843
0 0.21436 0.560415 0.0903258 0.0634772 0.882282
0 0.765971 0.674263 0.0916552 0.059606 0.87188
0 0.607495 0.219978 0.0835632 0.0579991 0.867044
0 0.214321 0.560732 0.0864986 0.0620208 0.902234
0 0.607302 0.220744 0.0808192 0.0553474 0.869584
0 0.764963 0.674784 0.0868035 0.0585753 0.857684
0 0.213943 0.560012 0.0904148 0.0631605 0.869963
0 0.608036 0.219728 0.0816333 0.0587567 0.850205
0 0.764254 0.672984 0.0905059 0.0623773 0.841921
0 0.765828 0.675584 0.0887072 0.0585933 0.871362
0 0.607247 0.220934 0.0758145 0.0554734 0.86312
0 0.214365 0.56041 0.0865932 0.0611315 0.859091
0 0.765107 0.674072 0.0915679 0.0614754 0.850496
0 0.215984 0.559963 0.0893966 0.0641878 0.848499
0 0.605527 0.221113 0.0799266 0.0581921 0.82617
0 0.605224 0.22181 0.0732737 0.0544276 0.829787
0 0.764113 0.675719 0.0880793 0.0593041 0.826415
0 0.214361 0.560215 0.0856484 0.0627741 0.821572
0 0.604861 0.221026 0.0775543 0.055474 0.86773
0 0.763332 0.675324 0.0866489 0.0586333 0.847212
0 0.214516 0.559331 0.0870996 0.0608266 0.832126
0 0.604919 0.221939 0.0755867 0.0560482 0.857216
0 0.76204 0.676158 0.0851834 0.0583637 0.834599
0 0.21266 0.559447 0.0857035 0.0637153 0.806144
0 0.76517 0.67576 0.0866577 0.0583088 0.856226
0 0.605784 0.221265 0.0786359 0.056739 0.844948
0 0.213211 0.559613 0.0835641 0.0624059 0.796625
0 0.762988 0.675365 0.0894549 0.0593002 0.840253
0 0.605398 0.220938 0.0796191 0.0571728 0.838964
0 0.211842 0.559684 0.0836819 0.063239 0.78012
0 0.605997 0.220735 0.07575 0.0555458 0.907107
0 0.761201 0.673845 0.082619 0.0586393 0.868396
0 0.212584 0.559057 0.0840995 0.063558 0.848613
0 0.605106 0.221345 0.0772062 0.0572818 0.870328
0 0.761552 0.673874 0.085957 0.0592103 0.821583
0 0.21133 0.559665 0.0884543 0.0630758 0.815112
0 0.605137 0.220963 0.076569 0.0548859 0.908934
0 0.210394 0.559783 0.0872625 0.0617443 0.87612
0 0.760208 0.675191 0.0845902 0.0566761 0.871674
0 0.605515 0.221301 0.0785896 0.0566404 0.854245
0 0.762866 0.673886 0.0853383 0.0564844 0.831873
0 0.213265 0.559359 0.0849273 0.0608004 0.782287
0 0.604968 0.221016 0.0776515 0.0591496 0.893271
0 0.761462 0.67443 0.0836815 0.0570877 0.852811
0 0.211817 0.560108 0.0912751 0.0630912 0.49544
0 0.605188 0.220848 0.0775653 0.056293 0.881295
0 0.762073 0.674455 0.0839851 0.0567209 0.830028
0 0.214191 0.560097 0.0869255 0.0615081 0.52994
0 0.60538 0.221333 0.0767362 0.0555318 0.891075
0 0.76204 0.674656 0.083244 0.059347 0.867404
0 0.21354 0.559921 0.0832621 0.0626841 0.857561
0 0.60584 0.219373 0.0741483 0.0519779 0.873568
0 0.21401 0.559082 0.0834246 0.0631704 0.864788
0 0.763193 0.674216 0.08336 0.0573644 0.852273
0 0.60576 0.221306 0.0785676 0.0562032 0.895428
0 0.213849 0.560072 0.0867147 0.0642136 0.870306
0 0.763149 0.674808 0.0875086 0.0590744 0.850381
0 0.605171 0.221113 0.0769699 0.0546257 0.854638
0 0.212742 0.560402 0.0839031 0.0626747 0.838007
0 0.762503 0.674899 0.0849825 0.0582516 0.804526
0 0.211999 0.560626 0.0844804 0.0626732 0.8958
0 0.605099 0.220867 0.077042 0.0548088 0.884508
0 0.762315 0.675194 0.0854012 0.0580996 0.878873
0 0.212287 0.560859 0.0845678 0.0632418 0.871517
0 0.762508 0.675651 0.085685 0.0582206 0.854643
0 0.605713 0.221196 0.0764766 0.0562521 0.853846
0 0.212072 0.559962 0.0841759 0.0628452 0.888671
0 0.605599 0.220394 0.077252 0.0566007 0.887192
0 0.761478 0.674606 0.0848708 0.0585795 0.872264
0 0.606193 0.219727 0.0767415 0.0538426 0.896794
0 0.213327 0.559756 0.0826101 0.0620434 0.864035
0 0.762927 0.675243 0.0852155 0.0557489 0.833638
0 0.605658 0.219996 0.0781674 0.0560178 0.925266
0 0.763792 0.674709 0.0905278 0.0595515 0.889203
0 0.213489 0.559093 0.0857982 0.0640457 0.881903
0 0.606043 0.22095 0.0756167 0.055778 0.904581
0 0.763823 0.675134 0.0861416 0.0582625 0.878998
0 0.212554 0.559702 0.083037 0.0615356 0.87404
0 0.763262 0.675278 0.0871812 0.0575109 0.894933
0 0.211782 0.559307 0.082223 0.060319 0.882331
0 0.605166 0.220118 0.0765648 0.0532513 0.863167
0 0.212981 0.559294 0.0796793 0.0600679 0.899747
0 0.764213 0.676039 0.0825864 0.0570585 0.899447
0 0.606482 0.220672 0.0737052 0.0542237 0.88381
0 0.763102 0.676014 0.0841306 0.0590551 0.864558
0 0.212608 0.560139 0.0819763 0.0618721 0.830934
0 0.605508 0.221272 0.0758888 0.0559317 0.830164
0 0.763763 0.675567 0.0840553 0.0594912 0.906705
0 0.606145 0.221098 0.076947 0.0563084 0.901655
0 0.213246 0.560296 0.0825275 0.0623283 0.892476
0 0.764374 0.675 0.0826047 0.0591095 0.912217
0 0.605526 0.221545 0.0741417 0.0559626 0.889038
0 0.21336 0.560554 0.0826093 0.0615928 0.867555
0 0.76464 0.674738 0.0838955 0.0573599 0.916767
0 0.213221 0.560205 0.0832144 0.0605145 0.890982
0 0.605339 0.22195 0.0750915 0.0556266 0.878752
0 0.763761 0.675097 0.0836738 0.0565891 0.895496
0 0.21256 0.560213 0.0835916 0.0598362 0.88101
0 0.604566 0.221822 0.0764445 0.0559773 0.85189
0 0.763098 0.675066 0.0896482 0.0604579 0.902229
0 0.212378 0.560452 0.0855127 0.0630293 0.899213
0 0.604609 0.222028 0.0790731 0.0590876 0.881631
0 0.605853 0.221825 0.0765152 0.0565697 0.885639
0 0.21296 0.560934 0.0838487 0.0618406 0.881242
0 0.761186 0.675436 0.0837662 0.0588186 0.86296
0 0.605316 0.221395 0.0765294 0.0567086 0.906121
0 0.212849 0.560796 0.0851643 0.0619505 0.887073
0 0.76338 0.675294 0.0836733 0.058913 0.876119
0 0.605128 0.221238 0.0749253 0.0554577 0.887545
0 0.76348 0.675231 0.0823992 0.0558375 0.854032
0 0.214878 0.560383 0.0821009 0.0603385 0.80247
0 0.605419 0.221379 0.0753125 0.0560676 0.912184
0 0.762252 0.675578 0.0830335 0.0559797 0.884962
0 0.216072 0.560687 0.0818664 0.0607064 0.633152
0 0.605922 0.220636 0.0766353 0.055871 0.903649
0 0.761672 0.674712 0.0847031 0.0595244 0.88544
0 0.21498 0.560823 0.0835128 0.0618046 0.721888
0 0.605092 0.220096 0.0734573 0.0523408 0.902762
0 0.762214 0.67467 0.0814575 0.0573815 0.88689
0 0.213301 0.560402 0.0817796 0.0608978 0.878021
0 0.60473 0.221336 0.0764875 0.055862 0.897286
0 0.212972 0.560826 0.0842697 0.0632549 0.865642
0 0.762136 0.675169 0.0849714 0.059408 0.856454
0 0.605616 0.221715 0.0760029 0.0565131 0.904387
0 0.213681 0.560723 0.0833257 0.0631724 0.882532
0 0.762738 0.675359 0.0837253 0.0589739 0.862477
0 0.606665 0.221575 0.0765877 0.0581922 0.88852
0 0.213429 0.560206 0.0835267 0.0646547 0.865964
0 0.762665 0.67561 0.0855614 0.0601123 0.864669
0 0.213885 0.560715 0.0843917 0.0633087 0.851582
0 0.605965 0.22093 0.075059 0.0555055 0.850348
0 0.762328 0.675227 0.0872061 0.0580424 0.843075
0 0.606743 0.221148 0.0733984 0.0543055 0.902931
0 0.214972 0.560473 0.0805313 0.062175 0.899152
0 0.763681 0.675115 0.0815607 0.056622 0.893837
0 0.76243 0.674187 0.084931 0.0578895 0.869829
0 0.213289 0.560037 0.0861716 0.0633822 0.869015
0 0.606232 0.220913 0.0795723 0.0564604 0.860607
0 0.762988 0.674674 0.0834729 0.0569376 0.893778
0 0.213805 0.560412 0.0835244 0.0631287 0.885074
0 0.607078 0.22087 0.0781144 0.0557396 0.868629
0 0.761623 0.674987 0.0837775 0.0581848 0.917869
0 0.212914 0.560717 0.0838801 0.0637777 0.914308
0 0.605583 0.220924 0.0777129 0.0561545 0.895213
0 0.762855 0.675818 0.0845294 0.0574666 0.886049
0 0.21299 0.560495 0.0850761 0.0625387 0.884078
0 0.605753 0.220467 0.0770073 0.055794 0.858133
0 0.76363 0.675784 0.0853516 0.0581868 0.906162
0 0.214304 0.561088 0.083589 0.0630701 0.903601
0 0.606461 0.220618 0.0789468 0.0554989 0.878916
0 0.212984 0.561032 0.0852839 0.063103 0.913587
0 0.762474 0.675256 0.0863218 0.0579801 0.911052
0 0.605795 0.219798 0.0778997 0.0547262 0.893557
0 0.763851 0.676096 0.0841586 0.0565305 0.911107
0 0.21405 0.561629 0.084841 0.062154 0.897979
0 0.607174 0.220798 0.0781781 0.0550859 0.89791
0 0.764333 0.675487 0.0832911 0.0575207 0.90652
0 0.606483 0.220627 0.078653 0.0564269 0.894166
0 0.213517 0.560772 0.0866468 0.0640746 0.880146
0 0.605228 0.221248 0.077726 0.0556883 0.868478
0 0.764831 0.675962 0.0842725 0.0577915 0.864216
0 0.213255 0.560833 0.0874756 0.0634803 0.827928
0 0.606963 0.220622 0.0757136 0.0532173 0.901776
0 0.763541 0.675606 0.0839617 0.0552332 0.894959
0 0.213856 0.56057 0.0877288 0.0614771 0.890228
0 0.21305 0.560746 0.0871706 0.063329 0.883583
0 0.605384 0.221075 0.0772285 0.0552665 0.878949
0 0.763328 0.675558 0.0849399 0.0580534 0.877317
0 0.606276 0.220641 0.0762317 0.0548425 0.859103
0 0.765561 0.675498 0.0857843 0.0575975 0.859027
0 0.213969 0.560957 0.0875718 0.0629973 0.850724
0 0.605924 0.221149 0.0786652 0.0563802 0.893186
0 0.765819 0.67525 0.0875183 0.057624 0.886624
0 0.214011 0.560639 0.0892415 0.0633806 0.877825
0 0.605805 0.221163 0.0791448 0.0566194 0.884162
0 0.763041 0.675604 0.0825121 0.0556806 0.863203
0 0.213053 0.560503 0.0856047 0.0620364 0.841187
0 0.606442 0.221085 0.0799861 0.0574719 0.90786
0 0.763467 0.675486 0.0846777 0.0569078 0.896515
0 0.214035 0.560271 0.0867805 0.0631586 0.869879
0 0.604736 0.221425 0.076399 0.056293 0.913137
0 0.760767 0.675356 0.0818766 0.0560573 0.890168
0 0.212509 0.560674 0.0845559 0.0632486 0.855202
0 0.605549 0.22153 0.0760418 0.0558176 0.895691
0 0.762096 0.675813 0.0820511 0.0563091 0.872517
0 0.214144 0.560785 0.0838557 0.0635616 0.836664
0 0.60565 0.220727 0.0752294 0.0539171 0.884915
0 0.763348 0.675958 0.0829798 0.0564858 0.884297
0 0.213324 0.560631 0.0847943 0.0638301 0.859515
0 0.76358 0.675817 0.0854355 0.056398 0.896019
0 0.606083 0.220627 0.0756606 0.0542627 0.878056
0 0.213554 0.560501 0.0876228 0.0646877 0.870191
