0 0.600426 0.634847 0.0278481 0.0605289 0.934847
0 0.315072 0.215804 0.0298096 0.0529232 0.91229
0 0.50118 0.907428 0.0376603 0.0655121 0.843218
0 0.76141 0.661451 0.0295022 0.0614287 0.833384
0 0.227825 0.228005 0.0327279 0.0605578 0.741288
0 0.38666 0.579698 0.0324286 0.0521285 0.705397
0 0.248401 0.7086 0.0299973 0.0552988 0.641708
0 0.471486 0.0903473 0.028653 0.0536026 0.598178
0 0.576286 0.227718 0.0312082 0.046504 0.57633
0 0.449763 0.575242 0.0308507 0.0484863 0.562955
0 0.977783 0.889582 0.0269674 0.0473549 0.447599
0 0.570563 0.34802 0.0293484 0.0527739 0.287904
0 0.490981 0.573808 0.0234256 0.0548881 0.129655
0 0.501138 0.907839 0.0386856 0.079561 0.918825
0 0.599596 0.635227 0.0269929 0.0637472 0.902493
0 0.575094 0.228606 0.0279244 0.0578423 0.798456
0 0.979548 0.89413 0.0336545 0.0799011 0.74543
0 0.568422 0.347435 0.0322376 0.0632615 0.725088
0 0.227471 0.228726 0.0323745 0.0740352 0.72412
0 0.762872 0.663878 0.0338246 0.0740402 0.699225
0 0.315874 0.216897 0.0314584 0.0624828 0.625189
0 0.385519 0.580888 0.0326678 0.0609788 0.596372
0 0.246962 0.705941 0.0322687 0.0749021 0.580448
0 0.465675 0.0926963 0.0415849 0.0628701 0.53472
0 0.451672 0.57994 0.0388977 0.0699689 0.402222
0 0.978261 0.917088 0.0296501 0.05621 0.330441
0 0.575536 0.228993 0.027209 0.0460136 0.613564
0 0.599775 0.638751 0.0262922 0.0524336 0.581152
0 0.570189 0.350967 0.0338208 0.0670457 0.432348
0 0.501078 0.90887 0.0412491 0.0864237 0.208464
0 0.228853 0.23595 0.0379229 0.09692 0.187666
0 0.317222 0.219558 0.0371983 0.088421 0.118197
0 0.59839 0.635806 0.0226964 0.0554906 0.9566
0 0.573311 0.228081 0.0221019 0.0463709 0.952268
0 0.50132 0.907469 0.0383313 0.0762467 0.70504
0 0.570627 0.348462 0.0288309 0.0627347 0.700686
0 0.227721 0.229401 0.0323628 0.0753801 0.694648
0 0.385152 0.57806 0.0285782 0.0544849 0.632822
0 0.315995 0.211832 0.0328385 0.0733344 0.622258
0 0.761564 0.661329 0.028029 0.0638012 0.517471
0 0.247815 0.702998 0.0309616 0.0739522 0.51346
0 0.978435 0.897517 0.036519 0.0820656 0.390955
0 0.449417 0.573894 0.0291333 0.0542481 0.368936
0 0.469023 0.0876541 0.0296251 0.0532217 0.35141
0 0.502519 0.700598 0.029175 0.0653337 0.198023
0 0.606145 0.641295 0.0299713 0.0591577 0.196417
0 0.451635 0.55962 0.0344145 0.0931154 0.138636
0 0.72585 0.156601 0.0196561 0.0551567 0.117935
0 0.501698 0.908793 0.0423331 0.0790834 0.944704
0 0.228475 0.227737 0.0363556 0.0786574 0.902623
0 0.597034 0.638327 0.0265443 0.065289 0.885613
0 0.315697 0.212898 0.0359881 0.0712478 0.882422
0 0.761824 0.663939 0.0308746 0.0708066 0.872979
0 0.569765 0.346626 0.0282625 0.0662223 0.856373
0 0.572048 0.226982 0.0245479 0.0547168 0.819029
0 0.38461 0.579582 0.0307419 0.0610188 0.807953
0 0.979013 0.904451 0.0402322 0.0971022 0.806196
0 0.246678 0.700528 0.0361147 0.0796906 0.789425
0 0.467307 0.0891983 0.0371609 0.0602903 0.74536
0 0.449743 0.57342 0.0337403 0.0601518 0.620771
0 0.452568 0.553801 0.0393752 0.107198 0.288742
0 0.502716 0.702056 0.0322313 0.0778494 0.283974
0 0.727689 0.158034 0.0276999 0.0658919 0.162762
0 0.4943 0.553922 0.0349809 0.114039 0.112009
0 0.463674 0.121847 0.0464886 0.131063 0.104323
0 0.598231 0.638347 0.0259591 0.0622394 0.885308
0 0.501211 0.906236 0.0367753 0.0714563 0.870762
0 0.573335 0.22824 0.0237264 0.0548793 0.829271
0 0.570719 0.348902 0.0270191 0.0648953 0.816531
0 0.76164 0.664709 0.0286546 0.0664457 0.773013
0 0.467972 0.0913695 0.0327107 0.0603547 0.766622
0 0.38516 0.58061 0.0291679 0.0595074 0.73088
0 0.316065 0.216945 0.0324732 0.0604349 0.730347
0 0.228555 0.22958 0.0333896 0.0727801 0.727506
0 0.248058 0.707691 0.0326914 0.070301 0.573086
0 0.977314 0.902079 0.0307906 0.0914403 0.502252
0 0.449554 0.575084 0.0301386 0.0559564 0.494864
0 0.503448 0.694029 0.0290816 0.0589795 0.250333
0 0.727158 0.154198 0.0226472 0.0502263 0.244704
0 0.622597 0.550774 0.133774 0.24583 0.163483
0 0.598161 0.203197 0.113745 0.201346 0.112769
0 0.452212 0.556776 0.0367055 0.100338 0.111818
0 0.574072 0.230536 0.0256968 0.0523743 0.636624
0 0.49964 0.906611 0.0374509 0.0756215 0.56327
0 0.464902 0.0892225 0.0396786 0.0641008 0.563007
0 0.611895 0.55636 0.151615 0.241788 0.491232
0 0.315317 0.213135 0.0335977 0.0722938 0.433229
0 0.598927 0.637509 0.0276482 0.067266 0.416357
0 0.449397 0.572983 0.0313073 0.0652379 0.409882
0 0.761227 0.662053 0.0287598 0.0754421 0.377764
0 0.227228 0.227386 0.0346936 0.0844609 0.371074
0 0.977481 0.898918 0.0324783 0.0838521 0.327777
0 0.570332 0.35023 0.029802 0.0648603 0.300499
0 0.246809 0.702366 0.0352211 0.086945 0.210094
0 0.384877 0.577132 0.0305801 0.0647269 0.195473
0 0.375354 0.707754 0.0918936 0.177731 0.174735
0 0.503594 0.707089 0.0297234 0.0797593 0.1267
0 0.735619 0.541498 0.0244381 0.0890118 0.111829
0 0.727902 0.157461 0.0257123 0.0629764 0.108065
0 0.500183 0.907951 0.0378694 0.0774068 0.971889
0 0.574815 0.232238 0.0267538 0.0513086 0.970834
0 0.22821 0.230833 0.033811 0.0879715 0.960134
0 0.316258 0.215607 0.0339891 0.0736047 0.957782
0 0.465577 0.0899338 0.0397258 0.0644984 0.954154
0 0.600046 0.641772 0.0277994 0.0612915 0.92413
0 0.762108 0.663567 0.0288077 0.0784816 0.913489
0 0.450179 0.573903 0.0308684 0.06673 0.869973
0 0.247326 0.703252 0.0392369 0.0933391 0.857995
0 0.571463 0.351947 0.0296301 0.0657301 0.800052
0 0.38519 0.578579 0.030514 0.0650004 0.75799
0 0.97854 0.903506 0.0338975 0.0845345 0.516923
0 0.503993 0.714223 0.031524 0.0887591 0.191803
0 0.365344 0.562714 0.0768735 0.111799 0.167203
0 0.316624 0.209828 0.0337278 0.0720456 0.843747
0 0.22841 0.227216 0.0322203 0.0798301 0.821175
0 0.762516 0.660688 0.0303508 0.0723423 0.787138
0 0.57435 0.229913 0.0251117 0.0457133 0.784741
0 0.467417 0.0864145 0.0346318 0.0618816 0.776643
0 0.500584 0.906426 0.0364066 0.0744725 0.775773
0 0.247785 0.706031 0.0351556 0.073922 0.729541
0 0.571757 0.349683 0.0285237 0.0610831 0.6686
0 0.599085 0.636698 0.026332 0.053573 0.647624
0 0.451925 0.570811 0.0309055 0.0575313 0.637023
0 0.613546 0.553774 0.153937 0.241224 0.584652
0 0.385857 0.57575 0.0286162 0.0576634 0.523977
0 0.585253 0.20181 0.130414 0.190122 0.368351
0 0.373639 0.708725 0.091493 0.177782 0.346109
0 0.503929 0.711573 0.0310295 0.0840565 0.191973
0 0.363914 0.528853 0.0779366 0.178431 0.186985
0 0.493662 0.553888 0.0360354 0.112469 0.157756
0 0.239925 0.707692 0.0207775 0.0638728 0.149212
0 0.476105 0.554207 0.0746576 0.116566 0.117758
0 0.396303 0.716137 0.0511683 0.152027 0.117482
0 0.453071 0.558564 0.0413105 0.106116 0.102457
0 0.573765 0.228581 0.0241892 0.0461421 0.74523
0 0.316188 0.211511 0.0339738 0.0736135 0.731325
0 0.762297 0.661944 0.0290389 0.071531 0.719299
0 0.248025 0.707453 0.032734 0.0692732 0.699182
0 0.385083 0.576198 0.0276498 0.0570363 0.697416
0 0.2282 0.229582 0.0327627 0.0769609 0.691535
0 0.468528 0.0859753 0.0296729 0.0553909 0.687201
0 0.451235 0.57108 0.0286243 0.0572759 0.678233
0 0.500352 0.906469 0.0356458 0.0731481 0.672401
0 0.598576 0.640919 0.0262232 0.0612829 0.639232
0 0.570535 0.349177 0.0259182 0.0619561 0.639173
0 0.50439 0.695909 0.0261557 0.0496759 0.24658
0 0.725519 0.14969 0.0161095 0.0409509 0.201808
0 0.493776 0.552779 0.0337055 0.108281 0.189904
0 0.977112 0.899342 0.0281581 0.0803733 0.11135
0 0.48268 0.39343 0.0286267 0.0750299 0.110178
0 0.248029 0.709152 0.0355478 0.077421 0.853064
0 0.316687 0.21477 0.0362445 0.0730048 0.848014
0 0.228358 0.234549 0.0359681 0.0836467 0.836837
0 0.500578 0.907304 0.0371204 0.076253 0.785173
0 0.573044 0.228327 0.0257773 0.0530959 0.760406
0 0.571218 0.348336 0.0284002 0.0667571 0.757848
0 0.385336 0.579606 0.030376 0.0649006 0.717395
0 0.598658 0.640175 0.0288486 0.0723299 0.663053
0 0.761318 0.665594 0.0308771 0.0756564 0.660674
0 0.470161 0.0859566 0.0310179 0.058188 0.642772
0 0.451024 0.575583 0.0323603 0.0598945 0.624609
0 0.572933 0.228069 0.0249398 0.0485808 0.766208
0 0.228243 0.230317 0.0336927 0.072072 0.715681
0 0.31685 0.212311 0.0354833 0.0662443 0.707205
0 0.570563 0.347006 0.0284573 0.0608818 0.694845
0 0.384863 0.576551 0.0282464 0.055597 0.651042
0 0.500734 0.903911 0.0363332 0.0691465 0.620705
0 0.449551 0.574155 0.0273855 0.0551743 0.617669
0 0.247824 0.707068 0.0328156 0.0668982 0.571891
0 0.469826 0.0859545 0.0307131 0.0514556 0.529727
0 0.598564 0.636131 0.0253726 0.0602199 0.515138
0 0.761195 0.661151 0.0286102 0.0626827 0.462996
0 0.500499 0.906589 0.0371252 0.0732999 0.73226
0 0.572955 0.23104 0.0245818 0.0533703 0.731671
0 0.38597 0.579192 0.0292449 0.0629676 0.695991
0 0.316351 0.211671 0.0360904 0.077153 0.689275
0 0.227895 0.23443 0.0357176 0.0809069 0.656609
0 0.762061 0.668844 0.0304953 0.0801145 0.613738
0 0.449571 0.575953 0.02868 0.0613003 0.595886
0 0.46837 0.0894079 0.0347361 0.0592955 0.589022
0 0.570752 0.349479 0.0298299 0.0659366 0.585914
0 0.247312 0.705907 0.0367845 0.0816081 0.573917
0 0.598616 0.639018 0.0262705 0.065569 0.571214
0 0.504002 0.714494 0.0326805 0.0908563 0.371769
0 0.978631 0.899466 0.0396851 0.0879213 0.308913
0 0.493975 0.55411 0.0362588 0.111297 0.283308
0 0.452776 0.558038 0.0351533 0.100384 0.153802
0 0.481652 0.40383 0.0358187 0.0985914 0.139825
0 0.501109 0.906459 0.0355313 0.0720411 0.792187
0 0.228131 0.233542 0.0329784 0.0730364 0.668256
0 0.316567 0.212857 0.0340719 0.0720795 0.633321
0 0.385847 0.578489 0.0274069 0.0613986 0.619334
0 0.761587 0.663228 0.0264055 0.0693048 0.600624
0 0.46978 0.0899779 0.0311621 0.0575855 0.580974
0 0.449836 0.575646 0.0261149 0.0595699 0.566924
0 0.572672 0.232655 0.0227447 0.0504581 0.557586
0 0.248207 0.709651 0.032468 0.0699546 0.533537
0 0.572234 0.349307 0.0253361 0.0611344 0.521143
0 0.598302 0.642234 0.0239741 0.0595642 0.422496
0 0.494301 0.556333 0.0350901 0.1088 0.124444
0 0.50233 0.910784 0.0375694 0.0811448 0.938118
0 0.227141 0.230944 0.0296237 0.0713609 0.891742
0 0.247044 0.710173 0.0308589 0.0794511 0.889166
0 0.762586 0.665403 0.0236387 0.0703292 0.846244
0 0.318403 0.217538 0.0327104 0.0702738 0.801613
0 0.981006 0.898374 0.0355758 0.0969452 0.78036
0 0.469499 0.0919741 0.0334586 0.063773 0.734384
0 0.448504 0.574956 0.0290389 0.0599591 0.724523
0 0.570159 0.352085 0.0268403 0.0606787 0.643376
0 0.600446 0.634424 0.0251687 0.0733174 0.582234
0 0.384956 0.581185 0.027444 0.0637474 0.557905
0 0.483477 0.403851 0.0283973 0.0963058 0.292105
0 0.504526 0.711924 0.0278147 0.0828979 0.253274
0 0.591953 0.210653 0.121111 0.183531 0.192324
0 0.743165 0.298852 0.0264937 0.0743525 0.168353
0 0.493263 0.555232 0.0305746 0.114699 0.143476
0 0.726717 0.15404 0.0253338 0.0519483 0.129832
0 0.724505 0.216584 0.0467487 0.178378 0.126915
0 0.626086 0.612558 0.128927 0.33818 0.117514
0 0.598449 0.635255 0.0265854 0.0672206 0.834984
0 0.501828 0.907158 0.0397281 0.0793152 0.800538
0 0.226213 0.229089 0.0346417 0.070671 0.74447
0 0.761956 0.661891 0.0311146 0.0759471 0.643802
0 0.316994 0.216083 0.0385712 0.100657 0.599811
0 0.450301 0.572793 0.0328064 0.0582025 0.596618
0 0.384872 0.578802 0.0266904 0.0583053 0.514007
0 0.24642 0.705417 0.0348469 0.0809602 0.512865
0 0.569615 0.347851 0.026747 0.0622554 0.455759
0 0.6129 0.608275 0.156291 0.326068 0.422201
0 0.978023 0.897043 0.0356883 0.0955627 0.419338
0 0.465555 0.0883237 0.0377132 0.066846 0.416772
0 0.583706 0.213137 0.133987 0.18537 0.181016
0 0.560129 0.233476 0.0560304 0.10745 0.127174
0 0.483261 0.401869 0.0277378 0.101216 0.125419
0 0.572759 0.225807 0.0255474 0.0470231 0.112806
0 0.599593 0.641241 0.0241094 0.0526253 0.707271
0 0.574104 0.22843 0.0225682 0.0426878 0.509044
0 0.500695 0.906397 0.0405341 0.0788815 0.374257
0 0.31562 0.214675 0.0341248 0.0745965 0.338754
0 0.570265 0.350211 0.0304152 0.0635101 0.21263
0 0.227454 0.229454 0.0326395 0.0597693 0.207969
0 0.385568 0.579752 0.0272953 0.054603 0.200218
0 0.59656 0.20182 0.108916 0.198013 0.197354
0 0.468737 0.088113 0.0329459 0.0591423 0.183282
0 0.764375 0.66617 0.03629 0.0839562 0.178127
0 0.979376 0.897625 0.0338159 0.0869437 0.163249
0 0.450064 0.574012 0.0316576 0.0570496 0.146033
0 0.598162 0.637178 0.0253283 0.0696471 0.790993
0 0.314488 0.209761 0.0337531 0.076264 0.784205
0 0.226496 0.226806 0.0329479 0.0755953 0.754055
0 0.502232 0.907222 0.040662 0.0803202 0.683309
0 0.762368 0.666535 0.0332759 0.087144 0.634024
0 0.614715 0.607541 0.157794 0.361111 0.520952
0 0.468727 0.0880808 0.0358319 0.0642183 0.507242
0 0.386708 0.574531 0.0300456 0.0566256 0.472728
0 0.570315 0.349074 0.0258138 0.0644746 0.468782
0 0.450633 0.574232 0.034527 0.0631278 0.464098
0 0.248377 0.707048 0.0350089 0.0806183 0.389445
0 0.573061 0.228683 0.0243962 0.0544568 0.371575
0 0.59455 0.204474 0.115005 0.205426 0.319491
0 0.977296 0.894751 0.0362559 0.0894612 0.29654
0 0.598192 0.641156 0.0245378 0.0578718 0.628597
0 0.500899 0.906349 0.0376227 0.072316 0.591882
0 0.314967 0.209845 0.0323523 0.0618595 0.480023
0 0.227195 0.226177 0.0326168 0.0611148 0.479669
0 0.449743 0.571801 0.0285921 0.0548616 0.461158
0 0.470238 0.0850281 0.0314639 0.05329 0.418246
0 0.761753 0.659585 0.030798 0.065109 0.377419
0 0.386056 0.572666 0.0280458 0.0528917 0.357194
0 0.57327 0.229703 0.0220777 0.0467941 0.311426
0 0.978207 0.897662 0.0342911 0.0815326 0.283955
0 0.570969 0.348537 0.0242854 0.056966 0.218068
0 0.248276 0.70617 0.030357 0.0597591 0.174928
0 0.501582 0.908041 0.0401101 0.076482 0.836833
0 0.598361 0.642034 0.0259999 0.0601385 0.785058
0 0.316558 0.214377 0.0397289 0.0744695 0.75566
0 0.469536 0.0879238 0.0331036 0.0599596 0.69519
0 0.450025 0.575134 0.0351658 0.0666052 0.681337
0 0.228217 0.229575 0.0351862 0.0699671 0.657062
0 0.763002 0.664633 0.034589 0.0738813 0.639077
0 0.248323 0.71419 0.036328 0.073766 0.55436
0 0.386022 0.579235 0.0312752 0.0620094 0.548975
0 0.979534 0.902126 0.0393894 0.0871293 0.407101
0 0.57114 0.348516 0.0281043 0.0604332 0.402827
0 0.573576 0.229582 0.0258375 0.050781 0.205827
0 0.376975 0.71755 0.0960838 0.178125 0.132906
0 0.401027 0.743189 0.0447274 0.0989242 0.117134
0 0.60131 0.204627 0.100099 0.195773 0.113612
0 0.227196 0.225239 0.0331986 0.0696807 0.660266
0 0.314736 0.210486 0.0350778 0.0774188 0.638152
0 0.599081 0.639685 0.0248198 0.0568323 0.633955
0 0.500123 0.903932 0.0386664 0.073558 0.594318
0 0.469336 0.0845138 0.0295074 0.0631965 0.593823
0 0.761879 0.658036 0.0336205 0.0692492 0.474109
0 0.385123 0.578543 0.0285562 0.063569 0.46973
0 0.247487 0.709831 0.034067 0.0772256 0.44939
0 0.569972 0.348778 0.0287433 0.0641828 0.420991
0 0.449515 0.576248 0.0340015 0.0622 0.37538
0 0.977588 0.898137 0.0345687 0.0867941 0.201231
0 0.572894 0.231487 0.0238134 0.0496424 0.187582
0 0.72597 0.152371 0.0200347 0.0475718 0.111876
0 0.228016 0.229222 0.0364846 0.0770316 0.878437
0 0.500926 0.905197 0.0409333 0.073835 0.855646
0 0.316301 0.212339 0.0382592 0.078412 0.843355
0 0.469927 0.0881571 0.0321632 0.0593745 0.808511
0 0.599946 0.641576 0.027608 0.0584081 0.792835
0 0.762624 0.668508 0.037145 0.0822237 0.759592
0 0.247993 0.710246 0.0372809 0.0757135 0.756968
0 0.570362 0.34936 0.0309917 0.0644819 0.718836
0 0.386343 0.579181 0.0315604 0.0630648 0.576918
0 0.979629 0.897588 0.0399473 0.0852197 0.49438
0 0.450411 0.575329 0.0366688 0.0623558 0.490064
0 0.572993 0.231434 0.0268755 0.049832 0.296675
0 0.50087 0.905172 0.0383308 0.0749516 0.884873
0 0.316166 0.211609 0.0358566 0.0739158 0.879725
0 0.227762 0.229081 0.0347643 0.075655 0.867516
0 0.247074 0.711181 0.0353561 0.0739039 0.814882
0 0.762878 0.662628 0.0319183 0.0763057 0.809769
0 0.599065 0.645058 0.0251113 0.0586277 0.786766
0 0.46932 0.0871833 0.0293209 0.0645639 0.766394
0 0.570086 0.348712 0.0291128 0.0610629 0.741438
0 0.572234 0.232032 0.0238982 0.0488469 0.657984
0 0.385423 0.579581 0.0286109 0.0598666 0.514818
0 0.979222 0.901421 0.0385455 0.0848389 0.497083
0 0.451053 0.575341 0.0308067 0.0574622 0.474187
0 0.72564 0.153696 0.0199968 0.0457108 0.175133
0 0.366762 0.542305 0.0719447 0.150671 0.11794
0 0.742417 0.270351 0.0247603 0.0424918 0.117303
0 0.501636 0.903133 0.0368152 0.0701691 0.808385
0 0.316615 0.210428 0.0340115 0.0764977 0.789933
0 0.228081 0.225324 0.032352 0.071407 0.747887
0 0.246998 0.712354 0.0313718 0.0736796 0.690374
0 0.469601 0.0865518 0.0265506 0.0635234 0.684019
0 0.761802 0.660659 0.0281513 0.0713883 0.662008
0 0.570238 0.348807 0.025255 0.0623454 0.616239
0 0.598988 0.643508 0.0242457 0.0571028 0.56475
0 0.571691 0.230757 0.0229745 0.0471125 0.526895
0 0.450579 0.574989 0.0278033 0.056454 0.416348
0 0.38503 0.577709 0.0262212 0.0597968 0.401881
0 0.978195 0.9029 0.0364894 0.0813314 0.291261
0 0.500753 0.904294 0.0388743 0.0706739 0.89223
0 0.315948 0.210644 0.0365605 0.0758923 0.876963
0 0.228487 0.226128 0.0337507 0.069824 0.825827
0 0.247545 0.710634 0.034786 0.0771502 0.823953
0 0.762077 0.663939 0.0320814 0.0715497 0.797168
0 0.569854 0.346164 0.0290095 0.0670936 0.791176
0 0.469686 0.0871796 0.0297751 0.0613504 0.750471
0 0.450108 0.573779 0.0316557 0.0596953 0.737801
0 0.384685 0.577671 0.0284908 0.0605105 0.71091
0 0.599137 0.640475 0.0265508 0.065183 0.685282
0 0.571049 0.22946 0.0261298 0.0480315 0.683531
0 0.978148 0.900673 0.0380309 0.0903893 0.563174
0 0.742662 0.267366 0.0225816 0.044752 0.106247
0 0.500133 0.906167 0.0396321 0.0750988 0.671116
0 0.315292 0.210075 0.035733 0.0714251 0.633933
0 0.22793 0.228901 0.0342171 0.0681507 0.609895
0 0.247958 0.709778 0.0375103 0.0783775 0.588035
0 0.570338 0.34665 0.031533 0.0649108 0.560355
0 0.761465 0.667577 0.0355798 0.0737601 0.51005
0 0.449961 0.573736 0.0346206 0.0607501 0.481223
0 0.599802 0.642858 0.0297608 0.062321 0.480917
0 0.571462 0.230379 0.0290749 0.0477221 0.448773
0 0.470194 0.0896083 0.0302094 0.059276 0.42878
0 0.384636 0.5791 0.0311026 0.0595722 0.422905
0 0.979705 0.897274 0.037912 0.0804206 0.271244
0 0.599487 0.643444 0.02682 0.0597628 0.86912
0 0.499695 0.904891 0.0377109 0.0719839 0.861259
0 0.228101 0.226848 0.031494 0.0663417 0.857582
0 0.31624 0.211993 0.0328276 0.0711458 0.845526
0 0.248328 0.709561 0.0366094 0.077532 0.842308
0 0.470379 0.08878 0.0296525 0.0590771 0.816784
0 0.761893 0.662864 0.0303954 0.0676619 0.798558
0 0.570175 0.346324 0.0295403 0.0610586 0.794102
0 0.571389 0.232031 0.0270068 0.0498091 0.792038
0 0.384756 0.578453 0.0290523 0.06087 0.788506
0 0.450501 0.573877 0.0300296 0.0592877 0.718797
0 0.227974 0.224808 0.0325928 0.0649175 0.847548
0 0.499868 0.904807 0.0369957 0.0691143 0.839109
0 0.247557 0.711632 0.0343448 0.0713327 0.832094
0 0.598427 0.64223 0.0254959 0.0572983 0.832089
0 0.315718 0.213042 0.0337379 0.0711348 0.82338
0 0.570037 0.347888 0.0290368 0.0593316 0.818784
0 0.760556 0.661033 0.0283921 0.0660235 0.792186
0 0.469471 0.0873968 0.0287626 0.0587634 0.764122
0 0.384272 0.579275 0.0278747 0.0604788 0.752022
0 0.571017 0.231833 0.0262575 0.0499723 0.736949
0 0.449143 0.57391 0.0282962 0.0575632 0.663999
0 0.228927 0.224185 0.0355365 0.0689084 0.865291
0 0.316563 0.209938 0.035982 0.0752424 0.842085
0 0.598467 0.637827 0.0264289 0.0642412 0.840372
0 0.501166 0.904228 0.0388532 0.0710023 0.835327
0 0.761051 0.660168 0.0290392 0.0672421 0.833183
0 0.570545 0.346016 0.0295051 0.0629514 0.830897
0 0.46994 0.085862 0.0296457 0.0624616 0.816592
0 0.247737 0.70798 0.03365 0.0775364 0.808596
0 0.449808 0.57636 0.0301476 0.0575678 0.773993
0 0.384596 0.578835 0.0282103 0.0595827 0.769821
0 0.571511 0.230904 0.0273914 0.0525705 0.749497
0 0.978238 0.899689 0.0379794 0.0940065 0.301504
0 0.316465 0.211767 0.0351781 0.0722229 0.779885
0 0.228205 0.229726 0.0348068 0.0711605 0.774144
0 0.59885 0.641571 0.0266719 0.0606863 0.745364
0 0.450223 0.576552 0.0302332 0.0576072 0.717621
0 0.470526 0.088177 0.0311894 0.0621192 0.715298
0 0.500312 0.906005 0.0379937 0.0743345 0.705304
0 0.570408 0.347997 0.0296569 0.0637476 0.700422
0 0.76099 0.662755 0.0287651 0.0686268 0.685464
0 0.38472 0.579419 0.0288284 0.0598844 0.68123
0 0.572208 0.232089 0.027661 0.0525935 0.676636
0 0.24817 0.709767 0.034706 0.0755659 0.632733
0 0.979032 0.901016 0.0382171 0.0928347 0.339892
0 0.493938 0.555645 0.0347652 0.104477 0.101568
0 0.315622 0.209949 0.031668 0.0687217 0.88119
0 0.599294 0.640246 0.0262616 0.0603232 0.865223
0 0.22766 0.226112 0.0322692 0.0677399 0.857459
0 0.470682 0.0879643 0.0315773 0.0598842 0.853478
0 0.570037 0.345225 0.0292567 0.0643409 0.843426
0 0.573531 0.230129 0.0258991 0.0529097 0.833683
0 0.248149 0.708931 0.0352104 0.0723228 0.830854
0 0.499958 0.90275 0.0361485 0.0710499 0.817804
0 0.451324 0.574214 0.0291916 0.0557913 0.780781
0 0.761474 0.662294 0.0285118 0.0659427 0.759762
0 0.385077 0.577464 0.0285229 0.0582482 0.743008
0 0.978083 0.897659 0.0354643 0.088677 0.228214
0 0.470404 0.0880877 0.0309455 0.0587619 0.848646
0 0.599737 0.640273 0.0270035 0.0596148 0.838052
0 0.248377 0.711842 0.0352855 0.0716708 0.815034
0 0.57385 0.231456 0.0262194 0.0479929 0.795744
0 0.228147 0.226905 0.0320137 0.0640989 0.780466
0 0.315879 0.211972 0.0328333 0.0687041 0.780035
0 0.450652 0.574762 0.028971 0.0568436 0.771933
0 0.499889 0.905034 0.0370112 0.0713332 0.771577
0 0.385511 0.57976 0.0288838 0.0585955 0.76893
0 0.569922 0.347117 0.0289053 0.0599423 0.751887
0 0.762061 0.662586 0.0289004 0.0642252 0.739283
0 0.977035 0.902496 0.033439 0.0858158 0.199884
0 0.470187 0.086687 0.0298291 0.0617165 0.8507
0 0.59921 0.637597 0.0289777 0.0661911 0.817418
0 0.248243 0.711563 0.0339033 0.0714613 0.815718
0 0.22729 0.227232 0.0354039 0.066643 0.784011
0 0.450285 0.573928 0.0305897 0.0600132 0.783001
0 0.384958 0.578584 0.0284991 0.0613335 0.772619
0 0.57321 0.228843 0.0279662 0.0543295 0.772384
0 0.315272 0.209812 0.0359611 0.0753259 0.769941
0 0.500536 0.904736 0.0372699 0.0718037 0.741716
0 0.570603 0.34604 0.0294573 0.064548 0.737899
0 0.761827 0.661303 0.0315111 0.0675107 0.734761
0 0.493892 0.556968 0.0347201 0.103421 0.481721
0 0.976944 0.899923 0.0356473 0.08758 0.422309
0 0.482691 0.402763 0.0324287 0.095946 0.288315
0 0.50323 0.709957 0.0332785 0.0832747 0.210476
0 0.34395 0.478636 0.0322301 0.0803717 0.205177
0 0.459041 0.159032 0.0251854 0.0427604 0.161454
0 0.343632 0.457077 0.0382271 0.135704 0.149031
0 0.598348 0.638167 0.0303071 0.0678063 0.814972
0 0.227816 0.227116 0.0357089 0.0707169 0.810047
0 0.451053 0.574559 0.0313894 0.057859 0.808672
0 0.247371 0.711084 0.0343924 0.0737406 0.800674
0 0.315919 0.21041 0.0357645 0.0742658 0.794705
0 0.572419 0.230281 0.0273206 0.0507177 0.785001
0 0.570176 0.347223 0.0302229 0.0631376 0.783445
0 0.500254 0.905304 0.039297 0.0737838 0.769902
0 0.469832 0.0882186 0.0297317 0.0627471 0.763759
0 0.384753 0.577845 0.0294672 0.0604944 0.733685
0 0.761478 0.662483 0.031754 0.068809 0.705663
0 0.451227 0.573886 0.0280848 0.0532316 0.84954
0 0.384864 0.577263 0.0271063 0.0558401 0.816517
0 0.228538 0.22699 0.0325 0.0675269 0.813903
0 0.570428 0.346502 0.0288008 0.0618954 0.781009
0 0.315928 0.210406 0.0321561 0.0677968 0.770474
0 0.248144 0.711873 0.0341383 0.0736767 0.769234
0 0.500031 0.905442 0.0362389 0.0723726 0.725502
0 0.761808 0.662642 0.0289447 0.0650436 0.724732
0 0.599051 0.64275 0.0264321 0.0586336 0.707475
0 0.573321 0.230029 0.0245998 0.0482277 0.70446
0 0.470521 0.0887659 0.0295489 0.0593577 0.675926
0 0.619872 0.574775 0.125664 0.264639 0.208675
0 0.978771 0.898135 0.0326478 0.0762597 0.133087
0 0.247726 0.7129 0.0361803 0.0784636 0.856182
0 0.228175 0.227767 0.0355001 0.0729668 0.84747
0 0.450957 0.574015 0.029875 0.0544901 0.821381
0 0.31559 0.209346 0.0345274 0.0714672 0.818749
0 0.383783 0.578153 0.0294474 0.0582924 0.808913
0 0.569669 0.346021 0.0301831 0.0642318 0.79094
0 0.499439 0.906171 0.0378489 0.0756192 0.773452
0 0.760966 0.665195 0.03237 0.0725857 0.769717
0 0.470441 0.0883427 0.03159 0.0629305 0.756542
0 0.598754 0.640275 0.0300022 0.0670217 0.702527
0 0.573175 0.229294 0.0271906 0.053312 0.684723
0 0.97904 0.898895 0.0344922 0.0820958 0.230186
0 0.247657 0.711409 0.0351288 0.0764755 0.779718
0 0.570434 0.345852 0.0297603 0.0615496 0.758693
0 0.315779 0.208614 0.0355436 0.0703673 0.755903
0 0.227849 0.226191 0.03604 0.069798 0.750468
0 0.384376 0.577622 0.029548 0.0583835 0.739914
0 0.499373 0.905176 0.036786 0.0718701 0.723356
0 0.470861 0.0879047 0.0316606 0.0584577 0.715639
0 0.760731 0.663414 0.032113 0.070852 0.699764
0 0.450379 0.573867 0.0303122 0.0544112 0.667826
0 0.573203 0.229603 0.0278809 0.0525975 0.558832
0 0.598572 0.640274 0.03003 0.0630548 0.497888
0 0.570872 0.347092 0.029087 0.0603346 0.861527
0 0.315976 0.211073 0.0349748 0.0718177 0.857832
0 0.227908 0.225736 0.0348378 0.0689955 0.837517
0 0.385048 0.578219 0.028819 0.0597446 0.836502
0 0.247706 0.711477 0.0331687 0.0741142 0.831832
0 0.450644 0.574051 0.0292421 0.0572408 0.819317
0 0.47095 0.0883083 0.029835 0.0576055 0.805295
0 0.499821 0.905439 0.035665 0.0709563 0.801559
0 0.760961 0.663391 0.0308762 0.0703117 0.79487
0 0.573268 0.230752 0.0268613 0.0510257 0.744571
0 0.598993 0.638799 0.0293429 0.0660148 0.647369
0 0.316221 0.210412 0.0345807 0.071602 0.873138
0 0.384948 0.577906 0.0277512 0.0575159 0.858013
0 0.450466 0.573692 0.0279549 0.0567503 0.857315
0 0.228393 0.227899 0.0343506 0.0683399 0.853939
0 0.570513 0.346285 0.0286023 0.0616001 0.850263
0 0.761132 0.664618 0.0300741 0.0684313 0.84332
0 0.47032 0.0901715 0.0307828 0.0570907 0.842242
0 0.499863 0.905886 0.0353692 0.066674 0.838203
0 0.573356 0.232054 0.0263291 0.0532281 0.831148
0 0.246755 0.70926 0.0338378 0.0762406 0.813131
0 0.599034 0.639279 0.0277036 0.0652683 0.802474
0 0.493253 0.555667 0.0336252 0.100308 0.152212
0 0.470129 0.0891471 0.0309755 0.0575569 0.776818
0 0.384625 0.578074 0.0282221 0.0556473 0.771553
0 0.570232 0.345979 0.0294132 0.0626973 0.768521
0 0.247434 0.712036 0.0351799 0.0747132 0.76205
0 0.499867 0.906535 0.0372519 0.0663491 0.758475
0 0.573619 0.231424 0.0259985 0.0523257 0.752729
0 0.450351 0.572924 0.0290453 0.055251 0.74267
0 0.316219 0.210858 0.0365554 0.072905 0.723533
0 0.761929 0.665042 0.032108 0.0690372 0.714982
0 0.228394 0.230076 0.036224 0.0729663 0.714182
0 0.599934 0.64114 0.0289202 0.062818 0.547773
0 0.247798 0.712715 0.0365444 0.073206 0.863316
0 0.499024 0.905383 0.0367611 0.0675567 0.844176
0 0.383952 0.576757 0.02907 0.0564219 0.831693
0 0.470632 0.0879022 0.0322573 0.0586892 0.827137
0 0.227778 0.228748 0.0348969 0.0710835 0.816526
0 0.761043 0.663833 0.0330197 0.0687856 0.813242
0 0.569676 0.345209 0.0294271 0.0615728 0.812421
0 0.449428 0.571869 0.0290909 0.055847 0.805679
0 0.315571 0.209786 0.0351027 0.069755 0.80379
0 0.598905 0.641372 0.0279475 0.0626661 0.785995
0 0.573011 0.231403 0.0265166 0.0511742 0.784974
0 0.248204 0.713727 0.0361975 0.0748465 0.862725
0 0.470618 0.0889078 0.0313769 0.0587172 0.835444
0 0.499048 0.906192 0.0361528 0.0701183 0.827661
0 0.384739 0.57852 0.0298958 0.0587864 0.804971
0 0.59933 0.6428 0.0270997 0.0595847 0.800109
0 0.450029 0.572449 0.0289052 0.058651 0.785867
0 0.761438 0.664159 0.0318136 0.0679488 0.779725
0 0.570975 0.345164 0.030423 0.0608747 0.7782
0 0.3164 0.211817 0.0361187 0.0695268 0.774897
0 0.22871 0.228885 0.0344622 0.068313 0.746003
0 0.573593 0.231628 0.0266501 0.0490155 0.735281
0 0.493495 0.555977 0.033565 0.0952531 0.192931
0 0.717751 0.0882877 0.0355771 0.0633647 0.122585
0 0.482242 0.403733 0.032091 0.0867924 0.110115
0 0.247616 0.713035 0.0345354 0.0768873 0.871996
0 0.316281 0.209258 0.035325 0.0724757 0.863409
0 0.470018 0.0889382 0.0302056 0.0598571 0.85361
0 0.448788 0.571701 0.0294463 0.0582055 0.837012
0 0.384096 0.578462 0.0287995 0.0631944 0.8304
0 0.570595 0.344085 0.0288945 0.0607872 0.811159
0 0.598502 0.639635 0.0272589 0.0625258 0.802065
0 0.498268 0.905233 0.0339581 0.0712863 0.80052
0 0.228356 0.227406 0.0342718 0.0652043 0.787198
0 0.760311 0.663245 0.0309978 0.0689982 0.784684
0 0.57334 0.230628 0.0259992 0.0499132 0.774197
0 0.449645 0.572514 0.0274137 0.0561003 0.877514
0 0.316504 0.209437 0.035257 0.0731785 0.858786
0 0.248278 0.713229 0.0351907 0.076293 0.84535
0 0.573102 0.231376 0.0248491 0.048968 0.832116
0 0.598564 0.640412 0.0264778 0.0618414 0.825587
0 0.470455 0.0896389 0.029145 0.0584934 0.817491
0 0.384706 0.578358 0.0283352 0.0588967 0.814664
0 0.228562 0.227686 0.0338491 0.0654419 0.796913
0 0.498666 0.905661 0.032874 0.070872 0.788709
0 0.760472 0.662863 0.0304337 0.0680287 0.774373
0 0.570926 0.345352 0.0282083 0.0591876 0.767998
0 0.449568 0.573925 0.029085 0.0576548 0.905786
0 0.573413 0.233806 0.0280339 0.0513698 0.871136
0 0.31648 0.210397 0.0367151 0.0725948 0.856437
0 0.384756 0.578913 0.0296092 0.0598791 0.852277
0 0.228797 0.228833 0.0357931 0.0679567 0.849581
0 0.248735 0.713881 0.0362911 0.0733256 0.847302
0 0.471646 0.0884826 0.0312643 0.0583329 0.841923
0 0.598895 0.641409 0.0288362 0.0638203 0.841335
0 0.760715 0.664592 0.0322477 0.0696113 0.831268
0 0.499265 0.906383 0.035602 0.0674664 0.823652
0 0.57152 0.346845 0.0286958 0.057827 0.788176
0 0.448861 0.572638 0.0283998 0.0564931 0.825116
0 0.383902 0.57777 0.0283787 0.059923 0.785496
0 0.315502 0.208769 0.0362985 0.0728311 0.783119
0 0.572297 0.232609 0.0272397 0.0539387 0.761316
0 0.498006 0.905644 0.0344872 0.0668266 0.759898
0 0.22799 0.227681 0.0356978 0.0692303 0.754951
0 0.247992 0.711951 0.0360604 0.0704896 0.753197
0 0.470068 0.0879724 0.0303581 0.0599465 0.739738
0 0.759953 0.663634 0.0316337 0.0700684 0.735701
0 0.597634 0.639983 0.0283005 0.0661286 0.735402
0 0.57002 0.345257 0.0289333 0.0603446 0.729497
0 0.247567 0.710797 0.0359119 0.0709638 0.835773
0 0.229143 0.230756 0.0366497 0.0717704 0.783969
0 0.499251 0.903494 0.035775 0.0655764 0.777657
0 0.571254 0.346577 0.0290672 0.0573111 0.772027
0 0.38378 0.576652 0.0269665 0.0561631 0.763097
0 0.469425 0.0868221 0.0303785 0.0577852 0.760772
0 0.316471 0.208742 0.037011 0.0702528 0.758818
0 0.760786 0.662368 0.0304312 0.0656882 0.750492
0 0.449263 0.571225 0.028223 0.0560519 0.734379
0 0.597971 0.641173 0.0267802 0.0611938 0.576936
0 0.573256 0.232033 0.0273405 0.0488197 0.526372
0 0.247238 0.712178 0.0355461 0.0745423 0.822255
0 0.570491 0.345447 0.0289409 0.0596593 0.806694
0 0.449324 0.572528 0.0278142 0.0569078 0.787025
0 0.228711 0.232185 0.0368016 0.0725904 0.778192
0 0.498584 0.905559 0.0338992 0.0686812 0.775723
0 0.316051 0.209422 0.036964 0.0707202 0.768505
0 0.384511 0.577813 0.0275577 0.0580787 0.766298
0 0.760766 0.663908 0.030406 0.0663263 0.765842
0 0.47001 0.0880876 0.0309131 0.0566886 0.729833
0 0.598018 0.641065 0.0272862 0.0612648 0.683213
0 0.573372 0.231736 0.0273256 0.0491715 0.650196
0 0.571458 0.346218 0.0287102 0.0616086 0.861332
0 0.449851 0.573553 0.0272075 0.0613039 0.843579
0 0.499355 0.905955 0.0328325 0.071328 0.835936
0 0.760655 0.663701 0.0304034 0.0741592 0.834934
0 0.385292 0.578335 0.0276215 0.0606911 0.829055
0 0.247722 0.711173 0.0339481 0.0743339 0.805067
0 0.599368 0.640485 0.027761 0.0636028 0.7964
0 0.316632 0.210347 0.0348299 0.0731438 0.792973
0 0.574191 0.232906 0.028422 0.0538394 0.777365
0 0.471131 0.0885744 0.0316882 0.0604741 0.769876
0 0.229052 0.229504 0.0353206 0.0747839 0.765535
0 0.499046 0.90563 0.0333962 0.0680945 0.84264
0 0.449404 0.574662 0.0271105 0.0596767 0.823995
0 0.384736 0.579395 0.0272042 0.0585267 0.821962
0 0.316037 0.211133 0.0351503 0.0717006 0.819092
0 0.247303 0.711719 0.0345127 0.0728208 0.802811
0 0.228298 0.231932 0.0353357 0.0745892 0.787027
0 0.470479 0.0888421 0.0313133 0.0587321 0.774932
0 0.57051 0.346475 0.0285771 0.0598267 0.765728
0 0.760516 0.664082 0.0308923 0.0713652 0.757716
0 0.574067 0.232953 0.0288193 0.0524302 0.756933
0 0.598753 0.642202 0.0276214 0.0605471 0.750673
0 0.570007 0.344939 0.0283607 0.0590069 0.860839
0 0.448864 0.573689 0.0259367 0.0557312 0.854972
0 0.760147 0.662795 0.0305815 0.0696101 0.850934
0 0.384075 0.577541 0.0270132 0.056486 0.842894
0 0.246722 0.710961 0.0338859 0.0707067 0.842223
0 0.49905 0.904816 0.0342713 0.0660706 0.823749
0 0.598411 0.638779 0.0276327 0.0636845 0.818177
0 0.315902 0.209152 0.0344295 0.0712317 0.810488
0 0.469889 0.0865814 0.0311159 0.0568418 0.804143
0 0.22854 0.226461 0.0350269 0.0661576 0.788929
0 0.573707 0.230219 0.0276251 0.0536472 0.787044
0 0.246536 0.71323 0.0356762 0.0729821 0.821511
0 0.570054 0.345483 0.0294031 0.0606276 0.817639
0 0.449213 0.573088 0.0276536 0.056288 0.815149
0 0.760722 0.662928 0.030767 0.0713379 0.792058
0 0.384441 0.578058 0.0274562 0.0567778 0.782916
0 0.315962 0.209278 0.0355963 0.0739049 0.775502
0 0.598938 0.639143 0.0285653 0.0664484 0.775501
0 0.499596 0.905857 0.0363119 0.0696752 0.766519
0 0.469606 0.0871262 0.0319033 0.057522 0.762662
0 0.228645 0.227688 0.03634 0.070632 0.743941
0 0.574205 0.230456 0.0284523 0.055445 0.736218
0 0.246395 0.713336 0.036801 0.074614 0.89326
0 0.599709 0.641074 0.0271567 0.0638457 0.864141
0 0.570288 0.345792 0.0284116 0.0597247 0.856802
0 0.313966 0.209164 0.0354329 0.0731358 0.85375
0 0.47011 0.0882509 0.0308492 0.0565284 0.843014
0 0.384705 0.578631 0.026363 0.0554592 0.840014
0 0.499947 0.906049 0.0359869 0.0699084 0.836422
0 0.450297 0.574503 0.0262841 0.0552652 0.836134
0 0.228652 0.229661 0.03556 0.0711472 0.82605
0 0.574581 0.231433 0.0278351 0.0516074 0.824987
0 0.761297 0.663416 0.0305077 0.0715576 0.81655
0 0.246116 0.714398 0.0364147 0.0762626 0.795498
0 0.499383 0.906889 0.0350775 0.0714814 0.770442
0 0.570141 0.347017 0.0283962 0.0613911 0.767063
0 0.314668 0.208561 0.0357647 0.0795147 0.760239
0 0.599416 0.641016 0.0273428 0.0663117 0.758763
0 0.384342 0.579902 0.026679 0.0571715 0.753059
0 0.470557 0.0885374 0.0296251 0.0576967 0.746507
0 0.449542 0.574126 0.0278733 0.0585064 0.743632
0 0.574072 0.231509 0.0282259 0.0521882 0.731592
0 0.228216 0.230963 0.0353215 0.0752208 0.710574
0 0.760633 0.663829 0.0310488 0.0741088 0.640875
0 0.24721 0.710853 0.0360071 0.0745087 0.83577
0 0.315483 0.208731 0.0351125 0.0729106 0.833413
0 0.470849 0.0871391 0.0305355 0.0577987 0.80624
0 0.499708 0.905031 0.0348177 0.0679626 0.80108
0 0.571131 0.344467 0.02923 0.0611043 0.79348
0 0.449764 0.572702 0.0293021 0.0560808 0.787726
0 0.599151 0.639441 0.0284119 0.0636676 0.785935
0 0.384918 0.578454 0.027833 0.0564516 0.773263
0 0.228097 0.2262 0.0356009 0.0675773 0.7721
0 0.573849 0.229756 0.0293568 0.0521338 0.768657
0 0.760781 0.66178 0.03151 0.0682473 0.763587
0 0.315344 0.209927 0.0344968 0.0714237 0.831548
0 0.24741 0.71231 0.0349164 0.0720697 0.82258
0 0.471022 0.0885756 0.0306099 0.0559882 0.815294
0 0.760516 0.663404 0.0316199 0.0662675 0.802174
0 0.573467 0.229567 0.0285438 0.0528344 0.79934
0 0.499269 0.90736 0.0340264 0.0661149 0.798602
0 0.59893 0.641373 0.0285292 0.0617013 0.796672
0 0.449696 0.574779 0.027604 0.0573294 0.795069
0 0.571127 0.34519 0.0298 0.0617295 0.794675
0 0.38437 0.578644 0.0285833 0.055466 0.783107
0 0.228014 0.227202 0.0347314 0.0622831 0.78248
0 0.246287 0.711804 0.0377111 0.0776739 0.862007
0 0.315756 0.208859 0.0360296 0.0758728 0.853189
0 0.470476 0.0850132 0.0314421 0.0626672 0.808408
0 0.570564 0.344743 0.0294998 0.0638879 0.806902
0 0.499203 0.905334 0.0364214 0.0704363 0.806084
0 0.572917 0.227634 0.0279702 0.0548216 0.793709
0 0.384174 0.576843 0.0280017 0.0616273 0.791498
0 0.44956 0.573418 0.0282681 0.0603145 0.788845
0 0.760388 0.660435 0.0319701 0.0710029 0.787118
0 0.228017 0.224096 0.0366574 0.0706054 0.785743
0 0.598557 0.637071 0.0288705 0.071724 0.777169
0 0.246432 0.711425 0.0353092 0.0716081 0.892947
0 0.470745 0.0853364 0.030182 0.0614643 0.832784
0 0.499628 0.905321 0.0354694 0.0700145 0.828509
0 0.570916 0.345417 0.0270149 0.0586703 0.816219
0 0.316654 0.210691 0.0335742 0.0695443 0.812821
0 0.761021 0.659184 0.0296965 0.0677118 0.804075
0 0.229237 0.224672 0.0339097 0.0692587 0.80273
0 0.3845 0.575874 0.0261146 0.0589905 0.794231
0 0.598854 0.640332 0.0251551 0.063292 0.787523
0 0.57272 0.23014 0.0246904 0.047348 0.772033
0 0.4499 0.573635 0.0237941 0.0562538 0.755481
0 0.246184 0.709901 0.0381467 0.0774281 0.875038
0 0.570029 0.345784 0.0297357 0.0668519 0.825622
0 0.38431 0.575532 0.0273351 0.0619392 0.805237
0 0.449987 0.572889 0.0274074 0.0603606 0.8044
0 0.499608 0.905147 0.0377598 0.0714878 0.802679
0 0.470487 0.0850605 0.0332566 0.0622717 0.789304
0 0.315614 0.209916 0.0357365 0.0718122 0.788675
0 0.599111 0.639211 0.0264647 0.0659146 0.783281
0 0.760584 0.659471 0.0325403 0.0694308 0.779213
0 0.227603 0.22668 0.0368312 0.0715526 0.767227
0 0.572684 0.229424 0.0268224 0.0503614 0.720809
0 0.246611 0.71052 0.0356277 0.0736094 0.807695
0 0.570233 0.345086 0.0286888 0.0617839 0.798813
0 0.38417 0.57701 0.0270067 0.0597987 0.778053
0 0.499195 0.905927 0.0352123 0.0698581 0.777475
0 0.760571 0.660395 0.0311849 0.0672539 0.770041
0 0.598661 0.640743 0.0258588 0.0622559 0.769681
0 0.449364 0.573905 0.0268669 0.0580766 0.767735
0 0.315217 0.210715 0.0342772 0.0694688 0.760706
0 0.227886 0.227482 0.0350034 0.0711959 0.75951
0 0.470521 0.0866151 0.0318101 0.0597484 0.747787
0 0.5725 0.23017 0.0265393 0.0511888 0.694057
0 0.5033 0.709941 0.0337968 0.0795162 0.214563
0 0.247255 0.711003 0.0358628 0.0747952 0.811794
0 0.57091 0.344783 0.0293079 0.0619266 0.799394
0 0.761269 0.661832 0.031064 0.0684213 0.79183
0 0.316089 0.210289 0.036408 0.0743981 0.780859
0 0.500046 0.905623 0.0355578 0.0703372 0.77873
0 0.385252 0.578366 0.0279435 0.0590001 0.775926
0 0.450782 0.57376 0.0289108 0.0581177 0.772831
0 0.471089 0.087672 0.0321183 0.0590372 0.769876
0 0.228387 0.227967 0.0356215 0.0705166 0.766129
0 0.599251 0.641277 0.0271305 0.0636412 0.751702
0 0.573412 0.231058 0.0278416 0.0526947 0.680442
0 0.246735 0.711722 0.0343907 0.0704953 0.808859
0 0.570623 0.344827 0.028554 0.0594624 0.790493
0 0.499503 0.905282 0.0336079 0.0677308 0.777324
0 0.760893 0.660762 0.0295638 0.0652537 0.774417
0 0.471005 0.0887121 0.0305012 0.0557181 0.765941
0 0.384998 0.578504 0.0269243 0.0562239 0.765307
0 0.228131 0.227094 0.0336462 0.0649692 0.76291
0 0.31618 0.211939 0.0348371 0.0744131 0.76071
0 0.450145 0.573934 0.0271712 0.0576369 0.747465
0 0.598891 0.640998 0.0262792 0.0612593 0.733594
0 0.573073 0.230463 0.0263809 0.0501405 0.684236
0 0.247096 0.712028 0.0347153 0.0704166 0.88239
0 0.761548 0.660038 0.0312285 0.0671852 0.84786
0 0.570477 0.345599 0.0282778 0.0595672 0.838081
0 0.470476 0.0868536 0.0309568 0.0592202 0.832266
0 0.450447 0.572815 0.0278848 0.0578611 0.819475
0 0.500306 0.904353 0.0361525 0.0685367 0.815655
0 0.385355 0.577233 0.0274155 0.0592043 0.807214
0 0.228526 0.226744 0.0345776 0.0676471 0.799883
0 0.599578 0.639929 0.0269921 0.0639616 0.781485
0 0.31625 0.209537 0.035692 0.0725294 0.779895
0 0.573334 0.230342 0.0257856 0.0521652 0.7646
0 0.503386 0.708708 0.0343569 0.0772486 0.167866
0 0.24681 0.712811 0.0364298 0.0726956 0.873939
0 0.569811 0.345209 0.0299211 0.0617359 0.797119
0 0.450414 0.573233 0.0287711 0.0569897 0.792381
0 0.384418 0.578083 0.0282785 0.0602664 0.791317
0 0.46984 0.0870154 0.0323067 0.0607899 0.789095
0 0.499795 0.904817 0.0368892 0.0693834 0.788295
0 0.761267 0.660478 0.032666 0.0671715 0.769171
0 0.228034 0.227824 0.0352495 0.0701977 0.765237
0 0.599572 0.639867 0.0283029 0.0662175 0.752071
0 0.315535 0.208652 0.0360987 0.0745319 0.74233
0 0.573031 0.230056 0.0273783 0.0533885 0.740533
0 0.247504 0.712346 0.0366009 0.0742006 0.908479
0 0.570398 0.344874 0.029657 0.0623677 0.844797
0 0.500369 0.905359 0.0354932 0.0671134 0.835425
0 0.470955 0.0885214 0.0309487 0.058426 0.824729
0 0.384957 0.57892 0.028058 0.0581408 0.815515
0 0.228219 0.229467 0.0341592 0.0703835 0.811121
0 0.315668 0.208458 0.0349314 0.0728465 0.809361
0 0.599762 0.639808 0.0288219 0.0632187 0.798688
0 0.573216 0.230093 0.027259 0.0531507 0.784565
0 0.451014 0.574308 0.0288043 0.0542594 0.762164
0 0.246974 0.711555 0.0380965 0.0760844 0.87328
0 0.499859 0.905141 0.0358835 0.0687607 0.801557
0 0.315879 0.206543 0.0355041 0.0779255 0.7942
0 0.570511 0.345575 0.0293368 0.0618714 0.791086
0 0.470964 0.0879867 0.0311699 0.0594744 0.765908
0 0.599068 0.63987 0.0295113 0.0656651 0.75965
0 0.227623 0.227804 0.0352062 0.0687073 0.756944
0 0.385334 0.578027 0.028283 0.0591522 0.755635
0 0.573274 0.229817 0.0273746 0.0528101 0.73212
0 0.450401 0.574085 0.0298089 0.0574191 0.704474
0 0.246969 0.710661 0.0359837 0.0706792 0.905654
0 0.449716 0.572933 0.0291798 0.0583528 0.849907
0 0.570286 0.34497 0.027989 0.0588726 0.848431
0 0.499433 0.904031 0.0343717 0.0670124 0.846237
0 0.47068 0.0864638 0.0293928 0.0589259 0.838192
0 0.38427 0.576486 0.0275461 0.0583069 0.837592
0 0.598469 0.638138 0.029016 0.0651075 0.812285
0 0.227596 0.225711 0.0353145 0.0668113 0.811864
0 0.572536 0.228695 0.025823 0.052158 0.80631
0 0.315428 0.20746 0.0355965 0.0695779 0.795995
0 0.247442 0.712073 0.0363349 0.0728757 0.889608
0 0.450432 0.573862 0.0299908 0.0602823 0.828238
0 0.38481 0.577763 0.028333 0.059397 0.809941
0 0.570638 0.345778 0.0288766 0.0600484 0.808986
0 0.470802 0.0863125 0.0307553 0.0616263 0.805585
0 0.500245 0.904677 0.0357987 0.0685266 0.798092
0 0.573759 0.229869 0.0265689 0.0515863 0.779159
0 0.599549 0.638265 0.0283706 0.065755 0.776944
0 0.316017 0.209597 0.035975 0.0743945 0.772907
0 0.228148 0.227572 0.0352195 0.0715553 0.770989
0 0.761644 0.660214 0.0324413 0.0667049 0.733145
0 0.247212 0.711198 0.0366005 0.0733862 0.871093
0 0.384221 0.579096 0.027535 0.0562385 0.833321
0 0.598652 0.638649 0.0281501 0.0653223 0.831975
0 0.498708 0.904851 0.0340034 0.0670964 0.822848
0 0.470947 0.0870613 0.0306354 0.057991 0.81682
0 0.450366 0.574412 0.0284395 0.0563262 0.814002
0 0.227107 0.226842 0.0354325 0.0672605 0.807421
0 0.57264 0.228497 0.026741 0.051051 0.805174
0 0.569936 0.344862 0.0291179 0.0591533 0.795856
0 0.760328 0.660935 0.0302898 0.0631848 0.795813
0 0.314712 0.208278 0.0358234 0.0721846 0.791547
0 0.24691 0.709702 0.0360451 0.0693809 0.846173
0 0.38454 0.578525 0.0271997 0.055676 0.799396
0 0.49871 0.90497 0.0336869 0.0661705 0.79893
0 0.45018 0.573992 0.0278741 0.0548307 0.798524
0 0.471167 0.0867593 0.0303327 0.0568576 0.797102
0 0.598633 0.639013 0.0273104 0.0650447 0.788922
0 0.228135 0.227321 0.0349559 0.0677914 0.783349
0 0.570369 0.344007 0.0286747 0.0565525 0.763913
0 0.572861 0.228617 0.0259029 0.0505804 0.763762
0 0.315925 0.20647 0.0356434 0.0706779 0.757468
0 0.761258 0.661099 0.0304415 0.0612555 0.756551
0 0.24651 0.711659 0.0369972 0.0766607 0.851177
0 0.470505 0.0875519 0.0310215 0.0618263 0.813122
0 0.570599 0.345687 0.0293304 0.0611143 0.80517
0 0.384784 0.578573 0.0291665 0.0604841 0.800179
0 0.449627 0.574297 0.0291276 0.0591509 0.796376
0 0.499001 0.907961 0.0361359 0.0749275 0.794335
0 0.227789 0.230578 0.036397 0.0724387 0.781513
0 0.598659 0.640858 0.0307352 0.0710358 0.769227
0 0.315763 0.208048 0.0372881 0.0710683 0.765789
0 0.760832 0.662203 0.0323207 0.0692454 0.755215
0 0.573117 0.230272 0.02731 0.0564351 0.754996
0 0.501926 0.711163 0.0373663 0.083854 0.232864
0 0.247328 0.710342 0.0354711 0.0712735 0.857005
0 0.471191 0.0865041 0.0289516 0.0595703 0.81928
0 0.571005 0.345001 0.0276262 0.0594071 0.805339
0 0.385131 0.576763 0.0282125 0.0582472 0.799337
0 0.449874 0.57313 0.0286136 0.0582391 0.788175
0 0.57308 0.229475 0.0262099 0.0535897 0.787946
0 0.227823 0.228021 0.0353002 0.0687034 0.779822
0 0.498705 0.905216 0.0334182 0.06956 0.772468
0 0.598344 0.639376 0.0289252 0.0668095 0.762768
0 0.315567 0.207924 0.0354569 0.069935 0.753792
0 0.76086 0.660642 0.0305808 0.065673 0.752718
0 0.385175 0.577828 0.0287882 0.0600129 0.870768
0 0.247234 0.710719 0.0372017 0.0738697 0.868802
0 0.4711 0.0871217 0.0298991 0.0585806 0.852095
0 0.572667 0.230025 0.0272452 0.0518001 0.841069
0 0.449364 0.574024 0.0287278 0.0609706 0.817275
0 0.571011 0.346092 0.0285156 0.0602206 0.814301
0 0.498983 0.905887 0.0349562 0.0696319 0.811093
0 0.31526 0.208966 0.0365465 0.0730175 0.804767
0 0.598518 0.639854 0.0290626 0.0646158 0.800591
0 0.227288 0.229172 0.0354697 0.0698776 0.796319
0 0.760775 0.661681 0.0320061 0.0666924 0.781956
0 0.503122 0.71149 0.0376546 0.086268 0.577038
0 0.493266 0.556317 0.0369438 0.0980527 0.139234
0 0.247358 0.710825 0.0362824 0.0713371 0.835388
0 0.384943 0.577473 0.0279756 0.0593925 0.832793
0 0.470953 0.0868015 0.0304211 0.0592736 0.819834
0 0.572433 0.229792 0.0269164 0.0521335 0.806265
0 0.498358 0.905697 0.0331115 0.0675773 0.779537
0 0.314766 0.208458 0.0360703 0.0712139 0.779014
0 0.570933 0.345617 0.0286462 0.0600547 0.773912
0 0.449085 0.573995 0.0275922 0.058711 0.772163
0 0.598179 0.639075 0.0279993 0.0625999 0.771563
0 0.227098 0.227064 0.0356742 0.0652357 0.769101
0 0.760725 0.660858 0.0314319 0.0646205 0.766186
0 0.503242 0.709867 0.0371745 0.0844653 0.221893
0 0.24674 0.711106 0.0355731 0.0716102 0.854233
0 0.38501 0.577102 0.0273233 0.057043 0.836117
0 0.470141 0.0875446 0.0317474 0.0590257 0.822803
0 0.314627 0.208591 0.0359482 0.0702862 0.817244
0 0.572364 0.229402 0.0267996 0.0515897 0.812079
0 0.570486 0.344622 0.0288289 0.0594218 0.808454
0 0.449173 0.573293 0.0269294 0.0571085 0.806677
0 0.597892 0.640606 0.0272366 0.0609703 0.803718
0 0.226913 0.228656 0.0349595 0.066601 0.798812
0 0.49722 0.905275 0.0329889 0.0678195 0.798533
0 0.75981 0.662307 0.0307754 0.0645578 0.785788
0 0.246986 0.712086 0.0361429 0.0744704 0.837147
0 0.385139 0.577434 0.0280323 0.0583642 0.802114
0 0.470068 0.0881063 0.0325741 0.0607134 0.795715
0 0.572924 0.230263 0.0270764 0.0527768 0.775205
0 0.497504 0.905517 0.033933 0.0706902 0.771339
0 0.314799 0.209619 0.0359089 0.0720825 0.769148
0 0.449547 0.573403 0.0268587 0.0577834 0.768422
0 0.598353 0.641705 0.0271527 0.0609177 0.758865
0 0.5705 0.345436 0.0295892 0.061936 0.753899
0 0.227405 0.230783 0.0353426 0.0704499 0.751761
0 0.760257 0.66347 0.0311301 0.0685549 0.745
0 0.246904 0.709799 0.0372004 0.0758571 0.854049
0 0.385134 0.576305 0.0272844 0.0575566 0.816743
0 0.470041 0.0864092 0.0321771 0.0608335 0.81231
0 0.598563 0.639709 0.026942 0.0625561 0.809957
0 0.497787 0.903398 0.0334755 0.0674543 0.805646
0 0.314609 0.209065 0.0346141 0.0735794 0.805469
0 0.573173 0.229495 0.0266606 0.0538691 0.802551
0 0.44993 0.572947 0.0268485 0.0567759 0.802326
0 0.227199 0.228915 0.0342429 0.0698348 0.790872
0 0.760701 0.660797 0.0294468 0.0673406 0.78815
0 0.570564 0.344538 0.0289713 0.0608777 0.780326
0 0.24714 0.711536 0.0367048 0.0734625 0.854479
0 0.498172 0.905041 0.0330179 0.0691988 0.816211
0 0.470552 0.0870268 0.0325157 0.0596512 0.811988
0 0.315253 0.21009 0.0345609 0.0705935 0.803795
0 0.598514 0.639937 0.027405 0.0616434 0.803658
0 0.385245 0.576922 0.0276904 0.0570853 0.802031
0 0.450022 0.573566 0.0277059 0.0563442 0.800485
0 0.760689 0.662311 0.0296447 0.0670866 0.798325
0 0.571116 0.344211 0.0290693 0.058934 0.790836
0 0.573319 0.2312 0.0272606 0.051962 0.789237
0 0.227304 0.2286 0.0343236 0.066482 0.774794
0 0.246859 0.711674 0.0373308 0.0764888 0.890697
0 0.315135 0.208906 0.0361759 0.0753738 0.854466
0 0.498527 0.905601 0.0340068 0.0710914 0.853168
0 0.470147 0.0869669 0.0331134 0.061872 0.845794
0 0.449758 0.573801 0.0293634 0.0581799 0.845529
0 0.760561 0.662488 0.0306106 0.0697701 0.841468
0 0.384704 0.577245 0.0292513 0.0605916 0.840413
0 0.598348 0.638821 0.0288606 0.0653534 0.833803
0 0.227605 0.230148 0.0367042 0.0735625 0.82299
0 0.570984 0.344158 0.0299932 0.0603519 0.822293
0 0.573457 0.230698 0.0282423 0.0544952 0.820363
0 0.247079 0.712377 0.0349961 0.0740201 0.863054
0 0.470682 0.0883687 0.0304133 0.058716 0.822966
0 0.598776 0.639468 0.0271584 0.0641845 0.818222
0 0.384903 0.578815 0.0276125 0.0583576 0.81751
0 0.315241 0.209801 0.0339897 0.0721395 0.816089
0 0.449781 0.574258 0.0279182 0.0587191 0.815721
0 0.498641 0.906224 0.0313427 0.0691716 0.814029
0 0.760884 0.663347 0.0291254 0.068231 0.809518
0 0.57112 0.345357 0.0286186 0.0599563 0.801295
0 0.227688 0.231173 0.0343118 0.0720549 0.786757
0 0.573412 0.231298 0.0264478 0.0528122 0.781034
0 0.246873 0.710795 0.0368048 0.0731231 0.837943
0 0.450312 0.572876 0.0297054 0.0585714 0.826201
0 0.599198 0.638337 0.0280998 0.064742 0.823661
0 0.38494 0.577385 0.0284547 0.0577252 0.807433
0 0.761136 0.660766 0.0307077 0.0646499 0.798108
0 0.499211 0.90392 0.0345742 0.0680365 0.791876
0 0.314978 0.208458 0.0357425 0.0718761 0.78416
0 0.571059 0.344348 0.029267 0.0596545 0.779898
0 0.573643 0.230256 0.0268301 0.0552327 0.775026
0 0.47046 0.0877504 0.0314077 0.0579482 0.774031
0 0.227377 0.227364 0.034871 0.0674357 0.773653
0 0.450275 0.573541 0.0292129 0.0603369 0.846548
0 0.247541 0.711443 0.0359508 0.0741072 0.844121
0 0.599273 0.639003 0.0281302 0.0655005 0.837658
0 0.385 0.577897 0.028447 0.0589273 0.829804
0 0.761263 0.661109 0.0305657 0.0659088 0.824715
0 0.571292 0.344942 0.0287784 0.0602278 0.814983
0 0.499508 0.904561 0.0346511 0.0696731 0.809098
0 0.227418 0.227989 0.034343 0.0681555 0.804471
0 0.314871 0.209025 0.0351395 0.071752 0.802845
0 0.573695 0.23072 0.0266331 0.0548058 0.798435
0 0.471034 0.0883239 0.030526 0.0580404 0.78349
0 0.226388 0.226722 0.0348123 0.0690176 0.825998
0 0.449501 0.573568 0.0289882 0.0604127 0.81321
0 0.598549 0.638796 0.0283274 0.0658543 0.807776
0 0.247379 0.711709 0.0364889 0.0786267 0.793807
0 0.570367 0.34501 0.0292737 0.0609919 0.792816
0 0.384492 0.578424 0.0290411 0.0598603 0.791819
0 0.497723 0.905461 0.0334083 0.0717134 0.787374
0 0.760385 0.66164 0.0304666 0.0685334 0.785618
0 0.314248 0.209905 0.034639 0.0705127 0.774101
0 0.470775 0.088573 0.0313387 0.0591173 0.751993
0 0.573334 0.230919 0.0272145 0.0544781 0.741436
0 0.571248 0.345089 0.0293992 0.0606969 0.878929
0 0.247874 0.711875 0.0363604 0.0791279 0.871394
0 0.449704 0.573551 0.0285366 0.0588673 0.870179
0 0.76086 0.661955 0.0301846 0.0676004 0.869313
0 0.227876 0.229638 0.0354535 0.0710216 0.866323
0 0.498061 0.90588 0.033179 0.0717314 0.865733
0 0.315044 0.209065 0.0349191 0.0699373 0.8644
0 0.599052 0.640501 0.0276907 0.0652141 0.856515
0 0.384908 0.578441 0.0291745 0.0605187 0.851469
0 0.471405 0.0883434 0.0313387 0.0596458 0.835633
0 0.573624 0.232175 0.0268832 0.0562135 0.79937
0 0.57113 0.345001 0.0287209 0.0599345 0.875561
0 0.247765 0.711692 0.0370591 0.0792209 0.872096
0 0.761034 0.661844 0.0304036 0.0668046 0.869256
0 0.498846 0.906263 0.0332495 0.072179 0.857692
0 0.598798 0.639655 0.0286659 0.0667108 0.854316
0 0.227671 0.229141 0.035658 0.071192 0.849284
0 0.449572 0.574813 0.0282127 0.0595133 0.844424
0 0.385066 0.578567 0.0281865 0.0613456 0.842053
0 0.471492 0.087872 0.0306722 0.0594875 0.840476
0 0.314807 0.20946 0.0352938 0.0718581 0.836892
0 0.573594 0.231465 0.0274207 0.0563435 0.835135
0 0.571009 0.344996 0.0286748 0.0575757 0.873882
0 0.761239 0.660604 0.0305141 0.0633909 0.860092
0 0.247452 0.710524 0.0374505 0.0767833 0.857405
0 0.449687 0.57467 0.0285132 0.0598428 0.853684
0 0.499122 0.905602 0.0339343 0.069871 0.851351
0 0.598831 0.63941 0.0285158 0.0642278 0.847037
0 0.384851 0.578394 0.0282084 0.0598393 0.843229
0 0.471523 0.087645 0.0303935 0.0574324 0.839631
0 0.227845 0.228621 0.036233 0.0686336 0.839054
0 0.573402 0.230887 0.0271493 0.0532058 0.836734
0 0.314939 0.210051 0.0357383 0.070714 0.821543
0 0.572548 0.23118 0.0268959 0.0503194 0.834045
0 0.570626 0.345184 0.0278802 0.0563294 0.830422
0 0.4984 0.90547 0.0321073 0.0676566 0.829576
0 0.449434 0.573724 0.0269086 0.0566309 0.827258
0 0.38433 0.577047 0.0274194 0.0576893 0.826632
0 0.598658 0.640894 0.0269499 0.0612209 0.818774
0 0.471164 0.0873212 0.030314 0.0568222 0.810708
0 0.761262 0.659513 0.0297275 0.0612308 0.80859
0 0.246805 0.710897 0.0357064 0.0736606 0.794089
0 0.227556 0.22885 0.0345087 0.0660175 0.792786
0 0.314846 0.209262 0.0341299 0.0668321 0.771993
0 0.572931 0.230196 0.0283077 0.0549742 0.854599
0 0.384277 0.577133 0.0285025 0.0620853 0.854575
0 0.499155 0.905826 0.0346573 0.0718333 0.842008
0 0.598914 0.639559 0.0286499 0.0685308 0.837175
0 0.448827 0.573404 0.0277077 0.0588889 0.831789
0 0.470829 0.0868357 0.031966 0.0606214 0.82837
0 0.57028 0.344677 0.0288134 0.0600753 0.825163
0 0.760478 0.660524 0.0304185 0.0676896 0.818404
0 0.314303 0.208884 0.0363104 0.0725054 0.817996
0 0.227285 0.230082 0.0374696 0.0741034 0.816631
0 0.246864 0.711759 0.0377963 0.0797437 0.802457
0 0.573452 0.231931 0.0272528 0.0537498 0.833097
0 0.384674 0.578244 0.02782 0.060517 0.830953
0 0.499691 0.906847 0.0319222 0.0691252 0.830136
0 0.599292 0.640632 0.0274124 0.0641778 0.814372
0 0.227567 0.230032 0.0358701 0.0705867 0.812122
0 0.471434 0.0881736 0.0315856 0.0585845 0.80573
0 0.314964 0.208457 0.0346772 0.0681722 0.805405
0 0.449191 0.574322 0.027201 0.057974 0.801651
0 0.761012 0.661635 0.0294294 0.0663046 0.801451
0 0.570664 0.345164 0.0285476 0.0595469 0.798742
0 0.247243 0.71292 0.0369869 0.0765471 0.775184
0 0.499405 0.905941 0.0316694 0.0695354 0.840117
0 0.384902 0.578297 0.028082 0.0618217 0.835081
0 0.59934 0.639255 0.0280014 0.0668521 0.827327
0 0.573556 0.230916 0.0278504 0.0547499 0.823859
0 0.760669 0.660361 0.0311906 0.0645787 0.822352
0 0.227861 0.22892 0.0374161 0.0718485 0.819648
0 0.315212 0.208202 0.0359397 0.0712039 0.817441
0 0.471434 0.087627 0.0319237 0.0588228 0.816274
0 0.570658 0.345121 0.0294437 0.0600958 0.808591
0 0.449354 0.574446 0.0275823 0.0597245 0.806356
0 0.246886 0.710804 0.0387129 0.0793834 0.805764
0 0.247151 0.710175 0.0380435 0.077236 0.835593
0 0.760639 0.658822 0.0312346 0.0648024 0.810059
0 0.57038 0.345406 0.0288745 0.0601998 0.806089
0 0.498923 0.904527 0.0327906 0.0688084 0.801715
0 0.38489 0.577476 0.0280407 0.0612426 0.800789
0 0.448751 0.574265 0.0283277 0.0597164 0.794915
0 0.573002 0.230647 0.0274581 0.0534842 0.793217
0 0.470808 0.0871844 0.0323637 0.059014 0.785495
0 0.227641 0.228009 0.0372812 0.0708328 0.784577
0 0.59916 0.638593 0.0276456 0.0643879 0.780733
0 0.315106 0.208923 0.0361156 0.0728926 0.778954
0 0.247572 0.710562 0.0375781 0.0751186 0.869698
0 0.761095 0.659396 0.0311737 0.0649935 0.846881
0 0.59904 0.639724 0.0269094 0.0608312 0.837194
0 0.498814 0.905087 0.0327276 0.0670028 0.831897
0 0.227555 0.229508 0.0368193 0.0714262 0.830501
0 0.384504 0.578335 0.0280476 0.0591959 0.82897
0 0.314959 0.210145 0.0349977 0.0724499 0.824754
0 0.570448 0.34604 0.0285349 0.0607521 0.820126
0 0.449322 0.574773 0.0279402 0.0581471 0.816277
0 0.470844 0.0877168 0.0318029 0.0574621 0.809722
0 0.573405 0.23082 0.0278535 0.0507878 0.805797
0 0.227015 0.228098 0.0369058 0.0719655 0.850391
0 0.314355 0.208286 0.0349452 0.0727356 0.848921
0 0.59884 0.638859 0.0285017 0.0636788 0.844077
0 0.760626 0.660627 0.0324044 0.0671564 0.833268
0 0.498471 0.904402 0.0338261 0.066203 0.832102
0 0.44898 0.573814 0.0281892 0.0571747 0.822986
0 0.384136 0.577137 0.0285862 0.0592526 0.819952
0 0.247539 0.711317 0.0374454 0.0755624 0.818749
0 0.573179 0.229768 0.0294419 0.0539378 0.81361
0 0.570118 0.345191 0.0292968 0.0621208 0.805435
0 0.47096 0.0870808 0.0325688 0.0592335 0.764642
0 0.227186 0.229715 0.0360835 0.0708464 0.846911
0 0.598962 0.640531 0.0279057 0.0628441 0.834995
0 0.314692 0.208661 0.0336038 0.068675 0.834993
0 0.498586 0.905961 0.0331976 0.0662942 0.833873
0 0.760631 0.662381 0.032131 0.0681802 0.828165
0 0.247531 0.71226 0.0364385 0.0760942 0.820153
0 0.57299 0.230636 0.0290133 0.0555775 0.814904
0 0.449017 0.574006 0.0275596 0.0561615 0.808017
0 0.384364 0.578076 0.0284738 0.0582506 0.806547
0 0.570403 0.345562 0.0291259 0.0616354 0.804704
0 0.471063 0.0888217 0.0320293 0.0580789 0.764493
0 0.503611 0.708006 0.0312901 0.0687296 0.149824
0 0.246491 0.710432 0.0379541 0.0795174 0.810717
0 0.498196 0.906884 0.032533 0.0695655 0.800506
0 0.760451 0.663565 0.0335369 0.0713683 0.793098
0 0.57277 0.231838 0.0290757 0.0556289 0.790565
0 0.3844 0.579794 0.0283345 0.0600122 0.77914
0 0.449327 0.574619 0.0281321 0.0577351 0.77533
0 0.598573 0.640387 0.0283264 0.0629776 0.771775
0 0.227716 0.229766 0.0382556 0.0716717 0.769169
0 0.470537 0.0887771 0.0318212 0.0576825 0.7624
0 0.570472 0.345489 0.0294534 0.0623034 0.75979
0 0.314732 0.209401 0.035253 0.0716959 0.756064
0 0.247128 0.709999 0.0370568 0.0779866 0.836173
0 0.498558 0.906027 0.0321337 0.0701739 0.807742
0 0.760968 0.662854 0.0326896 0.0715098 0.80045
0 0.573232 0.23171 0.0286357 0.0545665 0.800315
0 0.384718 0.578812 0.0276587 0.0605556 0.797149
0 0.449841 0.574532 0.027002 0.0581523 0.783894
0 0.470985 0.0881185 0.0313179 0.0572967 0.781689
0 0.598894 0.640882 0.0273618 0.060894 0.779538
0 0.570715 0.345474 0.028568 0.0621878 0.776962
0 0.315129 0.209772 0.0354635 0.0717761 0.762896
0 0.228175 0.229197 0.0371089 0.0718741 0.757497
0 0.247117 0.710157 0.03769 0.0798488 0.871011
0 0.760995 0.662725 0.033828 0.0751703 0.842507
0 0.384317 0.577909 0.0281931 0.0638979 0.837024
0 0.449912 0.574245 0.0272033 0.060686 0.834423
0 0.471205 0.0872652 0.0324603 0.0599659 0.82715
0 0.573061 0.232846 0.0286621 0.0568358 0.827049
0 0.498454 0.906355 0.0338094 0.0730842 0.824832
0 0.598958 0.640486 0.0279236 0.0664512 0.818654
0 0.570731 0.345348 0.0294716 0.0635647 0.817232
0 0.315271 0.20935 0.0353861 0.073834 0.80841
0 0.227856 0.230058 0.0365412 0.0777086 0.785852
0 0.247036 0.709699 0.0375855 0.0778069 0.835936
0 0.760776 0.662991 0.0334966 0.073048 0.804324
0 0.450101 0.574113 0.0262506 0.0554101 0.797048
0 0.384724 0.577073 0.0275086 0.0589992 0.795315
0 0.471618 0.0868421 0.0322872 0.0558978 0.790731
0 0.570796 0.345227 0.0296645 0.0610594 0.788724
0 0.598864 0.64057 0.0273986 0.0643466 0.785586
0 0.573132 0.233389 0.0281108 0.0558218 0.776348
0 0.49878 0.905084 0.0326858 0.0658894 0.774965
0 0.227336 0.22968 0.0381445 0.0760785 0.764376
0 0.315161 0.208683 0.0345942 0.0735504 0.75042
0 0.247435 0.711159 0.0349622 0.0747104 0.878006
0 0.571237 0.345739 0.0290906 0.0599149 0.871216
0 0.598643 0.641174 0.0276123 0.0640418 0.854133
0 0.384987 0.578323 0.0270751 0.0589094 0.853075
0 0.761288 0.663055 0.0317788 0.0707245 0.848806
0 0.449766 0.574367 0.0263757 0.0563112 0.844068
0 0.471851 0.0880253 0.0308752 0.0571686 0.841103
0 0.499483 0.906722 0.0321024 0.0683855 0.833194
0 0.573301 0.232956 0.0266625 0.053548 0.831619
0 0.315389 0.209867 0.0353245 0.0717272 0.829622
0 0.228194 0.230565 0.0366164 0.0743217 0.827497
0 0.598611 0.640631 0.0270344 0.0666679 0.834244
0 0.247055 0.710509 0.0351968 0.0750792 0.831991
0 0.570876 0.345325 0.0298015 0.0615787 0.827036
0 0.384845 0.579078 0.0268889 0.0609255 0.823491
0 0.228144 0.22996 0.0379711 0.072832 0.82067
0 0.499953 0.906717 0.0336312 0.0712427 0.818162
0 0.572998 0.231553 0.0273799 0.0552967 0.817966
0 0.449846 0.574897 0.0268756 0.0576082 0.817658
0 0.31547 0.209697 0.0360674 0.0717456 0.806747
0 0.760984 0.662708 0.0317296 0.0720487 0.803101
0 0.470934 0.0882549 0.0322349 0.0582583 0.797835
0 0.598655 0.640289 0.0264703 0.063546 0.853681
0 0.227818 0.228164 0.0357722 0.0656447 0.843641
0 0.572758 0.230841 0.0261515 0.0549363 0.836242
0 0.38455 0.578077 0.0264216 0.0570539 0.836036
0 0.449381 0.57463 0.0250765 0.0554454 0.829399
0 0.50003 0.905437 0.0328449 0.0657652 0.826722
0 0.315415 0.209046 0.034648 0.0681906 0.824258
0 0.570629 0.344412 0.0281639 0.0586205 0.816078
0 0.247686 0.711764 0.0334827 0.071709 0.802213
0 0.760718 0.661856 0.0296809 0.0656282 0.798336
0 0.471471 0.0889144 0.0298948 0.0556589 0.794703
0 0.59877 0.63992 0.0275077 0.0639817 0.889193
0 0.572799 0.230268 0.0269738 0.0559 0.878335
0 0.384355 0.577514 0.0272071 0.0571663 0.874557
0 0.227497 0.227974 0.0366294 0.0671628 0.874176
0 0.449906 0.57429 0.025793 0.0552709 0.865274
0 0.499872 0.905015 0.0339324 0.0669656 0.864487
0 0.315215 0.208604 0.0354346 0.0698843 0.864197
0 0.57024 0.344255 0.0286819 0.0598965 0.857537
0 0.247898 0.712523 0.0347415 0.0746215 0.844351
0 0.760993 0.661467 0.0312431 0.0676289 0.843454
0 0.471097 0.0887376 0.0311078 0.0566996 0.834519
0 0.598934 0.639943 0.028047 0.064863 0.826671
0 0.384542 0.577504 0.0289197 0.059181 0.822835
0 0.573089 0.230649 0.0278626 0.0559485 0.820941
0 0.228053 0.229646 0.0383773 0.0721641 0.814055
0 0.450449 0.574573 0.0269708 0.0560338 0.810373
0 0.24769 0.712992 0.0364006 0.0753857 0.810094
0 0.49988 0.905575 0.0349598 0.0693014 0.804075
0 0.315749 0.209072 0.0368641 0.0723638 0.799587
0 0.570185 0.344788 0.0292938 0.0596703 0.797425
0 0.761271 0.661363 0.0322704 0.0699198 0.795579
0 0.470476 0.0879159 0.0320888 0.0578007 0.778018
0 0.22807 0.233259 0.0343328 0.071095 0.838352
0 0.59945 0.640952 0.0274354 0.0644364 0.833108
0 0.570492 0.345529 0.0288832 0.0589905 0.828629
0 0.24803 0.713246 0.0360083 0.0744142 0.825311
0 0.385253 0.578298 0.028536 0.0598751 0.818838
0 0.573839 0.231606 0.0278792 0.0545989 0.808021
0 0.500408 0.906468 0.0335579 0.0692139 0.800137
0 0.450621 0.575038 0.0261558 0.0561444 0.798865
0 0.470793 0.0878476 0.0312472 0.0573555 0.797625
0 0.761282 0.663132 0.0291016 0.065705 0.79671
0 0.316264 0.209959 0.0352854 0.0701567 0.776846
0 0.571145 0.345586 0.0284021 0.0590787 0.839478
0 0.248188 0.712754 0.0360324 0.0744055 0.835079
0 0.599491 0.640231 0.0283219 0.066938 0.821084
0 0.47128 0.0871865 0.0308775 0.0589774 0.811565
0 0.385103 0.577505 0.0293015 0.0608455 0.807015
0 0.761722 0.662382 0.0307143 0.0715117 0.806464
0 0.228119 0.229837 0.0367609 0.0742184 0.801766
0 0.499894 0.906499 0.0333058 0.069833 0.795695
0 0.450615 0.573513 0.0277739 0.0562929 0.789984
0 0.315878 0.209538 0.0351099 0.071401 0.788854
0 0.57408 0.230224 0.0291208 0.055844 0.788173
0 0.571521 0.346259 0.0282661 0.0586991 0.849923
0 0.248329 0.713933 0.0349601 0.0724811 0.844741
0 0.471534 0.0878987 0.0304839 0.0575927 0.829252
0 0.385227 0.578438 0.0294471 0.0602764 0.825403
0 0.59928 0.640574 0.0278035 0.0644015 0.823155
0 0.761678 0.663761 0.030296 0.0700601 0.822697
0 0.22842 0.231177 0.036295 0.0727836 0.810018
0 0.499839 0.906841 0.0331475 0.0683113 0.806097
0 0.316154 0.210348 0.0346626 0.0706892 0.800378
0 0.450597 0.574229 0.0277309 0.0559436 0.795267
0 0.574441 0.23157 0.0280807 0.0555626 0.782723
0 0.247526 0.710271 0.0353897 0.073477 0.880523
0 0.598674 0.63891 0.028255 0.066329 0.873779
0 0.570886 0.345352 0.0290866 0.0604827 0.870654
0 0.384529 0.577429 0.0288907 0.0609355 0.866323
0 0.498858 0.905614 0.0328936 0.0687628 0.854986
0 0.470701 0.0868791 0.0306848 0.0583991 0.854935
0 0.760767 0.662622 0.0310765 0.0704423 0.850178
0 0.573226 0.228558 0.0285627 0.0580845 0.845902
0 0.449922 0.57413 0.0268776 0.0571362 0.838848
0 0.22759 0.229762 0.0371923 0.0750326 0.832627
0 0.315275 0.209161 0.0347466 0.0738947 0.8258
0 0.598644 0.639726 0.0288309 0.0667514 0.852629
0 0.24736 0.71134 0.0360412 0.0732266 0.843811
0 0.384587 0.577568 0.029694 0.0609567 0.840831
0 0.570815 0.346135 0.0299158 0.0603686 0.839024
0 0.498818 0.906487 0.0332912 0.0691663 0.830072
0 0.449955 0.574668 0.0269459 0.0576734 0.827625
0 0.57314 0.229552 0.0287344 0.0580651 0.824793
0 0.227552 0.229926 0.03724 0.073994 0.82381
0 0.760534 0.663404 0.032093 0.071372 0.817487
0 0.470642 0.0873887 0.03171 0.0577599 0.815945
0 0.314845 0.209357 0.0345319 0.0735304 0.799294
0 0.571355 0.345752 0.0300699 0.0590927 0.866809
0 0.247935 0.710089 0.0366086 0.0722683 0.866433
0 0.385122 0.577147 0.0296505 0.0572662 0.863685
0 0.500147 0.906367 0.0344893 0.0676073 0.856877
0 0.599008 0.639976 0.0285551 0.0649597 0.856503
0 0.761287 0.663436 0.0327864 0.0691633 0.851898
0 0.450732 0.574143 0.0283614 0.0559531 0.849079
0 0.471363 0.087099 0.0317801 0.056056 0.844674
0 0.228043 0.229602 0.0361714 0.0709104 0.839419
0 0.315797 0.20831 0.0344261 0.071236 0.823523
0 0.573132 0.229725 0.0285814 0.0562794 0.821501
0 0.247545 0.710586 0.0365198 0.0740428 0.843056
0 0.384659 0.57672 0.0286359 0.0586339 0.841964
0 0.450037 0.573751 0.0268403 0.056919 0.836892
0 0.571109 0.345105 0.029616 0.0601812 0.835857
0 0.760747 0.662159 0.0321507 0.0709308 0.830386
0 0.499195 0.906252 0.0330121 0.0688497 0.828905
0 0.598209 0.640183 0.0293803 0.0656611 0.827931
0 0.470875 0.0870876 0.0316581 0.0575086 0.825331
0 0.227317 0.227576 0.0366783 0.071075 0.803183
0 0.572746 0.230015 0.0279248 0.0582393 0.797183
0 0.314959 0.207698 0.0347827 0.074581 0.78784
0 0.385176 0.577415 0.0275593 0.0570897 0.819256
0 0.248348 0.712043 0.0354461 0.072302 0.818192
0 0.571605 0.345075 0.0286992 0.0595754 0.818118
0 0.45021 0.574396 0.025354 0.0555785 0.811439
0 0.761173 0.662726 0.0312845 0.0697421 0.80856
0 0.598688 0.640726 0.0279994 0.0629096 0.796977
0 0.471685 0.0876159 0.0309892 0.0569548 0.793867
0 0.499578 0.906692 0.0316491 0.0669551 0.790256
0 0.228537 0.231865 0.0358922 0.0745039 0.769399
0 0.573203 0.231693 0.0264153 0.0555835 0.76069
0 0.315668 0.207941 0.0349781 0.0750099 0.749288
0 0.385027 0.577249 0.0282848 0.057621 0.860832
0 0.571324 0.34516 0.0294371 0.0598238 0.858354
0 0.449982 0.57453 0.0259367 0.0558257 0.852049
0 0.248233 0.712133 0.0361531 0.0729136 0.850311
0 0.761118 0.66252 0.0322007 0.070848 0.845503
0 0.598601 0.640443 0.0288233 0.0629544 0.8403
0 0.471488 0.0875782 0.0317441 0.0567871 0.837102
0 0.499801 0.906578 0.0337365 0.0683699 0.832936
0 0.227924 0.22873 0.0374707 0.0712753 0.812772
0 0.315617 0.207945 0.0362909 0.0753041 0.802296
0 0.573061 0.231558 0.026996 0.0551755 0.800155
0 0.449466 0.574048 0.0250612 0.0556867 0.837154
0 0.384565 0.57628 0.0280665 0.0589516 0.83695
0 0.760678 0.662049 0.0322983 0.0722823 0.83108
0 0.570636 0.345532 0.0292698 0.0599262 0.828893
0 0.247483 0.711587 0.0355328 0.0726741 0.819362
0 0.598418 0.639643 0.0292172 0.0646815 0.818101
0 0.470744 0.0874315 0.0312692 0.0566916 0.810615
0 0.498679 0.905597 0.032824 0.068393 0.807505
0 0.227469 0.22859 0.0365401 0.0713547 0.804742
0 0.31483 0.207925 0.0352864 0.0727694 0.79918
0 0.572661 0.231173 0.0270112 0.0554243 0.762018
0 0.385017 0.576119 0.0286119 0.0605491 0.863507
0 0.450031 0.574046 0.0255535 0.0564269 0.856884
0 0.761315 0.662363 0.0333973 0.0751836 0.856266
0 0.571048 0.34588 0.0292951 0.0603952 0.843756
0 0.247906 0.712754 0.0358049 0.0750347 0.840708
0 0.599119 0.63975 0.02955 0.0663642 0.839407
0 0.228042 0.229623 0.0369713 0.0748025 0.837518
0 0.49986 0.906182 0.0344829 0.0716944 0.837381
0 0.471214 0.0877041 0.0316351 0.0575688 0.836488
0 0.315413 0.207938 0.035779 0.0746471 0.835833
0 0.573371 0.231763 0.0271915 0.0532584 0.778907
0 0.627935 0.571043 0.122077 0.25794 0.186885
0 0.385041 0.577094 0.0290591 0.060797 0.856633
0 0.450098 0.574167 0.0263957 0.0553767 0.854469
0 0.570837 0.345746 0.0297237 0.0609395 0.852828
0 0.760777 0.662725 0.0329466 0.0739142 0.850794
0 0.599207 0.639764 0.0287197 0.0669009 0.850452
0 0.227223 0.230817 0.0358105 0.0743604 0.841543
0 0.498946 0.906597 0.0330938 0.0703307 0.836083
0 0.247574 0.713415 0.0362626 0.0752323 0.82957
0 0.314732 0.208349 0.0348923 0.0724913 0.82614
0 0.470854 0.0881172 0.0317623 0.0565275 0.825035
0 0.573351 0.232026 0.0279472 0.0560449 0.816801
0 0.385226 0.576998 0.0297114 0.061382 0.863745
0 0.761227 0.662221 0.032487 0.0741462 0.852659
0 0.450462 0.573806 0.0276255 0.0562525 0.848554
0 0.571052 0.345647 0.0298778 0.061355 0.840901
0 0.499255 0.906507 0.0328268 0.0716325 0.835267
0 0.247822 0.712785 0.0362242 0.0759087 0.834432
0 0.471694 0.0886108 0.031529 0.0575875 0.833722
0 0.599283 0.639608 0.0289056 0.0668696 0.833231
0 0.573567 0.231658 0.028257 0.0567928 0.825757
0 0.227856 0.230743 0.0365058 0.0739768 0.822831
0 0.315346 0.208765 0.0356886 0.0723379 0.802619
0 0.384749 0.57717 0.0289263 0.0594945 0.866092
0 0.760883 0.661918 0.0311104 0.0703866 0.858439
0 0.471192 0.0887047 0.0306612 0.0556587 0.849744
0 0.570646 0.345722 0.0292854 0.0599919 0.849441
0 0.44957 0.573924 0.0265903 0.0565491 0.845431
0 0.247324 0.712782 0.0346031 0.07301 0.845224
0 0.598736 0.64017 0.0275319 0.0634795 0.838533
0 0.572854 0.231661 0.0275007 0.0545934 0.836384
0 0.498774 0.906571 0.031754 0.0692078 0.831621
0 0.227943 0.230581 0.0363876 0.072124 0.816656
0 0.315486 0.209271 0.035989 0.0721166 0.805171
0 0.384908 0.577639 0.0288494 0.061529 0.873921
0 0.760978 0.662904 0.0310044 0.0720318 0.867486
0 0.598839 0.640531 0.0271065 0.0641327 0.863291
0 0.570874 0.345954 0.0289829 0.0604909 0.860029
0 0.471316 0.0888533 0.0304607 0.0561108 0.852119
0 0.247716 0.712936 0.0347738 0.0748827 0.845313
0 0.449874 0.573868 0.0264917 0.0585751 0.843022
0 0.573304 0.231758 0.0276027 0.0562649 0.83995
0 0.499325 0.906942 0.0321025 0.0716663 0.833657
0 0.228216 0.231197 0.0363816 0.0745374 0.831227
0 0.315789 0.209556 0.0359883 0.0736841 0.820427
