0 0.406418 0.423536 0.162878 0.140943 0.497538
0 0.383222 0.400997 0.115022 0.0999915 0.19311
0 0.356653 0.543254 0.0485103 0.0712239 0.134054
0 0.385992 0.431684 0.12688 0.169458 0.970203
0 0.37371 0.543585 0.0853599 0.0757251 0.188603
0 0.386262 0.427803 0.126492 0.168588 0.998173
0 0.400041 0.542461 0.0274709 0.0425946 0.117347
0 0.383309 0.420055 0.120228 0.150452 0.618117
0 0.509501 0.734439 0.0448144 0.140938 0.162511
0 0.401092 0.540587 0.0314616 0.0450586 0.127313
0 0.381812 0.423915 0.117492 0.156365 0.98197
0 0.379696 0.417398 0.117349 0.141968 0.996072
0 0.38161 0.418065 0.119091 0.146391 0.586673
0 0.338615 0.104754 0.0335579 0.0369707 0.130852
0 0.383529 0.422877 0.128274 0.148686 0.971978
0 0.377725 0.422815 0.107215 0.142149 0.892001
0 0.34152 0.104003 0.0248712 0.0348585 0.246265
0 0.358408 0.538454 0.0310877 0.0283157 0.100517
0 0.382477 0.421931 0.121038 0.140432 0.862624
0 0.384444 0.416872 0.117204 0.135829 0.972751
0 0.380043 0.43038 0.11084 0.165219 0.830537
0 0.510472 0.731248 0.0442056 0.137026 0.263241
0 0.335194 0.105346 0.0376487 0.0404109 0.22076
0 0.378443 0.420909 0.112555 0.145372 0.93053
0 0.510744 0.730371 0.0440826 0.135835 0.270164
0 0.400549 0.542999 0.029611 0.0403603 0.187957
0 0.38096 0.42078 0.118681 0.146834 0.727461
0 0.422702 0.411941 0.0911078 0.141919 0.329305
0 0.404608 0.53323 0.0363984 0.0260673 0.104446
0 0.381418 0.424341 0.114478 0.148326 0.92281
0 0.425823 0.412528 0.0887837 0.142855 0.239347
0 0.401154 0.43808 0.160119 0.194853 0.944687
0 0.484268 0.734246 0.114531 0.149524 0.212648
0 0.402891 0.532662 0.0336079 0.0248245 0.125931
0 0.385657 0.416869 0.119251 0.142728 0.699981
0 0.387681 0.420603 0.120005 0.150059 0.830932
0 0.383189 0.420992 0.119064 0.151994 0.671155
0 0.380512 0.417163 0.116469 0.140987 0.928823
0 0.412243 0.401624 0.113123 0.119733 0.132802
0 0.380787 0.420926 0.124041 0.155012 0.984343
0 0.473001 0.729945 0.127738 0.151357 0.228155
0 0.381525 0.418253 0.122778 0.149199 0.64129
0 0.378908 0.418404 0.112091 0.137008 0.925232
0 0.477462 0.73221 0.114747 0.141517 0.239089
0 0.376859 0.415926 0.119741 0.13706 0.885389
0 0.475478 0.734067 0.119679 0.14426 0.13335
0 0.380701 0.416417 0.113509 0.142231 0.893413
0 0.378338 0.416416 0.108163 0.141087 0.862054
0 0.378808 0.417425 0.106262 0.140717 0.892498
0 0.379463 0.418125 0.106505 0.141841 0.853001
0 0.380253 0.416647 0.114368 0.141389 0.954482
0 0.380622 0.418101 0.117354 0.140552 0.827994
0 0.37904 0.416463 0.108129 0.130533 0.821831
0 0.379044 0.418652 0.111677 0.138245 0.931877
0 0.379962 0.416608 0.110929 0.13854 0.798603
0 0.381636 0.417052 0.120672 0.142852 0.885575
0 0.381539 0.416522 0.112637 0.131803 0.842511
0 0.379333 0.417949 0.114481 0.138344 0.79957
0 0.379938 0.41715 0.11291 0.135114 0.806531
0 0.509787 0.692433 0.0434361 0.0545569 0.233759
0 0.380168 0.419242 0.114729 0.138046 0.821075
0 0.377538 0.418397 0.113022 0.13925 0.909481
0 0.511028 0.690452 0.0423681 0.0506837 0.20253
0 0.378217 0.419552 0.11562 0.140236 0.891935
0 0.511516 0.710546 0.0446426 0.090675 0.343023
0 0.379677 0.418695 0.113946 0.139126 0.859523
0 0.511469 0.717706 0.0452177 0.108 0.469845
0 0.484572 0.731035 0.101908 0.136935 0.253378
0 0.380283 0.415356 0.107443 0.135863 0.792096
0 0.480408 0.731897 0.110745 0.137949 0.209388
0 0.510953 0.719779 0.0457 0.112349 0.200635
0 0.378728 0.417319 0.112612 0.140021 0.841006
0 0.511119 0.71201 0.0441913 0.0956976 0.304833
0 0.481403 0.730852 0.106357 0.135794 0.132005
0 0.378083 0.417926 0.110883 0.138447 0.834656
0 0.511185 0.700803 0.0432811 0.0736413 0.149281
0 0.38051 0.415351 0.112576 0.136953 0.862043
0 0.377821 0.415481 0.115116 0.137003 0.83786
0 0.378136 0.414164 0.111142 0.130369 0.841032
0 0.379406 0.415404 0.111133 0.131697 0.86738
0 0.381252 0.416918 0.104739 0.134703 0.887264
0 0.378389 0.419348 0.109835 0.142203 0.801287
0 0.379575 0.417826 0.109107 0.139926 0.882224
0 0.378966 0.419167 0.108848 0.141453 0.822245
0 0.377697 0.420715 0.109094 0.138479 0.885814
0 0.378071 0.42062 0.107158 0.136518 0.86052
0 0.380663 0.419832 0.114832 0.139604 0.855056
0 0.481245 0.731198 0.111975 0.142795 0.169063
0 0.381086 0.419517 0.114456 0.137646 0.883569
0 0.379101 0.419013 0.112688 0.140404 0.872983
0 0.379984 0.419116 0.107818 0.142964 0.871933
0 0.379758 0.416839 0.113788 0.141838 0.886262
0 0.380265 0.417121 0.10875 0.138268 0.870256
0 0.379788 0.416079 0.112097 0.136733 0.881521
0 0.380586 0.417893 0.117235 0.142163 0.831642
0 0.380687 0.417268 0.114902 0.138698 0.891764
0 0.381592 0.417999 0.117345 0.140323 0.852634
0 0.380514 0.41811 0.110867 0.139604 0.911673
0 0.380605 0.417449 0.108806 0.136565 0.877751
0 0.378737 0.417712 0.111839 0.135947 0.909423
0 0.379042 0.417632 0.109061 0.131945 0.854794
0 0.378104 0.418263 0.10749 0.131252 0.858107
0 0.378598 0.418431 0.110446 0.13483 0.850078
0 0.378807 0.418181 0.111785 0.135151 0.85713
0 0.380027 0.418816 0.110581 0.135458 0.831646
0 0.380337 0.418243 0.117495 0.140224 0.930805
0 0.380792 0.416912 0.117054 0.142606 0.904762
0 0.379627 0.417509 0.110547 0.139473 0.918147
0 0.381954 0.418572 0.107909 0.137976 0.892684
0 0.380497 0.416737 0.110876 0.139143 0.864255
0 0.38088 0.417722 0.115508 0.140949 0.861953
0 0.379747 0.41907 0.119586 0.141666 0.903556
0 0.381418 0.419446 0.116137 0.139493 0.916676
0 0.380897 0.417486 0.117555 0.138015 0.827263
0 0.379937 0.416609 0.113514 0.137641 0.904609
0 0.380011 0.418963 0.114909 0.143347 0.904018
0 0.380325 0.420342 0.11682 0.143275 0.908937
0 0.380193 0.418178 0.115291 0.136212 0.88674
0 0.379809 0.417608 0.117824 0.141815 0.902068
0 0.37963 0.419208 0.114102 0.137128 0.879287
0 0.509054 0.688494 0.0388148 0.0452706 0.109068
0 0.379524 0.419384 0.116 0.14102 0.890223
0 0.509115 0.689382 0.0400428 0.0496142 0.107801
0 0.380366 0.416903 0.112366 0.137305 0.881091
0 0.379521 0.417775 0.111398 0.13521 0.901731
0 0.379311 0.419041 0.115458 0.138783 0.88817
0 0.511479 0.691028 0.0432082 0.051644 0.113588
0 0.381072 0.419803 0.113194 0.136344 0.900055
0 0.511156 0.690725 0.0417125 0.048944 0.357532
0 0.381099 0.417995 0.113452 0.140631 0.884454
0 0.380357 0.417171 0.110501 0.136548 0.886201
0 0.379801 0.41737 0.113494 0.138819 0.889948
0 0.379953 0.418349 0.114527 0.141365 0.873133
0 0.379633 0.418965 0.107835 0.135671 0.904819
0 0.379268 0.418555 0.109685 0.13631 0.877051
0 0.509852 0.690799 0.0409011 0.0481939 0.121125
0 0.378485 0.417536 0.114555 0.139744 0.899202
0 0.37913 0.417102 0.114534 0.140677 0.91632
0 0.38073 0.416379 0.112886 0.138505 0.853552
0 0.379585 0.417764 0.1146 0.141758 0.891016
0 0.377874 0.417119 0.117074 0.144596 0.9046
0 0.512013 0.693094 0.0460049 0.0533759 0.136123
0 0.379029 0.418961 0.116378 0.141429 0.891365
0 0.512886 0.693759 0.0462068 0.0519992 0.149936
0 0.379787 0.41802 0.111093 0.140854 0.874158
0 0.512626 0.693326 0.0450017 0.0533076 0.356323
0 0.38073 0.418965 0.110161 0.14001 0.847756
0 0.512236 0.694246 0.0438917 0.0536116 0.503695
0 0.37926 0.418894 0.108591 0.138219 0.911059
0 0.511903 0.693869 0.0427932 0.0507742 0.692905
0 0.377319 0.41885 0.110945 0.140522 0.906247
0 0.51152 0.69356 0.0429944 0.0525292 0.588199
0 0.378375 0.417144 0.109745 0.13632 0.887633
0 0.512073 0.693606 0.0436167 0.051499 0.322736
0 0.379048 0.416984 0.107458 0.140319 0.904788
0 0.512147 0.693508 0.0452212 0.0531449 0.34278
0 0.378619 0.41722 0.104634 0.139505 0.861889
0 0.511959 0.692684 0.0444794 0.0520713 0.152462
0 0.380034 0.416419 0.110523 0.141261 0.898962
0 0.378739 0.416022 0.112093 0.137881 0.892058
0 0.380233 0.415932 0.109942 0.135795 0.876991
0 0.380272 0.416857 0.110198 0.137984 0.879162
0 0.37948 0.418956 0.113286 0.140433 0.881714
